0.0 0.000210709695239
0.000122080247416 -7.20658354112e-05
0.000244160494832 -0.000941146630794
0.000366240742248 -0.000420238473453
0.000488320989664 -0.000525551615283
0.00061040123708 -0.00136450573336
0.000732481484496 -0.00172310869675
0.000854561731912 -0.00144471472595
0.000976641979328 -0.000931684393436
0.00109872222674 -0.00118442857638
0.00122080247416 -0.00139970972668
0.00134288272158 -0.0013553671306
0.00146496296899 -0.00131050019991
0.00158704321641 -0.00130345474463
0.00170912346382 -0.00170366547536
0.00183120371124 -0.00205218000337
0.00195328395866 -0.00196439027786
0.00207536420607 -0.00161775900051
0.00219744445349 -0.00149405444972
0.0023195247009 -0.00174801039975
0.00244160494832 -0.00138246198185
0.00256368519574 -0.000324123539031
0.00268576544315 -0.000244595779805
0.00280784569057 -0.000337993609719
0.00292992593798 4.873295984e-05
0.0030520061854 -0.000659940007608
0.00317408643282 -0.00113968271762
0.00329616668023 -0.000461977731902
0.00341824692765 -0.000339133024681
0.00354032717506 -0.000335314456606
0.00366240742248 -0.000399304612074
0.0037844876699 -0.000231201178394
0.00390656791731 0.000218339409912
0.00402864816473 -4.3053918489e-05
0.00415072841214 -0.000468082987936
0.00427280865956 -0.000467903679237
0.00439488890697 -0.000433405977674
0.00451696915439 -0.000285131216515
0.00463904940181 -0.000574339064769
0.00476112964922 -0.000248173251748
0.00488320989664 -0.000212879269384
0.00500529014405 -0.000887145404704
0.00512737039147 -0.000793039449491
0.00524945063889 -0.000582755543292
0.0053715308863 -0.00130633148365
0.00549361113372 -0.00175522500649
0.00561569138113 -0.00120024220087
0.00573777162855 -0.000420002557803
0.00585985187597 -0.000278242514469
0.00598193212338 -9.09240116016e-05
0.0061040123708 -6.80017474224e-05
0.00622609261821 -0.000108259555418
0.00634817286563 0.000673730683047
0.00647025311305 0.000206568060094
0.00659233336046 0.000180218237801
0.00671441360788 0.00047918324708
0.00683649385529 5.02615694131e-05
0.00695857410271 0.0007464553928
0.00708065435013 0.000761328323279
0.00720273459754 0.000532356905751
0.00732481484496 0.000719172181562
0.00744689509237 0.000518916524015
0.00756897533979 0.000281939137494
0.00769105558721 0.000584106892347
0.00781313583462 0.000626422581263
0.00793521608204 0.000775323715061
0.00805729632945 0.000565607857425
0.00817937657687 0.000107302897959
0.00830145682429 0.000759861024562
0.0084235370717 0.000521846523043
0.00854561731912 -0.000261730514467
0.00866769756653 -0.000797517132014
0.00878977781395 -0.000882674823515
0.00891185806137 -0.001235253294
0.00903393830878 -0.00199031294324
0.0091560185562 -0.00162100384478
0.00927809880361 -0.000778301036917
0.00940017905103 -0.00112366082612
0.00952225929845 -0.00198801606894
0.00964433954586 -0.00170555070508
0.00976641979328 -0.00160405389033
0.00988850004069 -0.00201263534836
0.0100105802881 -0.00181900674943
0.0101326605355 -0.0014819947537
0.0102547407829 -0.00134796695784
0.0103768210304 -0.00125044351444
0.0104989012778 -0.00118962384295
0.0106209815252 -0.00103918241803
0.0107430617726 -0.000874554447364
0.01086514202 -0.0010479768971
0.0109872222674 -0.000766654033214
0.0111093025149 -0.000528445700184
0.0112313827623 -0.000149310566485
0.0113534630097 0.000278223509667
0.0114755432571 0.000360082427505
0.0115976235045 0.000476633606013
0.0117197037519 9.9906741525e-05
0.0118417839993 0.000353531504516
0.0119638642468 0.000779247551691
0.0120859444942 0.000830016797408
0.0122080247416 0.0011538201943
0.012330104989 0.00107236334588
0.0124521852364 0.000287546776235
0.0125742654838 0.000414038309827
0.0126963457313 0.00057914777426
0.0128184259787 0.000172312313225
0.0129405062261 0.000309433613438
0.0130625864735 8.68152783369e-05
0.0131846667209 0.000141036667628
0.0133067469683 0.000700479373336
0.0134288272158 -0.000296070473269
0.0135509074632 -2.838743967e-06
0.0136729877106 0.000584097986575
0.013795067958 -0.000103091384517
0.0139171482054 0.000248410942731
0.0140392284528 0.000258675718214
0.0141613087003 -9.12029354367e-05
0.0142833889477 -0.000255356833804
0.0144054691951 -0.000142489239806
0.0145275494425 6.14829841652e-05
0.0146496296899 -8.63995592226e-05
0.0147717099373 0.000104667087726
0.0148937901847 0.000191826999071
0.0150158704322 -0.000367387314327
0.0151379506796 -0.000226417090744
0.015260030927 0.000348478206433
0.0153821111744 0.000336187309586
0.0155041914218 0.000248429132625
0.0156262716692 0.000365275831427
0.0157483519167 -0.000415081682149
0.0158704321641 -0.000441941345343
0.0159925124115 -0.000647687877063
0.0161145926589 -0.00129202194512
0.0162366729063 -0.000853750505485
0.0163587531537 -0.000995005946606
0.0164808334012 -0.000695908267517
0.0166029136486 -0.000304773100652
0.016724993896 -0.000992393819615
0.0168470741434 -0.00103153730743
0.0169691543908 -0.000343457970303
0.0170912346382 -0.000613425159827
0.0172133148857 -0.00041189827607
0.0173353951331 -0.000171339750523
0.0174574753805 -0.000418157811509
0.0175795556279 -0.000216199347051
0.0177016358753 -1.84083874046e-05
0.0178237161227 -0.000336575845722
0.0179457963701 -0.000590818293858
0.0180678766176 -0.000688425614499
0.018189956865 -0.000912502873689
0.0183120371124 -0.00092701066751
0.0184341173598 -0.000848803203553
0.0185561976072 -0.00146613444667
0.0186782778546 -0.00225868611597
0.0188003581021 -0.00229747523554
0.0189224383495 -0.00142007507384
0.0190445185969 -0.00135533860885
0.0191665988443 -0.00165347277652
0.0192886790917 -0.00188120524399
0.0194107593391 -0.00154195807409
0.0195328395866 -0.000975292234216
0.019654919834 -0.00108583900146
0.0197770000814 -0.000871157913934
0.0198990803288 -0.00106414873153
0.0200211605762 -0.000453063257737
0.0201432408236 -2.43960548687e-05
0.0202653210711 -9.84918151516e-05
0.0203874013185 -0.00024616936571
0.0205094815659 -0.00100762699731
0.0206315618133 -0.00122469908092
0.0207536420607 -0.0012768432498
0.0208757223081 -0.000803528819233
0.0209978025555 -0.000656932475977
0.021119882803 -0.00112977984827
0.0212419630504 -0.000636945711449
0.0213640432978 -0.000537173997145
0.0214861235452 -0.000740788062103
0.0216082037926 -0.000165027828189
0.02173028404 0.000421914592152
0.0218523642875 0.000214269559365
0.0219744445349 3.5747293623e-06
0.0220965247823 -4.72994506708e-05
0.0222186050297 0.000518314365763
0.0223406852771 0.000634449592326
0.0224627655245 0.000423920544563
0.022584845772 0.000298298284179
0.0227069260194 0.000134115252877
0.0228290062668 0.000649023102596
0.0229510865142 0.000399922049837
0.0230731667616 8.81467422005e-05
0.023195247009 0.000848109310027
0.0233173272564 0.000961291487329
0.0234394075039 0.000570810865611
0.0235614877513 0.000101877580164
0.0236835679987 3.43629180861e-05
0.0238056482461 9.4345479738e-05
0.0239277284935 0.000204414289328
0.0240498087409 0.00103180296719
0.0241718889884 0.000985719962046
0.0242939692358 0.000178790534846
0.0244160494832 -0.000209084741073
0.0245381297306 -0.000635131960735
0.024660209978 -0.00112896575592
0.0247822902254 -0.00152401986998
0.0249043704729 -0.00190426607151
0.0250264507203 -0.00145236472599
0.0251485309677 -0.00062697759131
0.0252706112151 -0.000787266995758
0.0253926914625 -0.00127038976643
0.0255147717099 -0.00113043084275
0.0256368519574 -0.00130034575704
0.0257589322048 -0.00151774915867
0.0258810124522 -0.00172448775265
0.0260030926996 -0.00189831107855
0.026125172947 -0.00169676658697
0.0262472531944 -0.00120758416597
0.0263693334418 -0.001194236218
0.0264914136893 -0.00135720428079
0.0266134939367 -0.000877651735209
0.0267355741841 -0.000341536506312
0.0268576544315 0.000149244311615
0.0269797346789 0.000173002335941
0.0271018149263 -0.000152587963385
0.0272238951738 -0.00057882553665
0.0273459754212 -0.000623469997663
0.0274680556686 0.000100479752291
0.027590135916 0.000176729154191
0.0277122161634 -0.00017838133499
0.0278342964108 0.000108532069135
0.0279563766583 0.000349989219103
0.0280784569057 0.000452416599728
0.0282005371531 0.000545653980225
0.0283226174005 0.000239465007326
0.0284446976479 7.81144044595e-05
0.0285667778953 0.000428497762186
0.0286888581428 0.000272296805633
0.0288109383902 -0.000561581924558
0.0289330186376 -0.00135127617978
0.029055098885 -0.000998884323053
0.0291771791324 -0.000420805532485
0.0292992593798 -0.000291514734272
0.0294213396272 -0.000677546602674
0.0295434198747 -0.000815690727904
0.0296655001221 -0.000329205679009
0.0297875803695 -0.000366177468095
0.0299096606169 -4.09252752434e-05
0.0300317408643 5.13959312229e-05
0.0301538211117 -0.000926238833927
0.0302759013592 -0.00112760392949
0.0303979816066 -0.000918436329812
0.030520061854 -0.000832189631183
0.0306421421014 -0.000423907884397
0.0307642223488 -8.61340522533e-05
0.0308863025962 1.55408561113e-05
0.0310083828437 0.000269987096544
0.0311304630911 0.000293162156595
0.0312525433385 0.000145040437928
0.0313746235859 0.000574966310523
0.0314967038333 0.00092221039813
0.0316187840807 0.000933789939154
0.0317408643282 0.00142012967262
0.0318629445756 0.00123084255029
0.031985024823 0.000767575402278
0.0321071050704 0.00163697823882
0.0322291853178 0.00159895757679
0.0323512655652 0.00133822218049
0.0324733458126 0.00146136025432
0.0325954260601 0.00153362285346
0.0327175063075 0.00139776454307
0.0328395865549 0.00102020031773
0.0329616668023 0.000956445524935
0.0330837470497 0.000731879321393
0.0332058272971 0.000811436446384
0.0333279075446 0.000480291288113
0.033449987792 -0.000354391231667
0.0335720680394 -0.000916287943255
0.0336941482868 -0.000389281223761
0.0338162285342 -0.000324456603266
0.0339383087816 -0.000302780652419
0.0340603890291 3.95104434574e-05
0.0341824692765 -0.000962938182056
0.0343045495239 -0.00113825849257
0.0344266297713 -0.000509099976625
0.0345487100187 -0.0011270029936
0.0346707902661 -0.00195247062948
0.0347928705136 -0.00218917825259
0.034914950761 -0.00177301443182
0.0350370310084 -0.00159650400747
0.0351591112558 -0.00224039214663
0.0352811915032 -0.001899519586
0.0354032717506 -0.00137634482235
0.035525351998 -0.00210449076258
