1.71 520.00 
1.86 520.00 
1.97 520.00 
2.07 520.00 
2.18 520.00 
2.28 520.00 
2.39 520.00 
2.50 520.00 
2.60 520.00 
2.71 520.00 
2.81 520.00 
2.92 520.00 
3.02 520.00 
3.13 520.00 
3.23 520.00 
3.34 520.00 
3.44 520.00 
3.55 520.00 
3.65 520.00 
3.76 520.00 
3.86 520.00 
3.97 520.00 
4.07 520.00 
4.18 520.00 
4.28 520.00 
4.39 520.00 
4.49 520.00 
4.60 520.00 
4.70 519.00 
4.81 520.00 
4.91 520.00 
5.02 520.00 
5.12 520.00 
5.23 520.00 
5.33 520.00 
5.44 520.00 
5.54 520.00 
5.65 520.00 
5.76 520.00 
5.86 520.00 
5.97 520.00 
6.08 520.00 
6.18 520.00 
6.29 520.00 
6.40 520.00 
6.50 520.00 
6.61 520.00 
6.71 520.00 
6.82 520.00 
6.92 520.00 
7.03 520.00 
7.13 520.00 
7.24 520.00 
7.34 520.00 
7.45 520.00 
7.55 520.00 
7.66 520.00 
7.76 520.00 
7.87 520.00 
7.97 520.00 
8.08 520.00 
8.18 520.00 
8.29 520.00 
8.39 520.00 
8.50 520.00 
8.60 520.00 
8.71 520.00 
8.81 520.00 
8.92 520.00 
9.02 520.00 
9.13 520.00 
9.23 520.00 
9.34 520.00 
9.44 520.00 
9.55 520.00 
9.65 520.00 
9.76 520.00 
9.86 520.00 
9.97 520.00 
10.08 520.00 
10.19 520.00 
10.29 520.00 
10.40 520.00 
10.50 520.00 
10.61 520.00 
10.71 520.00 
10.82 520.00 
10.92 520.00 
11.03 520.00 
11.13 520.00 
11.24 520.00 
11.34 520.00 
11.45 520.00 
11.55 520.00 
11.66 520.00 
11.76 520.00 
11.87 520.00 
11.97 520.00 
12.08 520.00 
12.18 520.00 
12.29 520.00 
12.39 520.00 
12.50 520.00 
12.60 520.00 
12.71 520.00 
12.82 520.00 
12.92 520.00 
13.03 520.00 
13.13 520.00 
13.24 520.00 
13.34 520.00 
13.45 520.00 
13.55 520.00 
13.66 520.00 
13.76 520.00 
13.87 520.00 
13.98 520.00 
14.09 520.00 
14.19 520.00 
14.30 520.00 
14.40 520.00 
14.51 520.00 
14.61 520.00 
14.72 520.00 
14.82 520.00 
14.93 520.00 
15.03 520.00 
15.14 520.00 
15.24 520.00 
15.35 520.00 
15.45 520.00 
15.56 520.00 
15.66 520.00 
15.77 520.00 
15.87 520.00 
15.98 520.00 
16.08 520.00 
16.19 520.00 
16.29 520.00 
16.40 520.00 
16.50 520.00 
16.61 520.00 
16.71 520.00 
16.82 520.00 
16.92 520.00 
17.03 520.00 
17.13 520.00 
17.24 520.00 
17.34 520.00 
17.45 520.00 
17.55 520.00 
17.66 520.00 
17.77 520.00 
17.88 520.00 
17.98 520.00 
18.09 520.00 
18.19 520.00 
18.30 520.00 
18.40 520.00 
18.51 520.00 
18.61 520.00 
18.72 520.00 
18.82 520.00 
18.93 520.00 
19.03 520.00 
19.14 521.00 
19.25 520.00 
19.35 520.00 
19.46 520.00 
19.56 520.00 
19.67 520.00 
19.77 520.00 
19.88 520.00 
19.98 520.00 
20.09 520.00 
20.19 520.00 
20.30 520.00 
20.40 520.00 
20.51 520.00 
20.61 520.00 
20.72 520.00 
20.82 520.00 
20.93 520.00 
21.03 520.00 
21.14 520.00 
21.24 520.00 
21.35 520.00 
21.45 520.00 
21.56 520.00 
21.67 520.00 
21.78 520.00 
21.88 520.00 
21.99 520.00 
22.09 520.00 
22.20 520.00 
22.30 520.00 
22.41 520.00 
22.51 520.00 
22.62 520.00 
22.72 520.00 
22.83 520.00 
22.93 520.00 
23.04 520.00 
23.14 520.00 
23.25 520.00 
23.36 520.00 
23.46 520.00 
23.57 520.00 
23.67 520.00 
23.78 520.00 
23.88 520.00 
23.99 520.00 
24.09 520.00 
24.20 520.00 
24.30 520.00 
24.41 520.00 
24.51 520.00 
24.62 520.00 
24.72 520.00 
24.83 520.00 
24.93 520.00 
25.04 520.00 
25.14 520.00 
25.25 520.00 
25.35 520.00 
25.46 520.00 
25.57 520.00 
25.68 520.00 
25.78 520.00 
25.89 520.00 
25.99 520.00 
26.10 520.00 
26.20 520.00 
26.31 520.00 
26.41 520.00 
26.52 520.00 
26.62 520.00 
26.73 520.00 
26.83 520.00 
26.94 520.00 
27.04 520.00 
27.15 520.00 
27.25 520.00 
27.36 520.00 
27.46 520.00 
27.57 520.00 
27.67 520.00 
27.78 520.00 
27.88 520.00 
27.99 520.00 
28.09 520.00 
28.20 520.00 
28.30 520.00 
28.41 520.00 
28.51 520.00 
28.62 520.00 
28.72 520.00 
28.83 520.00 
28.93 520.00 
29.04 520.00 
29.14 520.00 
29.25 520.00 
29.36 520.00 
29.47 520.00 
29.57 520.00 
29.68 520.00 
29.78 520.00 
29.89 520.00 
29.99 520.00 
30.10 520.00 
30.20 520.00 
30.31 520.00 
30.41 520.00 
30.52 520.00 
30.62 520.00 
30.73 520.00 
30.83 520.00 
30.94 520.00 
31.04 520.00 
31.15 520.00 
31.25 520.00 
31.36 520.00 
31.46 520.00 
31.57 520.00 
31.68 520.00 
31.78 520.00 
31.89 520.00 
31.99 520.00 
32.10 520.00 
32.20 520.00 
32.31 520.00 
32.41 520.00 
32.52 520.00 
32.62 520.00 
32.73 520.00 
32.83 520.00 
32.94 520.00 
33.04 520.00 
33.15 520.00 
33.26 520.00 
33.37 520.00 
33.47 520.00 
33.58 520.00 
33.68 520.00 
33.79 520.00 
33.90 520.00 
34.00 520.00 
34.11 519.00 
34.21 520.00 
34.32 520.00 
34.43 520.00 
34.53 520.00 
34.64 520.00 
34.75 520.00 
34.85 520.00 
34.96 520.00 
35.06 520.00 
35.17 520.00 
35.27 520.00 
35.38 520.00 
35.49 520.00 
35.59 520.00 
35.70 520.00 
35.80 520.00 
35.91 520.00 
36.02 520.00 
36.12 520.00 
36.23 520.00 
36.33 520.00 
36.44 520.00 
36.54 520.00 
36.65 520.00 
36.76 520.00 
36.86 520.00 
36.97 520.00 
37.08 520.00 
37.19 520.00 
37.29 520.00 
37.40 520.00 
37.50 520.00 
37.61 520.00 
37.72 520.00 
37.82 520.00 
37.93 520.00 
38.04 520.00 
38.14 520.00 
38.25 520.00 
38.35 520.00 
38.46 520.00 
38.57 520.00 
38.67 520.00 
38.78 520.00 
38.88 520.00 
38.99 520.00 
39.10 520.00 
39.20 520.00 
39.31 520.00 
39.41 520.00 
39.52 520.00 
39.62 520.00 
39.73 520.00 
39.84 520.00 
39.94 520.00 
40.05 520.00 
40.15 520.00 
40.26 520.00 
40.36 520.00 
40.47 520.00 
40.58 520.00 
40.68 520.00 
40.79 520.00 
40.90 520.00 
41.01 520.00 
41.11 520.00 
41.22 520.00 
41.33 520.00 
41.43 520.00 
41.54 520.00 
41.64 520.00 
41.75 520.00 
41.86 520.00 
41.96 520.00 
42.07 520.00 
42.18 520.00 
42.28 520.00 
42.39 520.00 
42.49 520.00 
42.60 520.00 
42.71 520.00 
42.81 520.00 
42.92 520.00 
43.03 520.00 
43.13 520.00 
43.24 520.00 
43.35 520.00 
43.45 520.00 
43.56 520.00 
43.67 520.00 
43.77 520.00 
43.88 520.00 
43.99 520.00 
44.09 520.00 
44.20 520.00 
44.31 520.00 
44.41 520.00 
44.52 520.00 
44.62 520.00 
44.73 520.00 
44.84 520.00 
44.95 520.00 
45.06 520.00 
45.16 520.00 
45.27 520.00 
45.38 520.00 
45.48 520.00 
45.59 520.00 
45.69 520.00 
45.80 520.00 
45.91 520.00 
46.01 520.00 
46.12 520.00 
46.23 520.00 
46.33 520.00 
46.44 520.00 
46.55 520.00 
46.65 520.00 
46.76 520.00 
46.87 520.00 
46.97 520.00 
47.08 520.00 
47.19 520.00 
47.29 520.00 
47.40 520.00 
47.51 520.00 
47.61 520.00 
47.72 520.00 
47.82 520.00 
47.93 520.00 
48.04 520.00 
48.14 520.00 
48.25 520.00 
48.36 520.00 
48.46 520.00 
48.57 520.00 
48.68 520.00 
48.79 520.00 
48.90 520.00 
49.00 520.00 
49.11 520.00 
49.22 520.00 
49.32 520.00 
49.43 520.00 
49.53 520.00 
49.64 520.00 
49.75 520.00 
49.85 520.00 
49.96 520.00 
50.07 520.00 
50.17 520.00 
50.28 520.00 
50.39 520.00 
50.49 520.00 
50.60 520.00 
50.71 520.00 
50.81 520.00 
50.92 520.00 
51.03 520.00 
51.13 520.00 
51.24 520.00 
51.35 520.00 
51.45 520.00 
51.56 520.00 
51.66 520.00 
51.77 520.00 
51.88 520.00 
51.98 520.00 
52.09 520.00 
52.20 520.00 
52.30 520.00 
52.41 520.00 
52.52 520.00 
52.62 520.00 
52.73 520.00 
52.84 520.00 
52.95 520.00 
53.05 519.00 
53.16 520.00 
53.27 520.00 
53.37 520.00 
53.48 520.00 
53.59 520.00 
53.69 520.00 
53.80 520.00 
53.91 520.00 
54.01 520.00 
54.12 520.00 
54.22 520.00 
54.33 520.00 
54.44 520.00 
54.54 520.00 
54.65 520.00 
54.76 520.00 
54.86 520.00 
54.97 520.00 
55.08 520.00 
55.18 520.00 
55.29 520.00 
55.40 520.00 
55.50 520.00 
55.61 520.00 
55.72 520.00 
55.82 520.00 
55.93 520.00 
56.03 520.00 
56.14 520.00 
56.25 520.00 
56.35 520.00 
56.46 520.00 
56.57 520.00 
56.68 520.00 
56.78 520.00 
56.89 520.00 
57.00 520.00 
57.10 520.00 
57.21 520.00 
57.31 520.00 
57.42 520.00 
57.53 520.00 
57.63 520.00 
57.74 520.00 
57.84 520.00 
57.95 520.00 
58.06 520.00 
58.16 520.00 
58.27 520.00 
58.37 520.00 
58.48 520.00 
58.59 520.00 
58.69 520.00 
58.80 520.00 
58.90 520.00 
59.01 520.00 
59.12 520.00 
59.22 520.00 
59.33 520.00 
59.44 520.00 
59.54 519.00 
59.65 521.00 
59.75 521.00 
59.86 520.00 
59.97 520.00 
60.07 520.00 
60.18 520.00 
60.29 519.00 
60.39 520.00 
60.51 522.00 
60.61 521.00 
60.72 521.00 
60.82 521.00 
60.93 521.00 
61.04 521.00 
61.14 519.00 
61.25 521.00 
61.36 522.00 
61.46 522.00 
61.57 521.00 
61.67 521.00 
61.78 521.00 
61.89 526.00 
61.99 521.00 
62.10 519.00 
62.21 523.00 
62.31 523.00 
62.42 520.00 
62.53 522.00 
62.63 521.00 
62.74 521.00 
62.85 520.00 
62.95 522.00 
63.06 521.00 
63.17 522.00 
63.27 521.00 
63.38 521.00 
63.48 518.00 
63.59 520.00 
63.70 521.00 
63.80 523.00 
63.91 524.00 
64.02 522.00 
64.12 524.00 
64.23 522.00 
64.34 522.00 
64.45 523.00 
64.55 521.00 
64.66 523.00 
64.77 521.00 
64.87 524.00 
64.98 521.00 
65.09 520.00 
65.19 521.00 
65.30 519.00 
65.41 520.00 
65.51 522.00 
65.62 521.00 
65.73 522.00 
65.83 522.00 
65.94 520.00 
66.04 521.00 
66.15 521.00 
66.26 520.00 
66.36 520.00 
66.47 520.00 
66.58 521.00 
66.68 528.00 
66.79 521.00 
66.90 519.00 
67.00 520.00 
67.11 523.00 
67.22 521.00 
67.32 520.00 
67.43 521.00 
67.54 521.00 
67.64 521.00 
67.75 524.00 
67.86 520.00 
67.96 519.00 
68.07 520.00 
68.18 520.00 
68.29 521.00 
68.39 520.00 
68.50 522.00 
68.61 521.00 
68.71 520.00 
68.82 520.00 
68.93 520.00 
69.03 521.00 
69.14 521.00 
69.25 520.00 
69.35 520.00 
69.46 520.00 
69.57 523.00 
69.67 521.00 
69.78 520.00 
69.88 521.00 
69.99 521.00 
70.10 521.00 
70.20 520.00 
70.31 522.00 
70.42 521.00 
70.52 520.00 
70.63 520.00 
70.74 521.00 
70.84 521.00 
70.95 521.00 
71.06 520.00 
71.16 522.00 
71.27 520.00 
71.38 521.00 
71.48 521.00 
71.59 520.00 
71.70 524.00 
71.80 521.00 
71.91 521.00 
72.01 521.00 
72.13 520.00 
72.23 522.00 
72.34 521.00 
72.45 521.00 
72.55 522.00 
72.66 524.00 
72.77 521.00 
72.87 522.00 
72.98 524.00 
73.09 521.00 
73.19 520.00 
73.30 522.00 
73.41 519.00 
73.51 519.00 
73.62 522.00 
73.72 522.00 
73.83 518.00 
73.94 520.00 
74.04 519.00 
74.15 524.00 
74.26 521.00 
74.36 521.00 
74.47 525.00 
74.58 521.00 
74.68 521.00 
74.79 519.00 
74.90 523.00 
75.00 525.00 
75.11 521.00 
75.22 520.00 
75.32 518.00 
75.43 522.00 
75.54 521.00 
75.64 523.00 
75.75 524.00 
75.86 522.00 
75.96 522.00 
76.07 521.00 
76.18 522.00 
76.29 520.00 
76.39 524.00 
76.50 523.00 
76.61 522.00 
76.71 523.00 
76.82 520.00 
76.93 525.00 
77.03 522.00 
77.14 521.00 
77.25 521.00 
77.35 520.00 
77.46 520.00 
77.56 519.00 
77.67 521.00 
77.78 521.00 
77.88 522.00 
77.99 523.00 
78.10 523.00 
78.20 520.00 
78.31 524.00 
78.42 521.00 
78.52 521.00 
78.63 520.00 
78.74 522.00 
78.84 520.00 
78.95 522.00 
79.06 520.00 
79.16 521.00 
79.27 521.00 
79.38 519.00 
79.48 521.00 
79.59 520.00 
79.69 521.00 
79.80 522.00 
79.91 520.00 
80.02 519.00 
80.13 520.00 
80.23 522.00 
80.34 525.00 
80.45 519.00 
80.55 521.00 
80.66 521.00 
80.77 519.00 
80.87 520.00 
80.98 520.00 
81.09 519.00 
81.19 522.00 
81.30 519.00 
81.40 520.00 
81.51 520.00 
81.62 520.00 
81.72 520.00 
81.83 520.00 
81.94 520.00 
82.04 522.00 
82.15 519.00 
82.26 520.00 
82.36 520.00 
82.47 520.00 
82.58 520.00 
82.68 520.00 
82.79 521.00 
82.90 519.00 
83.00 520.00 
83.11 520.00 
83.22 520.00 
83.32 520.00 
83.43 520.00 
83.54 520.00 
83.64 521.00 
83.75 520.00 
83.86 520.00 
83.97 521.00 
84.07 520.00 
84.18 520.00 
84.29 519.00 
84.39 520.00 
84.50 520.00 
84.61 520.00 
84.71 520.00 
84.82 519.00 
84.93 520.00 
85.03 520.00 
85.14 520.00 
85.25 522.00 
85.35 522.00 
85.46 521.00 
85.56 519.00 
85.67 521.00 
85.78 520.00 
85.88 519.00 
85.99 520.00 
86.10 521.00 
86.20 521.00 
86.31 520.00 
86.42 520.00 
86.52 520.00 
86.63 520.00 
86.74 520.00 
86.84 520.00 
86.95 520.00 
87.06 520.00 
87.16 520.00 
87.27 522.00 
87.37 523.00 
87.48 521.00 
87.59 522.00 
87.69 521.00 
87.81 520.00 
87.91 520.00 
88.02 519.00 
88.13 522.00 
88.23 520.00 
88.34 520.00 
88.44 525.00 
88.55 521.00 
88.66 522.00 
88.76 520.00 
88.87 520.00 
88.98 520.00 
89.08 521.00 
89.19 523.00 
89.30 525.00 
89.40 520.00 
89.51 519.00 
89.62 519.00 
89.72 520.00 
89.83 521.00 
89.94 521.00 
90.04 521.00 
90.15 521.00 
90.26 522.00 
90.36 520.00 
90.47 518.00 
90.57 522.00 
90.68 520.00 
90.79 520.00 
90.89 525.00 
91.00 519.00 
91.11 518.00 
91.21 520.00 
91.32 523.00 
91.42 518.00 
91.53 520.00 
91.64 520.00 
91.75 520.00 
91.86 519.00 
91.96 519.00 
92.07 520.00 
92.17 520.00 
92.28 520.00 
92.38 520.00 
92.49 520.00 
92.60 522.00 
92.70 521.00 
92.81 520.00 
92.91 521.00 
93.02 521.00 
93.13 520.00 
93.23 520.00 
93.34 522.00 
93.44 518.00 
93.55 521.00 
93.66 522.00 
93.76 518.00 
93.87 521.00 
93.97 520.00 
94.08 522.00 
94.19 519.00 
94.29 519.00 
94.40 520.00 
94.51 520.00 
94.61 519.00 
94.72 520.00 
94.83 521.00 
94.93 520.00 
95.04 521.00 
95.14 520.00 
95.25 521.00 
95.36 520.00 
95.46 521.00 
95.58 520.00 
95.68 519.00 
95.79 521.00 
95.90 520.00 
96.00 519.00 
96.11 520.00 
96.21 519.00 
96.32 520.00 
96.43 520.00 
96.53 519.00 
96.64 520.00 
96.75 520.00 
96.85 520.00 
96.96 520.00 
97.06 520.00 
97.17 520.00 
97.28 519.00 
97.38 522.00 
97.49 521.00 
97.60 519.00 
97.70 521.00 
97.81 520.00 
97.92 519.00 
98.02 520.00 
98.13 520.00 
98.24 520.00 
98.34 520.00 
98.45 520.00 
98.56 520.00 
98.66 520.00 
98.77 519.00 
98.88 520.00 
98.98 520.00 
99.09 520.00 
99.19 518.00 
99.30 521.00 
99.41 521.00 
99.52 521.00 
99.63 520.00 
99.73 520.00 
99.84 520.00 
99.95 520.00 
100.05 520.00 
100.16 519.00 
100.26 520.00 
100.37 520.00 
100.48 520.00 
100.58 520.00 
100.69 522.00 
100.80 520.00 
100.90 520.00 
101.01 520.00 
101.12 520.00 
101.22 520.00 
101.33 520.00 
101.44 519.00 
101.54 521.00 
101.65 521.00 
101.76 521.00 
101.86 519.00 
101.97 520.00 
102.08 520.00 
102.18 519.00 
102.29 520.00 
102.39 521.00 
102.50 521.00 
102.61 521.00 
102.71 520.00 
102.82 520.00 
102.93 520.00 
103.03 521.00 
103.15 520.00 
103.25 520.00 
103.36 520.00 
103.47 520.00 
103.57 519.00 
103.68 520.00 
103.79 520.00 
103.89 520.00 
104.00 519.00 
104.11 520.00 
104.21 520.00 
104.32 520.00 
104.43 523.00 
104.53 517.00 
104.64 520.00 
104.74 520.00 
104.85 520.00 
104.96 519.00 
105.06 519.00 
105.17 521.00 
105.28 520.00 
105.38 522.00 
105.49 522.00 
105.60 520.00 
105.70 520.00 
105.81 521.00 
105.92 519.00 
106.02 520.00 
106.13 519.00 
106.23 522.00 
106.34 520.00 
106.45 520.00 
106.55 520.00 
106.66 520.00 
106.79 520.00 
106.89 520.00 
107.00 520.00 
107.11 520.00 
107.21 520.00 
107.32 520.00 
107.42 520.00 
107.53 520.00 
107.63 520.00 
107.74 520.00 
107.85 520.00 
107.95 520.00 
108.06 520.00 
108.16 520.00 
108.27 520.00 
108.38 520.00 
108.48 520.00 
108.59 520.00 
108.69 520.00 
108.80 520.00 
108.91 520.00 
109.01 520.00 
109.12 520.00 
109.23 520.00 
109.33 520.00 
109.44 520.00 
109.55 520.00 
109.65 520.00 
109.76 520.00 
109.86 520.00 
109.97 520.00 
110.08 520.00 
110.18 520.00 
110.29 520.00 
110.40 520.00 
110.51 520.00 
110.62 520.00 
110.72 520.00 
110.83 520.00 
110.93 520.00 
111.04 520.00 
111.15 520.00 
111.25 520.00 
111.36 520.00 
111.47 520.00 
111.57 520.00 
111.68 520.00 
111.79 520.00 
111.89 520.00 
112.00 520.00 
112.11 520.00 
112.21 520.00 
112.32 520.00 
112.42 520.00 
112.53 520.00 
112.64 520.00 
112.74 520.00 
112.85 520.00 
112.96 520.00 
113.06 520.00 
113.17 520.00 
113.28 520.00 
113.38 520.00 
113.49 520.00 
113.60 520.00 
113.70 520.00 
113.81 520.00 
113.91 520.00 
