1.75 520.00 
1.90 521.00 
2.01 520.00 
2.11 520.00 
2.22 520.00 
2.32 520.00 
2.43 520.00 
2.53 520.00 
2.64 521.00 
2.74 520.00 
2.85 520.00 
2.95 520.00 
3.06 520.00 
3.16 520.00 
3.27 520.00 
3.37 520.00 
3.48 520.00 
3.58 520.00 
3.69 520.00 
3.79 520.00 
3.90 520.00 
4.01 520.00 
4.11 520.00 
4.22 520.00 
4.32 520.00 
4.43 520.00 
4.53 520.00 
4.64 520.00 
4.74 520.00 
4.84 520.00 
4.95 520.00 
5.05 520.00 
5.16 520.00 
5.27 520.00 
5.37 520.00 
5.48 520.00 
5.58 520.00 
5.69 520.00 
5.79 520.00 
5.90 520.00 
6.01 520.00 
6.11 520.00 
6.22 520.00 
6.32 520.00 
6.43 520.00 
6.53 520.00 
6.64 520.00 
6.74 520.00 
6.85 520.00 
6.96 520.00 
7.06 520.00 
7.17 520.00 
7.27 520.00 
7.38 520.00 
7.48 520.00 
7.59 520.00 
7.69 520.00 
7.80 520.00 
7.90 520.00 
8.01 520.00 
8.11 520.00 
8.22 520.00 
8.32 520.00 
8.43 520.00 
8.53 520.00 
8.64 520.00 
8.74 520.00 
8.85 520.00 
8.95 520.00 
9.06 520.00 
9.16 520.00 
9.27 520.00 
9.37 520.00 
9.48 520.00 
9.58 520.00 
9.69 520.00 
9.79 520.00 
9.90 520.00 
10.00 520.00 
10.12 520.00 
10.22 520.00 
10.33 520.00 
10.43 520.00 
10.54 520.00 
10.64 520.00 
10.75 520.00 
10.85 519.00 
10.96 520.00 
11.06 520.00 
11.17 520.00 
11.27 520.00 
11.38 520.00 
11.48 520.00 
11.59 520.00 
11.69 520.00 
11.80 520.00 
11.90 520.00 
12.01 520.00 
12.11 520.00 
12.22 520.00 
12.32 520.00 
12.43 520.00 
12.53 520.00 
12.64 520.00 
12.75 520.00 
12.85 520.00 
12.96 520.00 
13.06 520.00 
13.17 520.00 
13.27 520.00 
13.38 520.00 
13.48 520.00 
13.59 520.00 
13.69 520.00 
13.80 520.00 
13.90 520.00 
14.02 520.00 
14.12 520.00 
14.23 520.00 
14.33 520.00 
14.44 520.00 
14.54 520.00 
14.65 519.00 
14.75 520.00 
14.86 520.00 
14.96 520.00 
15.07 520.00 
15.17 520.00 
15.28 520.00 
15.38 520.00 
15.49 520.00 
15.59 520.00 
15.70 520.00 
15.80 520.00 
15.91 520.00 
16.01 520.00 
16.12 520.00 
16.22 520.00 
16.33 520.00 
16.43 520.00 
16.54 520.00 
16.64 520.00 
16.75 520.00 
16.85 520.00 
16.96 520.00 
17.06 520.00 
17.17 519.00 
17.27 520.00 
17.38 520.00 
17.49 520.00 
17.59 520.00 
17.70 520.00 
17.81 520.00 
17.92 520.00 
18.02 520.00 
18.13 520.00 
18.23 520.00 
18.34 520.00 
18.44 520.00 
18.55 520.00 
18.65 520.00 
18.76 520.00 
18.86 520.00 
18.97 519.00 
19.07 520.00 
19.18 520.00 
19.28 520.00 
19.39 520.00 
19.49 520.00 
19.60 520.00 
19.70 520.00 
19.81 520.00 
19.91 520.00 
20.02 520.00 
20.12 520.00 
20.23 520.00 
20.33 520.00 
20.44 520.00 
20.54 520.00 
20.65 520.00 
20.75 520.00 
20.86 520.00 
20.96 520.00 
21.07 519.00 
21.17 520.00 
21.28 520.00 
21.38 520.00 
21.49 520.00 
21.59 520.00 
21.71 520.00 
21.81 520.00 
21.92 520.00 
22.02 519.00 
22.13 520.00 
22.23 520.00 
22.34 520.00 
22.44 519.00 
22.55 520.00 
22.65 520.00 
22.76 520.00 
22.86 520.00 
22.97 520.00 
23.07 520.00 
23.18 520.00 
23.28 520.00 
23.39 520.00 
23.49 520.00 
23.60 520.00 
23.70 520.00 
23.81 520.00 
23.91 520.00 
24.02 520.00 
24.12 520.00 
24.23 520.00 
24.34 520.00 
24.44 520.00 
24.55 520.00 
24.65 520.00 
24.76 520.00 
24.86 520.00 
24.97 520.00 
25.07 520.00 
25.18 520.00 
25.28 519.00 
25.39 520.00 
25.49 520.00 
25.59 520.00 
25.70 520.00 
25.81 520.00 
25.91 520.00 
26.02 520.00 
26.12 520.00 
26.23 520.00 
26.33 520.00 
26.44 520.00 
26.54 520.00 
26.65 520.00 
26.75 520.00 
26.86 520.00 
26.96 520.00 
27.07 519.00 
27.17 520.00 
27.28 520.00 
27.38 520.00 
27.49 520.00 
27.59 520.00 
27.70 520.00 
27.80 520.00 
27.91 520.00 
28.01 520.00 
28.12 520.00 
28.22 520.00 
28.33 520.00 
28.43 520.00 
28.54 520.00 
28.64 520.00 
28.75 520.00 
28.85 519.00 
28.96 520.00 
29.06 519.00 
29.17 520.00 
29.27 519.00 
29.39 520.00 
29.49 520.00 
29.60 520.00 
29.70 520.00 
29.81 520.00 
29.91 520.00 
30.02 520.00 
30.12 520.00 
30.23 519.00 
30.33 520.00 
30.44 520.00 
30.54 520.00 
30.65 520.00 
30.75 520.00 
30.86 520.00 
30.96 520.00 
31.07 520.00 
31.17 520.00 
31.28 520.00 
31.38 520.00 
31.49 520.00 
31.59 520.00 
31.70 520.00 
31.80 519.00 
31.91 520.00 
32.02 520.00 
32.12 520.00 
32.23 520.00 
32.33 520.00 
32.44 520.00 
32.54 520.00 
32.65 520.00 
32.75 520.00 
32.86 520.00 
32.96 519.00 
33.07 520.00 
33.17 520.00 
33.29 520.00 
33.39 520.00 
33.50 519.00 
33.60 520.00 
33.71 520.00 
33.81 520.00 
33.92 520.00 
34.03 520.00 
34.13 520.00 
34.24 520.00 
34.34 520.00 
34.45 520.00 
34.56 520.00 
34.66 520.00 
34.77 520.00 
34.88 520.00 
34.98 520.00 
35.09 520.00 
35.19 520.00 
35.30 520.00 
35.41 519.00 
35.51 520.00 
35.62 520.00 
35.72 520.00 
35.83 520.00 
35.94 520.00 
36.04 520.00 
36.15 520.00 
36.25 520.00 
36.36 520.00 
36.46 520.00 
36.57 520.00 
36.68 520.00 
36.78 520.00 
36.89 520.00 
36.99 520.00 
37.11 520.00 
37.21 520.00 
37.32 520.00 
37.43 520.00 
37.53 520.00 
37.64 520.00 
37.74 520.00 
37.85 520.00 
37.95 520.00 
38.06 520.00 
38.17 520.00 
38.27 520.00 
38.38 520.00 
38.48 520.00 
38.59 520.00 
38.70 520.00 
38.80 520.00 
38.91 520.00 
39.02 520.00 
39.12 520.00 
39.23 519.00 
39.33 520.00 
39.44 520.00 
39.55 520.00 
39.65 520.00 
39.76 520.00 
39.87 520.00 
39.97 519.00 
40.08 520.00 
40.19 520.00 
40.29 520.00 
40.40 520.00 
40.51 520.00 
40.61 520.00 
40.72 520.00 
40.82 520.00 
40.93 520.00 
41.05 520.00 
41.16 520.00 
41.27 520.00 
41.37 520.00 
41.48 520.00 
41.58 520.00 
41.69 520.00 
41.79 520.00 
41.90 520.00 
42.01 520.00 
42.11 520.00 
42.22 520.00 
42.33 520.00 
42.43 520.00 
42.54 520.00 
42.65 520.00 
42.75 520.00 
42.86 519.00 
42.96 520.00 
43.07 520.00 
43.18 520.00 
43.28 520.00 
43.39 520.00 
43.50 520.00 
43.60 519.00 
43.71 520.00 
43.82 520.00 
43.92 520.00 
44.03 520.00 
44.14 520.00 
44.24 520.00 
44.35 520.00 
44.46 520.00 
44.56 520.00 
44.67 520.00 
44.78 520.00 
44.89 520.00 
44.99 520.00 
45.10 520.00 
45.21 520.00 
45.31 520.00 
45.42 520.00 
45.52 520.00 
45.63 520.00 
45.74 520.00 
45.84 520.00 
45.95 520.00 
46.06 520.00 
46.16 520.00 
46.27 520.00 
46.38 520.00 
46.48 520.00 
46.59 520.00 
46.70 520.00 
46.80 520.00 
46.91 520.00 
47.02 520.00 
47.12 520.00 
47.23 520.00 
47.34 520.00 
47.44 520.00 
47.55 520.00 
47.65 520.00 
47.76 520.00 
47.87 519.00 
47.97 519.00 
48.08 520.00 
48.19 520.00 
48.29 520.00 
48.40 519.00 
48.51 520.00 
48.61 520.00 
48.72 520.00 
48.83 520.00 
48.94 520.00 
49.04 520.00 
49.15 520.00 
49.26 520.00 
49.36 520.00 
49.47 520.00 
49.58 520.00 
49.68 520.00 
49.79 520.00 
49.90 520.00 
50.00 520.00 
50.11 520.00 
50.22 520.00 
50.32 520.00 
50.43 520.00 
50.54 520.00 
50.64 520.00 
50.75 520.00 
50.86 520.00 
50.96 520.00 
51.07 520.00 
51.18 520.00 
51.28 520.00 
51.39 519.00 
51.49 520.00 
51.60 520.00 
51.71 520.00 
51.81 520.00 
51.92 520.00 
52.03 520.00 
52.13 520.00 
52.24 520.00 
52.35 520.00 
52.45 520.00 
52.56 520.00 
52.67 520.00 
52.77 520.00 
52.87 520.00 
52.98 520.00 
53.09 520.00 
53.19 520.00 
53.30 520.00 
53.40 520.00 
53.51 520.00 
53.62 520.00 
53.72 520.00 
53.83 519.00 
53.93 520.00 
54.04 520.00 
54.15 520.00 
54.25 519.00 
54.36 520.00 
54.46 520.00 
54.57 520.00 
54.68 520.00 
54.78 519.00 
54.89 520.00 
55.00 520.00 
55.10 520.00 
55.21 520.00 
55.32 520.00 
55.42 520.00 
55.53 519.00 
55.63 520.00 
55.74 520.00 
55.85 520.00 
55.96 520.00 
56.06 520.00 
56.17 520.00 
56.27 519.00 
56.38 520.00 
56.49 520.00 
56.60 520.00 
56.71 520.00 
56.81 520.00 
56.92 520.00 
57.03 520.00 
57.13 520.00 
57.24 520.00 
57.34 520.00 
57.45 520.00 
57.56 520.00 
57.66 520.00 
57.77 520.00 
57.88 520.00 
57.98 520.00 
58.09 520.00 
58.20 520.00 
58.30 520.00 
58.41 520.00 
58.52 520.00 
58.62 520.00 
58.73 520.00 
58.83 520.00 
58.94 520.00 
59.05 520.00 
59.15 520.00 
59.26 520.00 
59.37 520.00 
59.47 520.00 
59.58 520.00 
59.69 520.00 
59.79 520.00 
59.90 520.00 
60.01 520.00 
60.11 520.00 
60.22 520.00 
60.33 520.00 
60.43 520.00 
60.54 520.00 
60.65 520.00 
60.76 520.00 
60.86 520.00 
60.97 520.00 
61.08 519.00 
61.18 520.00 
61.29 520.00 
61.40 520.00 
61.50 520.00 
61.61 520.00 
61.72 520.00 
61.82 520.00 
61.93 520.00 
62.04 520.00 
62.14 520.00 
62.25 520.00 
62.36 520.00 
62.46 520.00 
62.57 520.00 
62.67 520.00 
62.78 519.00 
62.89 520.00 
62.99 520.00 
63.10 520.00 
63.21 520.00 
63.31 520.00 
63.42 520.00 
63.53 520.00 
63.63 520.00 
63.74 520.00 
63.85 520.00 
63.95 520.00 
64.06 520.00 
64.16 520.00 
64.27 520.00 
64.38 520.00 
64.49 520.00 
64.60 520.00 
64.70 520.00 
64.81 520.00 
64.92 520.00 
65.02 520.00 
65.13 520.00 
65.24 520.00 
65.34 520.00 
65.45 520.00 
65.56 519.00 
65.66 520.00 
65.77 520.00 
65.87 520.00 
65.98 520.00 
66.09 520.00 
66.19 520.00 
66.30 520.00 
66.41 520.00 
66.51 520.00 
66.62 520.00 
66.73 520.00 
66.83 520.00 
66.94 520.00 
67.05 520.00 
67.15 520.00 
67.26 520.00 
67.37 520.00 
67.47 520.00 
67.58 520.00 
67.69 520.00 
67.79 520.00 
67.90 520.00 
68.00 520.00 
68.11 520.00 
68.22 520.00 
68.33 520.00 
68.44 520.00 
68.54 520.00 
68.65 520.00 
68.76 520.00 
68.86 520.00 
68.97 520.00 
69.08 520.00 
69.18 520.00 
69.29 520.00 
69.40 520.00 
69.50 520.00 
69.61 520.00 
69.71 520.00 
69.82 520.00 
69.93 520.00 
70.04 520.00 
70.14 520.00 
70.25 521.00 
70.35 520.00 
70.46 521.00 
70.57 519.00 
70.67 520.00 
70.78 520.00 
70.89 519.00 
70.99 520.00 
71.10 519.00 
71.21 520.00 
71.31 520.00 
71.42 520.00 
71.53 518.00 
71.63 521.00 
71.74 521.00 
71.84 520.00 
71.95 520.00 
72.06 520.00 
72.17 520.00 
72.28 520.00 
72.38 521.00 
72.49 523.00 
72.60 521.00 
72.70 519.00 
72.81 520.00 
72.92 521.00 
73.02 521.00 
73.13 520.00 
73.24 523.00 
73.34 522.00 
73.45 520.00 
73.55 522.00 
73.66 521.00 
73.77 521.00 
73.87 521.00 
73.98 518.00 
74.09 521.00 
74.19 520.00 
74.30 520.00 
74.41 519.00 
74.51 522.00 
74.62 520.00 
74.73 521.00 
74.83 521.00 
74.94 521.00 
75.05 520.00 
75.15 521.00 
75.26 519.00 
75.37 520.00 
75.47 520.00 
75.58 522.00 
75.68 523.00 
75.79 521.00 
75.90 521.00 
76.00 520.00 
76.12 522.00 
76.22 523.00 
76.33 520.00 
76.44 519.00 
76.54 519.00 
76.65 520.00 
76.76 519.00 
76.86 520.00 
76.97 520.00 
77.08 520.00 
77.18 520.00 
77.29 521.00 
77.39 521.00 
77.50 519.00 
77.61 520.00 
77.71 519.00 
77.82 519.00 
77.93 520.00 
78.03 520.00 
78.14 521.00 
78.25 520.00 
78.35 520.00 
78.46 521.00 
78.57 520.00 
78.67 521.00 
78.78 520.00 
78.89 521.00 
78.99 519.00 
79.10 520.00 
79.21 523.00 
79.31 520.00 
79.42 520.00 
79.52 520.00 
79.63 519.00 
79.74 521.00 
79.84 518.00 
79.95 520.00 
80.05 521.00 
80.16 521.00 
80.27 521.00 
80.37 521.00 
80.48 522.00 
80.58 522.00 
80.69 521.00 
80.80 521.00 
80.90 521.00 
81.01 519.00 
81.11 521.00 
81.22 520.00 
81.33 520.00 
81.43 519.00 
81.54 521.00 
81.64 522.00 
81.75 521.00 
81.86 520.00 
81.96 521.00 
82.07 521.00 
82.18 519.00 
82.28 525.00 
82.39 518.00 
82.50 521.00 
82.60 521.00 
82.71 527.00 
82.81 520.00 
82.92 520.00 
83.03 522.00 
83.13 521.00 
83.24 519.00 
83.35 522.00 
83.45 520.00 
83.56 519.00 
83.67 520.00 
83.77 520.00 
83.89 522.00 
83.99 522.00 
84.10 521.00 
84.20 519.00 
84.31 519.00 
84.42 520.00 
84.52 523.00 
84.63 521.00 
84.74 522.00 
84.84 520.00 
84.95 522.00 
85.05 520.00 
85.16 522.00 
85.27 522.00 
85.37 521.00 
85.48 522.00 
85.59 522.00 
85.69 521.00 
85.80 520.00 
85.91 520.00 
86.01 521.00 
86.12 519.00 
86.23 520.00 
86.33 520.00 
86.44 520.00 
86.55 520.00 
86.65 522.00 
86.76 520.00 
86.86 520.00 
86.97 519.00 
87.08 519.00 
87.18 519.00 
87.29 520.00 
87.40 520.00 
87.50 520.00 
87.61 521.00 
87.72 521.00 
87.83 520.00 
87.94 520.00 
88.04 520.00 
88.15 521.00 
88.26 520.00 
88.36 522.00 
88.47 519.00 
88.58 521.00 
88.68 520.00 
88.79 519.00 
88.89 520.00 
89.00 522.00 
89.11 520.00 
89.21 519.00 
89.32 520.00 
89.43 521.00 
89.53 521.00 
89.64 520.00 
89.75 521.00 
89.85 520.00 
89.96 521.00 
90.07 522.00 
90.17 522.00 
90.28 521.00 
90.39 523.00 
90.49 521.00 
90.60 520.00 
90.70 521.00 
90.81 522.00 
90.92 522.00 
91.02 519.00 
91.13 520.00 
91.24 519.00 
91.34 519.00 
91.45 520.00 
91.56 521.00 
91.67 520.00 
91.78 519.00 
91.88 519.00 
91.99 519.00 
92.10 518.00 
92.20 520.00 
92.31 520.00 
92.42 519.00 
92.52 519.00 
92.63 520.00 
92.73 518.00 
92.84 520.00 
92.95 520.00 
93.05 520.00 
93.16 519.00 
93.27 521.00 
93.37 520.00 
93.48 521.00 
93.59 520.00 
93.69 520.00 
93.80 520.00 
93.91 520.00 
94.01 520.00 
94.12 520.00 
94.23 520.00 
94.33 520.00 
94.44 519.00 
94.54 521.00 
94.65 520.00 
94.76 520.00 
94.86 520.00 
94.97 520.00 
95.08 520.00 
95.18 520.00 
95.29 520.00 
95.40 520.00 
95.50 519.00 
95.62 520.00 
95.72 520.00 
95.83 520.00 
95.94 520.00 
96.04 519.00 
96.15 520.00 
96.26 520.00 
96.36 520.00 
96.47 520.00 
96.57 520.00 
96.68 519.00 
96.79 520.00 
96.89 521.00 
97.00 518.00 
97.11 519.00 
97.21 519.00 
97.32 519.00 
97.43 520.00 
97.53 524.00 
97.64 520.00 
97.75 521.00 
97.85 520.00 
97.96 519.00 
98.07 520.00 
98.17 521.00 
98.28 520.00 
98.38 518.00 
98.49 521.00 
98.60 518.00 
98.70 519.00 
98.81 520.00 
98.92 522.00 
99.02 519.00 
99.13 519.00 
99.24 520.00 
99.34 520.00 
99.46 522.00 
99.56 519.00 
99.67 520.00 
99.78 520.00 
99.88 521.00 
99.99 520.00 
100.10 521.00 
100.20 520.00 
100.31 520.00 
100.41 522.00 
100.52 520.00 
100.63 519.00 
100.73 520.00 
100.84 520.00 
100.95 520.00 
101.05 520.00 
101.16 519.00 
101.27 520.00 
101.37 521.00 
101.48 522.00 
101.59 520.00 
101.69 520.00 
101.80 523.00 
101.91 520.00 
102.01 519.00 
102.12 522.00 
102.22 523.00 
102.33 523.00 
102.44 521.00 
102.54 520.00 
102.65 524.00 
102.76 522.00 
102.86 521.00 
102.97 522.00 
103.08 523.00 
103.19 520.00 
103.30 520.00 
103.40 520.00 
103.51 521.00 
103.62 520.00 
103.72 521.00 
103.83 520.00 
103.94 520.00 
104.04 520.00 
104.15 521.00 
104.25 520.00 
104.36 521.00 
104.47 520.00 
104.57 520.00 
104.68 520.00 
104.79 520.00 
104.89 520.00 
105.00 520.00 
105.11 520.00 
105.21 520.00 
105.32 520.00 
105.43 520.00 
105.53 520.00 
105.64 520.00 
105.75 520.00 
105.85 520.00 
105.96 520.00 
106.06 520.00 
106.17 520.00 
106.28 520.00 
106.38 520.00 
106.49 520.00 
106.60 520.00 
106.70 520.00 
106.82 520.00 
106.92 520.00 
107.03 520.00 
107.14 520.00 
107.24 520.00 
107.35 520.00 
107.45 520.00 
107.56 520.00 
107.67 520.00 
107.77 520.00 
107.88 520.00 
107.99 520.00 
108.09 520.00 
108.20 520.00 
108.31 520.00 
108.41 520.00 
108.52 520.00 
108.63 520.00 
108.73 520.00 
108.84 520.00 
108.95 520.00 
109.05 520.00 
109.16 520.00 
109.26 520.00 
109.37 520.00 
109.48 520.00 
109.58 520.00 
109.69 520.00 
109.80 520.00 
109.90 520.00 
110.01 520.00 
