 957.771  51852 
 957.873  51884 
 957.973  52028 
 958.074  51948 
 958.175  51980 
 958.276  51964 
 958.376  51980 
 958.478  52028 
 958.579  51932 
 958.679  51980 
 958.78  51980 
 958.881  51980 
 958.982  52012 
 959.083  52012 
 959.184  51964 
 959.286  51996 
 959.387  51980 
 959.488  51996 
 959.588  52076 
 959.689  52092 
 959.79  51996 
 959.89  51948 
 959.991  51996 
 960.091  51964 
 960.193  52044 
 960.293  51948 
 960.394  51964 
 960.495  52028 
 960.596  52012 
 960.697  51964 
 960.797  51948 
 960.899  52012 
 961.0  52028 
 961.1  52060 
 961.202  52012 
 961.302  51948 
 961.403  51964 
 961.503  51996 
 961.604  51948 
 961.705  52012 
 961.806  52060 
 961.908  51980 
 962.008  52076 
 962.11  51932 
 962.21  51980 
 962.311  52044 
 962.412  51964 
 962.512  51964 
 962.613  51948 
 962.714  52012 
 962.816  52028 
 962.917  51916 
 963.018  51948 
 963.119  52012 
 963.22  52012 
 963.321  51948 
 963.421  51980 
 963.522  52044 
 963.623  51980 
 963.723  51996 
 963.825  51948 
 963.926  52044 
 964.027  51996 
 964.127  52012 
 964.228  52044 
 964.329  51948 
 964.429  52060 
 964.53  52012 
 964.63  52044 
 964.732  51980 
 964.833  51980 
 964.934  51964 
 965.036  51980 
 965.136  51980 
 965.238  51980 
 965.339  51964 
 965.441  51980 
 965.541  51980 
 965.643  52012 
 965.744  52076 
 965.844  51980 
 965.945  51996 
 966.045  51980 
 966.147  51932 
 966.249  52028 
 966.349  51980 
 966.45  51980 
 966.551  51948 
 966.652  52028 
 966.753  51964 
 966.854  52012 
 966.956  52028 
 967.056  52044 
 967.158  51900 
 967.259  52028 
 967.361  51980 
 967.462  52012 
 967.563  51980 
 967.665  52012 
 967.765  51964 
 967.866  51996 
 967.966  51964 
 968.067  52092 
 968.168  52012 
 968.269  51996 
 968.371  51980 
 968.471  51980 
 968.573  51964 
 968.673  52028 
 968.774  52108 
 968.875  52076 
 968.975  52012 
 969.077  51996 
 969.178  52044 
 969.279  51996 
 969.379  51948 
 969.481  52044 
 969.583  51996 
 969.683  52076 
 969.785  51900 
 969.885  52076 
 969.986  52012 
 970.087  52044 
 970.189  52028 
 970.291  51996 
 970.391  52028 
 970.492  52044 
 970.592  51964 
 970.693  51964 
 970.794  52076 
 970.895  52012 
 970.996  52044 
 971.096  52012 
 971.197  52060 
 971.297  51996 
 971.399  51980 
 971.5  51964 
 971.6  52044 
 971.702  52156 
 971.802  51980 
 971.903  52044 
 972.003  51964 
 972.104  52044 
 972.206  52044 
 972.306  52204 
 972.408  52076 
 972.508  52012 
 972.609  51948 
 972.709  51996 
 972.81  52028 
 972.912  52060 
 973.012  51948 
 973.114  52028 
 973.214  52012 
 973.316  52028 
 973.416  52076 
 973.518  52012 
 973.619  52028 
 973.719  52028 
 973.82  52076 
 973.92  51996 
 974.021  52044 
 974.122  51980 
 974.222  51996 
 974.323  52092 
 974.423  51932 
 974.525  52012 
 974.625  51996 
 974.726  52044 
 974.828  52044 
 974.929  51964 
 975.03  59598 
 975.13  59838 
 975.231  58942 
 975.333  60830 
 975.433  61903 
 975.534  62831 
 975.634  63599 
 975.736  62431 
 975.836  62095 
 975.938  61342 
 976.039  58638 
 976.139  62895 
 976.241  60942 
 976.341  59598 
 976.442  61711 
 976.543  61487 
 976.644  58638 
 976.745  60942 
 976.846  61535 
 976.947  61615 
 977.048  59870 
 977.149  57966 
 977.25  55405 
 977.35  54957 
 977.452  54013 
 977.553  53421 
 977.654  53100 
 977.754  53132 
 977.856  52844 
 977.957  52620 
 978.058  52572 
 978.16  52300 
 978.26  52380 
 978.361  52332 
 978.461  52284 
 978.562  52188 
 978.663  52204 
 978.763  51996 
 978.864  52044 
 978.964  52044 
 979.065  51996 
 979.166  52012 
 979.268  52012 
 979.369  51996 
 979.47  51948 
 979.571  52012 
 979.671  52028 
 979.773  51996 
 979.874  51996 
 979.974  51964 
 980.076  51980 
 980.177  51932 
 980.278  51996 
 980.379  51996 
 980.48  52060 
 980.581  51996 
 980.681  52012 
 980.782  52012 
 980.882  52076 
 980.984  51980 
 981.085  52060 
 981.186  51756 
 981.287  51964 
 981.387  51996 
 981.488  52044 
 981.588  51980 
 981.69  51980 
 981.791  51980 
 981.892  52012 
 981.994  51948 
 982.095  51980 
 982.196  51996 
 982.296  52028 
 982.398  51980 
 982.499  51996 
 982.6  51932 
 982.701  51996 
 982.801  52012 
 982.902  51964 
 983.003  51948 
 983.104  51932 
 983.206  51996 
 983.306  51948 
 983.407  51996 
 983.508  51996 
 983.609  52044 
 983.71  51964 
 983.812  51964 
 983.913  52028 
 984.013  51980 
 984.114  52012 
 984.214  52044 
 984.315  52012 
 984.416  52028 
 984.517  52012 
 984.618  51932 
 984.718  51964 
 984.82  61919 
 984.92  55933 
 985.022  65071 
 985.123  59358 
 985.223  63919 
 985.324  64063 
 985.425  54125 
 985.527  53533 
 985.627  64911 
 985.729  52108 
 985.831  52140 
 985.931  58190 
 986.032  52332 
 986.133  52588 
 986.234  63791 
 986.334  59774 
 986.435  55917 
 986.536  58670 
 986.636  60446 
 986.737  61903 
 986.837  61278 
 986.938  63935 
 987.04  62079 
 987.141  63855 
 987.242  64559 
 987.343  57758 
 987.444  65535 
 987.545  64191 
 987.646  60510 
 987.748  63135 
 987.848  59902 
 987.949  62991 
 988.049  63743 
 988.15  63743 
 988.251  64367 
 988.352  65535 
 988.453  65535 
 988.554  65535 
 988.656  65535 
 988.756  65535 
 988.858  65039 
 988.958  65535 
 989.059  61935 
 989.16  61999 
 989.261  60974 
 989.362  58654 
 989.463  59502 
 989.564  59518 
 989.666  51836 
 989.767  51980 
 989.869  52012 
 989.969  52028 
 990.07  51932 
 990.17  51996 
 990.271  51980 
 990.373  51996 
 990.473  51980 
 990.574  51948 
 990.675  51932 
 990.777  51964 
 990.877  51996 
 990.978  51964 
 991.079  51980 
 991.179  52028 
 991.281  52028 
 991.381  51980 
 991.483  51900 
 991.583  51932 
 991.685  51932 
 991.787  51996 
 991.887  51964 
 991.988  52012 
 992.089  51980 
 992.19  51964 
 992.291  52028 
 992.392  51996 
 992.493  51916 
 992.593  52012 
 992.694  51884 
 992.794  51980 
 992.895  51932 
 992.996  51948 
 993.096  51948 
 993.197  51884 
 993.297  51964 
 993.398  51932 
 993.499  51900 
 993.6  51980 
 993.701  51980 
 993.802  51964 
 993.903  51964 
 994.003  51996 
 994.104  51932 
 994.205  51964 
 994.306  51948 
 994.407  51916 
 994.508  51980 
 994.609  51884 
 994.71  52076 
 994.811  52028 
 994.912  51948 
 995.012  51964 
 995.114  51948 
 995.214  51916 
 995.316  51948 
 995.416  51996 
 995.517  51932 
 995.618  51964 
 995.718  51948 
 995.819  51996 
 995.919  51932 
 996.02  51948 