9.57617
9.57617
9.53786
9.61448
9.57617
9.49956
9.57617
9.53786
9.49956
9.53786
9.49956
9.49956
9.53786
9.57617
9.49956
9.65278
9.53786
9.46126
9.57617
9.61448
9.53786
9.57617
9.46126
9.57617
9.53786
9.53786
9.57617
9.53786
9.57617
9.49956
9.57617
9.65278
9.53786
9.46126
9.65278
9.61448
9.53786
9.53786
9.57617
9.53786
9.46126
9.46126
9.61448
9.42295
9.61448
9.61448
9.53786
9.46126
9.53786
9.46126
9.42295
9.53786
9.46126
9.53786
9.53786
9.53786
9.69109
9.49956
9.53786
9.46126
9.61448
9.42295
9.42295
9.57617
9.65278
9.53786
9.61448
9.46126
9.46126
9.57617
9.65278
9.61448
9.57617
9.53786
9.53786
9.49956
9.49956
9.61448
9.49956
9.57617
9.61448
9.53786
9.65278
9.53786
9.53786
9.46126
9.53786
9.53786
9.49956
9.49956
9.57617
9.53786
9.69109
9.57617
9.53786
9.61448
9.69109
9.53786
9.53786
9.57617
9.49956
9.65278
9.53786
9.65278
9.53786
9.57617
9.49956
9.53786
9.61448
9.49956
9.46126
9.46126
9.38465
9.46126
9.46126
9.34634
9.42295
9.57617
9.57617
9.53786
9.46126
9.38465
9.53786
9.57617
9.61448
9.49956
9.53786
9.61448
9.46126
9.57617
9.57617
9.65278
9.57617
9.61448
9.49956
9.53786
9.57617
9.53786
9.53786
9.49956
9.49956
9.53786
9.57617
9.49956
9.53786
9.53786
9.49956
9.53786
9.49956
9.65278
9.57617
9.57617
9.57617
9.46126
9.65278
9.49956
9.57617
9.61448
9.61448
9.61448
9.38465
9.46126
9.61448
9.57617
9.69109
9.34634
9.49956
9.53786
9.57617
9.61448
9.49956
9.53786
9.65278
9.53786
9.61448
9.57617
9.53786
9.57617
9.46126
9.57617
9.53786
9.57617
9.57617
9.53786
9.46126
9.53786
9.57617
9.61448
9.57617
9.49956
9.49956
9.57617
9.53786
9.61448
9.61448
9.57617
9.53786
9.65278
9.57617
9.65278
9.49956
9.57617
9.61448
9.53786
9.53786
9.42295
9.57617
9.61448
9.61448
9.49956
9.57617
9.49956
9.57617
9.49956
10.0741
9.42295
9.49956
9.57617
9.07821
9.806
9.57617
9.53786
9.49956
9.57617
9.53786
9.57617
9.57617
9.30804
9.72939
9.72939
9.07821
9.69109
9.88261
9.46126
9.61448
9.34634
9.65278
9.42295
9.61448
9.61448
9.49956
9.76769
12.7938
-8.23551
-3.67725
1.41727
1.80032
0.114914
-0.804398
1.83862
0.536266
-0.153219
-1.87693
-2.18337
-3.52403
-2.91116
-3.06437
-2.60472
-3.63894
-5.17113
-4.78809
-4.29012
-1.18745
5.97553
6.97145
8.73347
2.18337
-5.78401
-5.01791
-4.82639
-1.95354
5.59248
8.69516
6.05214
9.19312
8.88668
3.63894
-1.87693
-7.12467
-9.38465
-9.19312
-8.69516
-7.69924
2.41319
9.53786
4.74978
6.09044
-6.24366
-0.421352
6.81823
3.90708
12.7938
8.31211
3.48573
-8.81008
-9.76769
-6.5501
-8.23551
-7.16298
-5.28605
-5.82231
-5.66909
-6.16705
-6.32027
-6.05214
-5.51587
-5.43926
-5.13283
-7.04806
4.48165
3.2942
-0.727789
7.43111
8.69516
6.43519
3.33251
-8.88668
-13.3683
-9.23143
-1.37897
-0.306437
-2.52811
-0.919312
-3.02607
1.87693
8.35042
7.77585
9.49956
9.0016
7.20128
3.44742
10.9934
9.30804
8.88668
10.1507
6.01384
2.41319
-1.49388
-6.12875
-8.81008
-10.0741
-8.46534
-4.29012
2.52811
5.43926
4.21351
-2.29828
-8.84838
-5.32435
0.727789
5.86062
8.42703
9.42295
8.73347
7.96737
8.50364
9.30804
7.92907
4.32843
0.804398
-2.71963
-6.81823
-8.81008
-9.95922
-9.76769
-9.19312
-9.53786
-8.88668
-4.13691
1.99184
6.12875
9.72939
9.69109
11.6829
8.69516
4.02199
-1.22575
-6.39688
-8.77177
-9.72939
-9.72939
-8.1589
-1.57049
5.09452
8.61855
9.26973
9.49956
8.1589
6.5118
17.7734
15.8964
7.43111
-3.63894
4.25182
5.32435
8.50364
8.81008
8.1972
7.46941
8.00568
8.96329
8.96329
8.23551
8.08229
7.12467
8.61855
8.31211
13.2917
4.78809
13.3683
11.2999
10.6104
7.04806
19.114
9.8443
9.8443
10.0741
9.61448
9.49956
9.8443
7.20128
9.53786
9.34634
9.53786
9.42295
9.61448
9.46126
9.46126
9.57617
9.57617
9.46126
9.42295
9.61448
9.26973
9.53786
9.65278
9.57617
9.49956
9.46126
9.53786
9.61448
9.57617
9.65278
9.49956
9.57617
9.57617
9.46126
9.53786
9.57617
9.38465
9.53786
9.30804
9.42295
9.46126
9.65278
9.69109
9.65278
9.57617
9.49956
9.49956
9.53786
9.57617
9.53786
9.57617
9.53786
9.61448
9.57617
9.61448
9.53786
9.49956
9.38465
9.61448
9.69109
9.38465
9.53786
9.46126
9.57617
9.57617
9.57617
9.42295
9.53786
9.57617
9.46126
9.61448
9.42295
9.53786
9.49956
9.72939
9.49956
9.57617
9.46126
9.49956
9.53786
9.61448
9.42295
9.49956
9.46126
9.61448
9.57617
9.49956
9.46126
9.46126
9.46126
9.61448
9.57617
9.76769
9.65278
9.49956
9.57617
9.61448
9.46126
9.57617
9.53786
9.42295
9.57617
9.53786
9.57617
9.30804
9.49956
9.61448
9.42295
9.49956
9.46126
9.76769
8.31211
11.2233
7.12467
11.2616
13.9812
8.77177
10.4955
10.4955
11.2233
9.95922
11.6829
9.99752
11.3765
8.08229
8.31211
7.04806
9.11651
11.7595
9.26973
11.0701
7.50772
7.66094
10.1507
9.0016
7.73755
9.46126
6.74162
12.1043
6.81823
9.07821
6.89484
7.04806
7.00976
9.0016
11.6446
13.6365
8.84838
12.2192
7.81416
7.50772
7.66094
6.85654
11.5297
9.0016
5.82231
9.11651
7.31619
6.74162
10.2273
7.77585
7.54602
9.69109
8.1972
7.85246
8.1972
10.6104
8.23551
11.6063
7.50772
11.185
10.1507
9.88261
8.77177
6.81823
10.0358
11.6829
11.4914
8.27381
11.1467
6.77993
6.62671
8.61855
9.76769
6.93315
10.7636
7.50772
10.8785
7.04806
8.88668
10.3423
10.8019
7.46941
7.77585
6.77993
9.57617
6.09044
8.54194
6.5118
9.99752
8.42703
10.6104
7.3545
11.7212
8.84838
7.69924
8.38873
6.62671
6.28197
10.7636
6.89484
8.00568
16.7775
5.82231
12.2192
6.66501
11.2233
6.74162
10.3423
8.77177
6.43519
12.2192
9.99752
10.0358
9.76769
9.806
9.57617
9.26973
9.38465
9.46126
9.53786
9.61448
9.69109
9.57617
9.53786
9.57617
9.49956
9.53786
9.53786
9.57617
9.57617

