52.144 26.8605
53.145 26.8828
54.146 26.8381
55.147 26.8828
56.148 26.8158
57.149 26.8605
58.15 26.8605
59.151 26.8381
60.152 26.7936
61.153 26.8605
62.154 26.8381
63.155 26.8828
64.156 26.8381
65.157 26.8381
66.158 26.8381
67.159 26.8381
68.16 26.8158
69.161 26.8381
70.162 26.8158
71.163 26.905
72.164 26.8605
73.165 26.8828
74.166 26.8605
75.167 26.8828
76.168 26.8828
77.169 26.5707
78.17 26.3706
79.171 26.2152
80.172 26.0156
81.173 25.7942
82.174 25.551
83.175 25.4626
84.176 25.1321
85.177 25.022
86.178 24.7362
87.179 24.4511
88.18 24.2758
89.181 24.1444
90.182 23.9476
91.183 23.7728
92.184 23.5764
93.185 23.3585
94.186 23.2278
95.187 23.0101
96.188 22.8362
97.189 22.619
98.19 22.4454
99.191 22.2285
100.192 22.0336
101.193 21.882
102.194 21.6873
103.195 21.5143
104.196 21.3413
105.197 21.1252
106.198 21.0389
107.199 20.7799
108.2 20.629
109.201 20.4133
110.202 20.2625
111.203 20.0901
112.204 19.9609
113.205 19.7024
114.206 19.5948
115.207 19.4226
116.208 19.2074
117.209 19.0353
118.21 18.8417
119.211 18.6696
120.212 18.5189
121.213 18.3468
122.214 18.1532
123.215 18.0242
124.216 17.8521
125.217 17.6799
126.218 17.4647
127.219 17.3787
128.22 17.2279
129.221 17.0557
130.222 16.8402
131.223 16.6464
132.224 16.5386
133.225 16.3446
134.226 16.2367
135.227 16.0641
136.228 15.9346
137.229 15.7404
138.23 15.5675
139.231 15.4161
140.232 15.2648
141.233 15.1133
142.234 14.9834
143.235 14.8318
144.236 14.6801
145.237 14.5066
146.238 14.4198
147.239 14.2677
148.24 14.1157
149.241 13.9418
150.242 13.7893
151.243 13.637
152.244 13.5715
153.245 13.3752
154.246 13.2224
155.247 13.0913
156.248 12.9384
157.249 12.8289
158.25 12.7194
159.251 12.6099
160.252 12.5002
161.253 12.3026
162.254 12.1708
163.255 12.0388
164.256 11.9287
165.257 11.8185
166.258 11.6421
167.259 11.5537
168.26 11.4653
169.261 11.2885
170.262 11.1998
171.263 11.0891
172.264 10.9337
173.265 10.845
174.266 10.6893
175.267 10.578
176.268 10.4667
177.269 10.3998
178.27 10.2212
179.271 10.0424
180.272 9.97522
181.273 9.86316
182.274 9.72864
183.275 9.63867
184.276 9.50391
185.277 9.45886
186.278 9.34631
187.279 9.21094
188.28 9.09814
189.281 8.93982
190.282 8.80396
191.283 8.71326
192.284 8.62256
193.285 8.50891
194.286 8.37231
195.287 8.25842
196.288 8.19006
197.289 8.07581
198.29 7.96143
199.291 7.89282
200.292 7.8241
201.293 7.6405
202.294 7.57153
203.295 7.47961
204.296 7.34131
205.297 7.29517
206.298 7.17981
207.299 7.04102
208.3 6.97156
209.301 6.87878
210.302 6.85559
211.303 6.64648
212.304 6.59998
213.305 6.46008
214.306 6.39014
215.307 6.29663
216.308 6.20313
217.309 6.13281
218.31 6.0625
219.311 5.94507
220.312 5.87451
221.313 5.7804
222.314 5.6626
223.315 5.5918
224.316 5.47363
225.317 5.35522
226.318 5.35522
227.319 5.28406
228.32 5.23657
229.321 5.09399
230.322 5.02246
231.323 4.95105
232.324 4.83167
233.325 4.76001
234.326 4.71216
235.327 4.56836
236.328 4.59241
237.329 4.42419
238.33 4.35205
239.331 4.27979
240.332 4.25574
241.333 4.11084
242.334 4.08667
243.335 3.98987
244.336 3.9657
245.337 3.86865
246.338 3.7959
247.339 3.69861
248.34 3.6499
249.341 3.52795
250.342 3.52795
251.343 3.40576
252.344 3.3324
253.345 3.23438
254.346 3.16077
255.347 3.13611
256.348 3.03772
257.349 2.93921
258.35 2.88989
259.351 2.84045
260.352 2.76624
261.353 2.69202
262.354 2.59277
263.355 2.64246
264.356 2.54321
265.357 2.41882
266.358 2.41882
267.359 2.34412
268.36 2.24426
269.361 2.24426
270.362 2.11926
271.363 2.06921
272.364 2.04419
273.365 1.94373
274.366 1.91858
275.367 1.76758
276.368 1.76758
277.369 1.66663
278.37 1.64148
279.371 1.59082
280.372 1.54028
281.373 1.41357
282.374 1.41357
283.375 1.31189
284.376 1.31189
285.377 1.26111
286.378 1.15918
287.379 1.15918
288.38 1.08252
289.381 1.00586
290.382 1.00586
291.383 0.929077
292.384 0.826416
293.385 0.775024
294.386 0.749268
295.387 0.723633
296.388 0.594727
297.389 0.56897
298.39 0.517334
299.391 0.491455
300.392 0.413818
301.393 0.362061
302.394 0.28418
303.395 0.28418
304.396 0.232178
305.397 0.180176
306.398 0.0759277
307.399 0.0759277
308.4 0.0238037
309.401 -0.0808105
310.402 -0.106934
311.403 -0.185547
312.404 -0.133179
313.405 -0.238037
314.406 -0.316895
315.407 -0.238037
316.408 -0.369507
317.409 -0.448608
318.41 -0.448608
319.411 -0.554321
320.412 -0.501343
321.413 -0.686646
322.414 -0.633667
323.415 -0.713135
324.416 -0.739746
325.417 -0.792847
326.418 -0.792847
327.419 -0.899292
328.42 -0.899292
329.421 -0.925903
330.422 -0.979248
331.423 -0.979248
332.424 -1.08618
333.425 -1.11292
334.426 -1.11292
335.427 -1.24695
336.428 -1.24695
337.429 -1.2738
338.43 -1.32764
339.431 -1.38147
340.432 -1.40845
341.433 -1.40845
342.434 -1.43542
343.435 -1.54346
344.436 -1.46228
345.437 -1.62463
346.438 -1.62463
347.439 -1.70593
348.44 -1.73303
349.441 -1.78748
350.442 -1.76025
351.443 -1.8418
352.444 -1.81458
353.445 -1.89636
354.446 -1.95093
355.447 -2.06018
356.448 -2.00549
357.449 -2.03284
358.45 -2.06018
359.451 -2.11499
360.452 -2.14233
361.453 -2.22473
362.454 -2.22473
363.455 -2.22473
364.456 -2.2522
365.457 -2.3623
366.458 -2.33472
367.459 -2.3623
368.46 -2.38989
369.461 -2.50037
370.462 -2.44507
371.463 -2.52808
372.464 -2.52808
373.465 -2.63892
374.466 -2.61121
375.467 -2.69446
376.468 -2.66663
377.469 -2.66663
378.47 -2.75
379.471 -2.77783
380.472 -2.80579
381.473 -2.83362
382.474 -2.94531
383.475 -2.91736
384.476 -2.91736
385.477 -2.97327
386.478 -3.0293
387.479 -3.05737
388.48 -3.0293
389.481 -3.1134
390.482 -3.08545
391.483 -3.19775
392.484 -3.16956
393.485 -3.16956
394.486 -3.28223
395.487 -3.16956
396.488 -3.33862
397.489 -3.39514
398.49 -3.33862
399.491 -3.33862
400.492 -3.45178
401.493 -3.39514
402.494 -3.45178
403.495 -3.42346
404.496 -3.4801
405.497 -3.50842
406.498 -3.59363
407.499 -3.59363
408.5 -3.59363
409.501 -3.62207
410.502 -3.62207
411.503 -3.67896
412.504 -3.67896
413.505 -3.73596
414.506 -3.76453
415.507 -3.82166
416.508 -3.79309
417.509 -3.82166
418.51 -3.87891
419.511 -3.93616
420.512 -3.90747
421.513 -3.96484
422.514 -3.96484
423.515 -3.99353
424.516 -3.96484
425.517 -4.07983
426.518 -4.10864
427.519 -4.10864
428.52 -4.10864
429.521 -4.10864
430.522 -4.19519
431.523 -4.19519
432.524 -4.224
433.525 -4.19519
434.526 -4.19519
435.527 -4.25293
436.528 -4.25293
437.529 -4.31079
438.53 -4.31079
439.531 -4.31079
440.532 -4.33972
441.533 -4.36865
442.534 -4.36865
443.535 -4.45581
444.536 -4.48486
445.537 -4.48486
446.538 -4.48486
447.539 -4.51392
448.54 -4.57227
449.541 -4.60144
450.542 -4.57227
451.543 -4.57227
452.544 -4.65979
453.545 -4.63062
454.546 -4.65979
455.547 -4.74756
456.548 -4.71826
457.549 -4.71826
458.55 -4.71826
459.551 -4.77686
460.552 -4.77686
461.553 -4.83557
462.554 -4.83557
463.555 -4.89441
464.556 -4.89441
465.557 -4.89441
466.558 -4.86499
467.559 -4.86499
468.56 -4.95325
469.561 -5.01221
470.562 -4.92383
471.563 -5.04163
472.564 -5.04163
473.565 -5.07129
474.566 -5.01221
475.567 -5.07129
476.568 -5.07129
477.569 -5.10071
478.57 -5.07129
479.571 -5.13037
480.572 -5.13037
481.573 -5.18958
482.574 -5.13037
483.575 -5.2489
484.576 -5.21924
485.577 -5.27869
486.578 -5.30835
487.579 -5.27869
488.58 -5.30835
489.581 -5.4574
490.582 -5.33813
491.583 -5.39771
492.584 -5.39771
493.585 -5.42761
494.586 -5.39771
495.587 -5.39771
496.588 -5.4574
497.589 -5.4574
498.59 -5.4873
499.591 -5.54712
500.592 -5.57703
501.593 -5.54712
502.594 -5.57703
503.595 -5.63696
504.596 -5.57703
505.597 -5.63696
506.598 -5.57703
507.599 -5.63696
508.6 -5.63696
509.601 -5.72717
510.602 -5.63696
511.603 -5.63696
512.604 -5.63696
513.605 -5.66711
514.606 -5.69714
515.607 -5.69714
516.608 -5.72717
517.609 -5.78748
518.61 -5.72717
519.611 -5.78748
520.612 -5.81763
521.613 -5.84778
522.614 -5.87805
523.615 -5.93848
524.616 -5.84778
525.617 -5.9082
526.618 -5.93848
527.619 -5.84778
528.62 -5.96875
529.621 -5.99902
530.622 -5.93848
531.623 -5.99902
532.624 -5.96875
533.625 -5.99902
534.626 -5.99902
535.627 -5.99902
536.628 -6.02942
537.629 -6.05981
538.63 -6.02942
539.631 -6.151
540.632 -6.09009
541.633 -6.09009
542.634 -6.12048
543.635 -6.24243
544.636 -6.09009
545.637 -6.151
546.638 -6.1814
547.639 -6.151
548.64 -6.151
549.641 -6.09009
550.642 -6.30359
551.643 -6.1814
552.644 -6.21191
553.645 -6.27295
554.646 -6.1814
555.647 -6.24243
556.648 -6.30359
557.649 -6.30359
558.65 -6.30359
559.651 -6.39539
560.652 -6.33411
561.653 -6.36475
562.654 -6.39539
563.655 -6.42615
564.656 -6.36475
565.657 -6.39539
566.658 -6.45679
567.659 -6.36475
568.66 -6.39539
569.661 -6.42615
570.662 -6.45679
571.663 -6.48755
572.664 -6.51831
573.665 -6.48755
574.666 -6.45679
575.667 -6.48755
576.668 -6.45679
577.669 -6.48755
578.67 -6.57996
579.671 -6.54907
580.672 -6.54907
581.673 -6.57996
582.674 -6.57996
583.675 -6.57996
584.676 -6.54907
585.677 -6.51831
586.678 -6.61084
587.679 -6.54907
588.68 -6.6416
589.681 -6.61084
590.682 -6.67261
591.683 -6.61084
592.684 -6.70349
593.685 -6.6416
594.686 -6.6416
595.687 -6.67261
596.688 -6.67261
597.689 -6.6416
598.69 -6.67261
599.691 -6.73438
600.692 -6.73438
601.693 -6.73438
602.694 -6.79639
603.695 -6.79639
604.696 -6.73438
605.697 -6.73438
606.698 -6.85852
607.699 -6.85852
608.7 -6.82739
609.701 -6.85852
610.702 -6.85852
611.703 -6.85852
612.704 -6.76538
613.705 -6.92078
614.706 -6.92078
615.707 -6.85852
616.708 -6.92078
617.709 -6.79639
618.71 -6.9519
619.711 -6.92078
620.712 -6.92078
621.713 -6.9519
622.714 -6.9519
623.715 -6.9519
624.716 -6.98303
625.717 -6.88953
626.718 -7.10803
627.719 -6.88953
628.72 -7.04553
629.721 -6.98303
630.722 -7.07678
631.723 -7.04553
632.724 -7.04553
633.725 -6.98303
634.726 -7.07678
635.727 -7.04553
636.728 -7.04553
637.729 -7.04553
638.73 -7.07678
639.731 -7.10803
640.732 -7.07678
641.733 -7.10803
642.734 -7.10803
643.735 -7.10803
644.736 -7.1394
645.737 -7.17078
646.738 -7.10803
647.739 -7.1394
648.74 -7.32788
649.741 -7.1394
650.742 -7.1394
651.743 -7.32788
652.744 -7.20215
653.745 -7.17078
654.746 -7.26489
655.747 -7.1394
656.748 -7.29651
657.749 -7.32788
658.75 -7.20215
659.751 -7.20215
660.752 -7.23352
661.753 -7.1394
662.754 -7.29651
663.755 -7.3595
664.756 -7.3595
665.757 -7.29651
666.758 -7.26489
667.759 -7.26489
668.76 -7.32788
669.761 -7.32788
670.762 -7.29651
671.763 -7.29651
672.764 -7.3595
673.765 -7.39099
674.766 -7.32788
675.767 -7.29651
676.768 -7.3595
677.769 -7.39099
678.77 -7.54919
679.771 -7.39099
680.772 -7.3595
681.773 -7.42261
682.774 -7.3595
683.775 -7.42261
684.776 -7.45422
685.777 -7.39099
686.778 -7.42261
687.779 -7.42261
688.78 -7.39099
689.781 -7.42261
690.782 -7.51746
691.783 -7.42261
692.784 -7.51746
693.785 -7.42261
694.786 -7.45422
695.787 -7.51746
696.788 -7.58093
697.789 -7.51746
698.79 -7.54919
699.791 -7.48584
700.792 -7.45422
701.793 -7.51746
702.794 -7.51746
703.795 -7.42261
704.796 -7.51746
705.797 -7.51746
706.798 -7.48584
707.799 -7.51746
708.8 -7.51746
709.801 -7.51746
710.802 -7.58093
711.803 -7.58093
712.804 -7.58093
713.805 -7.61279
714.806 -7.58093
715.807 -7.61279
716.808 -7.58093
717.809 -7.58093
718.81 -7.64453
719.811 -7.67639
720.812 -7.61279
721.813 -7.67639
722.814 -7.64453
723.815 -7.61279
724.816 -7.61279
725.817 -7.58093
726.818 -7.64453
727.819 -7.70825
728.82 -7.64453
729.821 -7.64453
730.822 -7.67639
731.823 -7.64453
732.824 -7.74011
733.825 -7.64453
734.826 -7.77209
735.827 -7.67639
736.828 -7.74011
737.829 -7.70825
738.83 -7.74011
739.831 -7.74011
740.832 -7.64453
741.833 -7.77209
742.834 -7.67639
743.835 -7.70825
744.836 -7.67639
745.837 -7.74011
746.838 -7.70825
747.839 -7.67639
748.84 -7.77209
749.841 -7.86792
750.842 -7.80396
751.843 -7.80396
752.844 -7.77209
753.845 -7.77209
754.846 -7.77209
755.847 -7.93213
756.848 -7.86792
757.849 -7.74011
758.85 -7.83594
759.851 -7.80396
760.852 -7.90002
761.853 -7.83594
762.854 -7.86792
763.855 -7.77209
764.856 -7.83594
765.857 -7.80396
766.858 -7.86792
767.859 -7.80396
768.86 -7.83594
769.861 -7.90002
770.862 -7.83594
771.863 -7.80396
772.864 -7.86792
773.865 -7.96423
774.866 -7.90002
775.867 -7.90002
776.868 -7.90002
777.869 -7.90002
778.87 -7.93213
779.871 -7.90002
780.872 -7.93213
781.873 -7.86792
782.874 -7.93213
783.875 -7.96423
784.876 -7.96423
785.877 -7.96423
786.878 -7.93213
787.879 -7.90002
788.88 -7.93213
789.881 -7.86792
790.882 -7.96423
791.883 -8.02856
792.884 -7.86792
793.885 -7.93213
794.886 -7.99634
795.887 -7.99634
796.888 -7.96423
797.889 -7.93213
798.89 -7.93213
799.891 -7.96423
800.892 -7.93213
801.893 -7.93213
802.894 -8.02856
803.895 -7.93213
804.896 -8.02856
805.897 -8.02856
806.898 -8.06067
807.899 -7.96423
808.9 -8.02856
809.901 -8.12524
810.902 -7.99634
811.903 -8.06067
812.904 -8.02856
813.905 -8.06067
814.906 -7.96423
815.907 -8.02856
816.908 -8.02856
817.909 -8.02856
818.91 -7.93213
819.911 -7.96423
820.912 -8.09302
821.913 -7.99634
822.914 -8.12524
823.915 -8.02856
824.916 -8.09302
825.917 -7.99634
826.918 -8.15759
827.919 -8.06067
828.92 -8.06067
829.921 -8.12524
830.922 -8.02856
831.923 -8.06067
832.924 -8.15759
833.925 -8.06067
834.926 -8.06067
835.927 -8.06067
836.928 -8.12524
837.929 -8.22217
838.93 -8.15759
839.931 -8.02856
840.932 -8.06067
841.933 -8.06067
842.934 -8.06067
843.935 -8.06067
844.936 -8.15759
845.937 -8.15759
846.938 -8.09302
847.939 -8.25464
848.94 -8.09302
849.941 -8.18982
850.942 -8.15759
851.943 -8.09302
852.944 -8.18982
853.945 -8.09302
854.946 -8.12524
855.947 -8.18982
856.948 -8.18982
857.949 -8.15759
858.95 -8.12524
859.951 -8.22217
860.952 -8.12524
861.953 -8.15759
862.954 -8.22217
863.955 -8.18982
864.956 -8.18982
865.957 -8.12524
866.958 -8.18982
867.959 -8.18982
868.96 -8.22217
869.961 -8.22217
870.962 -8.22217
871.963 -8.25464
872.964 -8.18982
873.965 -8.15759
874.966 -8.09302
875.967 -8.28699
876.968 -8.22217
877.969 -8.18982
878.97 -8.25464
879.971 -8.31946
880.972 -8.15759
881.973 -8.25464
882.974 -8.28699
883.975 -8.18982
884.976 -8.25464
885.977 -8.18982
886.978 -8.25464
887.979 -8.25464
888.98 -8.31946
889.981 -8.28699
890.982 -8.25464
891.983 -8.25464
892.984 -8.31946
893.985 -8.25464
894.986 -8.28699
895.987 -8.25464
896.988 -8.28699
897.989 -8.22217
898.99 -8.25464
899.991 -8.25464
900.992 -8.28699
901.993 -8.25464
902.994 -8.28699
903.995 -8.38452
904.996 -8.35205
905.997 -8.28699
906.998 -8.25464
907.999 -8.28699
909.0 -8.35205
910.001 -8.4823
911.002 -8.31946
912.003 -8.31946
913.004 -8.25464
