75.1414
75.1414
74.8048
74.8048
75.2449
74.6631
74.846
75.5793
75.4573
75.3988
75.1414
75.5227
74.5625
74.7855
76.018
75.8543
75.6355
76.1815
76.3995
75.0246
75.3027
76.2878
75.1992
75.5227
75.6301
76.1304
76.5131
67.5811
69.2278
-32.6995
-21.9912
-8.61566
-2.42927
1.76239
4.96974
5.94248
7.84061
7.00127
9.68879
10.4967
11.6024
12.0142
13.4513
14.594
16.1411
17.5391
18.7942
23.4514
25.9269
29.3486
32.062
33.8962
34.4792
32.9828
28.8628
28.7677
21.0674
16.087
9.91653
7.07769
3.82619
3.76639
0.177937
-0.362627
-1.10881
-3.02271
-3.38987
-4.28916
-5.58261
-6.46299
-7.44141
-8.02724
-7.94937
-8.54393
-8.55797
-7.70341
-4.95845
-3.74299
-1.35107
1.03691
2.5676
3.69932
6.2086
7.80641
8.88066
10.7537
12.2463
13.4623
15.0285
16.3188
17.6411
18.696
19.5557
20.6781
20.9768
21.174
20.3596
20.2353
18.7021
16.0631
15.371
14.3133
11.0035
9.04467
7.47156
5.9611
3.9214
2.58126
1.40288
0.946952
0.479452
0.236758
0.236758
-0.475473
0.0
-0.238731
-0.737674
0.502582
0.996349
1.27303
2.82396
3.99671
4.68188
4.64204
7.54653
7.51479
9.61974
9.46233
10.4077
9.91495
11.489
11.489
11.9356
11.0849
12.2065
11.5346
12.5034
13.2405
12.2747
12.6573
12.6863
10.9771
10.8763
8.78312
8.06325
6.13969
5.39775
5.71059
4.93096
4.48461
4.61065
3.69139
2.66864
2.99966
3.45332
4.55377
5.60928
4.88521
5.61361
6.94099
7.70934
8.2714
9.67053
9.54454
9.78242
10.3262
10.6631
9.42471
9.98183
9.16236
9.79782
9.75939
9.8061
10.3049
9.89668
9.30611
8.47115
8.16498
6.94718
7.09475
