3.707 -0.739746
4.708 -0.211792
5.709 0.232178
6.71 0.775024
7.711 1.38818
8.712 1.71716
9.713 2.19434
10.714 2.79102
11.715 3.38135
12.716 3.62549
13.717 4.01404
14.718 4.35205
15.719 4.76001
16.72 5.1416
17.721 5.47363
18.722 5.80396
19.723 6.29663
20.724 6.64648
21.725 6.97156
22.726 7.20288
23.727 7.52551
24.728 7.80115
25.729 8.09863
26.73 8.37231
27.731 8.66797
28.732 8.91724
29.733 9.23352
30.734 9.41382
31.735 9.63867
32.736 9.90796
33.737 10.1095
34.738 10.3551
35.739 10.5334
36.74 10.7338
37.741 10.9116
38.742 11.1555
39.743 11.3547
40.744 11.5758
41.745 11.7303
42.746 11.9287
43.747 12.1047
44.748 12.3246
45.749 12.4783
46.75 12.6317
47.751 12.8508
48.752 13.0476
49.753 13.2224
50.754 13.3317
51.755 13.4408
52.756 13.637
53.757 13.7893
54.758 13.9418
55.759 14.094
56.76 14.2025
57.761 14.3546
58.762 14.5282
59.763 14.615
60.764 14.745
61.765 14.9185
62.766 15.0483
63.767 15.1566
64.768 15.3296
65.769 15.4377
66.77 15.5458
67.771 15.6323
68.772 15.7834
69.773 15.8914
70.774 15.9778
71.775 16.0425
72.776 16.2583
73.777 16.323
74.778 16.4739
75.779 16.5602
76.78 16.7111
77.781 16.6895
78.782 16.8402
79.783 16.9264
80.784 17.0773
81.785 17.2064
82.786 17.1848
83.787 17.3356
84.788 17.4431
85.789 17.5292
86.79 17.6154
87.791 17.6584
88.792 17.766
89.793 17.8521
90.794 17.9381
91.795 18.0242
92.796 18.0673
93.797 18.1747
94.798 18.2178
95.799 18.3038
96.8 18.4329
97.801 18.4545
98.802 18.5189
99.803 18.562
100.804 18.6481
101.805 18.7125
102.806 18.8201
103.807 18.8846
104.808 18.8632
105.809 19.0353
106.81 19.1213
107.811 19.1644
108.812 19.1429
109.813 19.2935
110.814 19.3365
111.815 19.3795
112.816 19.3795
113.817 19.4657
114.818 19.5303
115.819 19.5303
116.82 19.6379
117.821 19.7024
118.822 19.7455
119.823 19.7455
120.824 19.7886
121.825 19.9177
122.826 19.9393
123.827 19.9824
124.828 20.0255
125.829 20.0039
126.83 20.1117
127.831 20.1332
128.832 20.2194
129.833 20.1979
130.834 20.2841
131.835 20.3055
132.836 20.3702
133.837 20.3918
134.838 20.4349
135.839 20.4996
136.84 20.5427
137.841 20.5427
138.842 20.5858
139.843 20.5858
140.844 20.629
141.845 20.7368
142.846 20.7368
143.847 20.7584
144.848 20.7799
145.849 20.7799
146.85 20.8231
147.851 20.8662
148.852 20.9957
149.853 20.931
150.854 20.9957
151.855 20.9957
152.856 21.0173
153.857 21.0822
154.858 21.1686
155.859 21.1901
156.86 21.2117
157.861 21.1686
158.862 21.2333
159.863 21.2333
160.864 21.2981
161.865 21.3413
162.866 21.3629
163.867 21.3845
164.868 21.3845
165.869 21.4493
166.87 21.4493
167.871 21.5143
168.872 21.5143
169.873 21.5143
170.874 21.5143
171.875 21.5791
172.876 21.6223
173.877 21.6223
174.878 21.6007
175.879 21.7089
176.88 21.7306
177.881 21.7522
178.882 21.7089
179.883 21.817
180.884 21.8387
181.885 21.8387
182.886 21.8604
183.887 21.9036
184.888 21.9469
185.889 21.9253
186.89 21.9902
187.891 22.0118
188.892 22.0118
189.893 22.0336
190.894 22.0552
191.895 22.0769
192.896 22.1418
193.897 22.1201
194.898 22.1418
195.899 22.1636
196.9 22.1852
197.901 22.2502
198.902 22.2069
199.903 22.2285
200.904 22.2502
201.905 22.3153
202.906 22.2936
203.907 22.3153
204.908 22.3153
205.909 22.402
206.91 22.3804
207.911 22.4888
208.912 22.4454
209.913 22.4454
210.914 22.4888
211.915 22.5756
212.916 22.5756
213.917 22.6407
214.918 22.619
215.919 22.7058
216.92 22.7058
217.921 22.6842
218.922 22.7058
219.923 22.7493
220.924 22.8362
221.925 22.8145
222.926 22.8796
223.927 22.858
224.928 22.8362
225.929 22.9232
226.93 22.9449
227.931 23.0101
228.932 22.9884
229.933 23.0101
230.934 23.0536
231.935 23.0754
232.936 23.0972
233.937 23.1406
234.938 23.1189
235.939 23.1625
236.94 23.1842
237.941 23.2714
238.942 23.2714
239.943 23.3367
240.944 23.2714
241.945 23.3585
242.946 23.3367
243.947 23.3585
244.948 23.3801
245.949 23.4021
246.95 23.4457
247.951 23.4238
248.952 23.4893
249.953 23.4893
250.954 23.5547
251.955 23.5547
252.956 23.5983
253.957 23.5328
254.958 23.5983
255.959 23.6855
256.96 23.6201
257.961 23.7074
258.962 23.7074
259.963 23.6637
260.964 23.6637
261.965 23.751
262.966 23.751
263.967 23.7947
264.968 23.8384
265.969 23.8602
266.97 23.8165
267.971 23.8821
268.972 23.8602
269.973 23.9258
270.974 23.9694
271.975 23.9694
272.976 23.9913
273.977 23.9913
274.978 24.035
275.979 23.9913
276.98 24.0789
277.981 24.1224
278.982 24.1006
279.983 24.1224
280.984 24.1444
281.985 24.1224
282.986 24.1663
283.987 24.1882
284.988 24.2101
285.989 24.1882
286.99 24.2101
287.991 24.2758
288.992 24.2976
289.993 24.2758
290.994 24.2538
291.995 24.2758
292.996 24.3196
293.997 24.2976
294.998 24.3196
295.999 24.3633
297.0 24.3633
298.001 24.4291
299.002 24.3853
300.003 24.4072
301.004 24.4072
302.005 24.4291
303.006 24.4949
304.007 24.4729
305.008 24.4949
306.009 24.5387
307.01 24.5167
308.011 24.5167
309.012 24.6045
310.013 24.5387
311.014 24.6045
312.015 24.6484
313.016 24.5826
314.017 24.6703
315.018 24.6265
316.019 24.6484
317.02 24.6265
318.021 24.7142
319.022 24.6923
320.023 24.7142
321.024 24.6923
322.025 24.6923
323.026 24.7582
324.027 24.7802
325.028 24.6923
326.029 24.7582
327.03 24.8461
328.031 24.8021
329.032 24.8241
330.033 24.8241
331.034 24.8461
332.035 24.868
333.036 24.89
334.037 24.868
335.038 24.868
336.039 24.868
337.04 24.934
338.041 24.9559
339.042 25.022
340.043 24.9121
341.044 25.022
342.045 24.9559
343.046 25.0
344.047 25.0
345.048 25.022
346.049 25.022
347.05 25.088
348.051 25.088
349.052 25.066
350.053 25.088
351.054 25.0439
352.055 25.0439
353.056 25.1541
354.057 25.11
355.058 25.1541
356.059 25.1981
357.06 25.1541
358.061 25.1541
359.062 25.2422
360.063 25.2422
361.064 25.2202
362.065 25.2422
363.066 25.2642
364.067 25.2422
365.068 25.2642
366.069 25.3303
367.07 25.2642
368.071 25.2863
369.072 25.2863
370.073 25.3745
371.074 25.3524
372.075 25.3303
373.076 25.3524
374.077 25.3745
375.078 25.3524
376.079 25.3524
377.08 25.4186
378.081 25.3745
379.082 25.4186
380.083 25.4626
381.084 25.4186
382.085 25.4186
383.086 25.4186
384.087 25.5289
385.088 25.5068
386.089 25.4847

