2.50239 25.028
2.50239 25.127
2.504 25.226
2.50239 25.325
2.50884 25.424
2.5032 25.523
2.50481 25.622
2.50561 25.721
2.50239 25.82
2.50078 25.919
2.50078 26.018
2.50239 26.117
2.5032 26.216
2.50239 26.315
2.50078 26.414
2.504 26.513
2.50078 26.612
2.50159 26.711
2.50561 26.81
2.5032 26.909
2.504 27.008
2.5032 27.107
2.50159 27.206
2.50159 27.305
2.5032 27.404
2.50159 27.503
2.50481 27.602
2.504 27.701
2.5032 27.8
2.5032 27.899
2.50239 27.998
2.5032 28.097
2.5032 28.196
2.504 28.295
2.50078 28.394
2.5032 28.493
2.50239 28.592
2.5032 28.691
2.50159 28.79
2.50078 28.889
2.5032 28.988
2.504 29.087
2.49997 29.186
2.49997 29.285
2.50159 29.384
2.50239 29.483
2.50239 29.582
2.50078 29.681
2.50239 29.78
2.50481 29.879
2.50159 29.978
2.50159 30.077
2.50239 30.176
2.504 30.275
2.50239 30.374
2.50239 30.473
2.50803 30.572
2.50239 30.671
2.50239 30.77
2.5032 30.869
2.50159 30.968
2.49997 31.067
2.5032 31.166
2.50561 31.265
2.50078 31.364
2.5032 31.463
2.50481 31.562
2.50159 31.661
2.50078 31.76
2.5032 31.859
2.50239 31.958
2.504 32.057
2.504 32.156
2.50481 32.255
2.50159 32.354
2.50561 32.453
2.50561 32.552
2.5032 32.651
2.504 32.75
2.50481 32.849
2.50481 32.948
2.50239 33.047
2.5032 33.146
2.5032 33.245
2.50159 33.344
2.50159 33.443
2.50159 33.542
2.5032 33.641
2.50239 33.74
2.5032 33.839
2.50159 33.938
2.50239 34.037
2.50481 34.136
2.50159 34.235
2.5032 34.334
2.50561 34.433
2.504 34.532
2.504 34.631
2.504 34.73
2.50159 34.829
2.504 34.928
2.5032 35.027
2.49997 35.126
2.504 35.225
2.5032 35.324
2.49997 35.423
2.5032 35.522
2.504 35.621
2.50239 35.72
2.50481 35.819
2.50239 35.918
2.50481 36.017
2.504 36.116
2.50078 36.215
2.50239 36.314
2.5032 36.413
2.50642 36.512
2.504 36.611
2.504 36.71
2.5032 36.809
2.50642 36.908
2.504 37.007
2.50561 37.106
2.50159 37.205
2.50239 37.304
2.50642 37.403
2.50078 37.502
2.50239 37.601
2.50239 37.7
2.5032 37.799
2.50481 37.898
2.50481 37.997
2.50481 38.096
2.504 38.195
2.50239 38.294
2.5032 38.393
2.50561 38.492
2.50078 38.591
2.50481 38.69
2.5032 38.789
2.50159 38.888
2.50642 38.987
2.5032 39.086
2.5032 39.185
2.50642 39.284
2.5032 39.383
2.504 39.482
2.50159 39.581
2.50239 39.68
2.49917 39.779
2.5032 39.878
2.50159 39.977
2.50159 40.076
2.50561 40.175
2.50481 40.274
2.50159 40.373
2.50239 40.472
2.50561 40.571
2.50159 40.67
2.504 40.769
2.50078 40.868
2.504 40.967
2.5032 41.066
2.50642 41.165
2.50481 41.264
2.5032 41.363
2.50159 41.462
2.49836 41.561
2.50159 41.66
2.49997 41.759
2.53381 41.858
2.53865 41.957
2.52334 42.056
2.51689 42.155
2.52656 42.254
2.53462 42.353
2.52737 42.452
2.53542 42.551
2.50561 42.65
2.53059 42.749
2.52334 42.848
2.51609 42.947
2.54106 43.046
2.52737 43.145
2.53381 43.244
2.52817 43.343
2.52173 43.442
2.52656 43.541
2.52253 43.64
2.54268 43.739
2.52012 43.838
2.53542 43.937
2.52978 44.036
2.50723 44.135
2.53381 44.234
2.52414 44.333
2.51689 44.432
2.51931 44.531
2.51851 44.63
2.53865 44.729
2.52898 44.828
2.52173 44.927
2.50561 45.026
2.5459 45.125
2.49595 45.224
2.51448 45.323
2.52656 45.422
2.52012 45.521
2.50884 45.62
2.53462 45.719
2.53945 45.818
2.52012 45.917
2.53703 46.016
2.51448 46.115
2.53865 46.214
2.52656 46.313
2.5459 46.412
2.52737 46.511
2.54268 46.61
2.52012 46.709
2.53301 46.808
2.53945 46.907
2.53462 47.006
2.52817 47.105
2.51045 47.204
2.52012 47.303
2.54026 47.402
2.54348 47.501
2.52173 47.6
2.53381 47.699
2.51045 47.798
2.52656 47.897
2.52253 47.996
2.51931 48.095
2.52656 48.194
2.50642 48.293
2.51448 48.392
2.53784 48.491
2.52092 48.59
2.52253 48.689
2.52495 48.788
2.52898 48.887
2.54026 48.986
2.53542 49.085
2.53703 49.184
2.54751 49.283
2.54509 49.382
2.53623 49.481
2.52334 49.58
2.52495 49.679
2.52978 49.778
2.53301 49.877
2.52737 49.976
2.52495 50.075
2.52656 50.174
2.52817 50.273
2.5322 50.372
2.52334 50.471
2.53059 50.57
2.51851 50.669
2.53542 50.768
2.52253 50.867
2.5322 50.966
2.54187 51.065
2.52334 51.164
2.52173 51.263
2.53703 51.362
2.51125 51.461
2.52576 51.56
2.51851 51.659
2.51689 51.758
2.53703 51.857
2.52253 51.956
2.51528 52.055
2.52817 52.154
2.51528 52.253
2.53301 52.352
2.5177 52.451
2.53865 52.55
2.53945 52.649
2.52092 52.748
2.51609 52.847
2.52173 52.946
2.53542 53.045
2.52012 53.144
2.52495 53.243
2.52576 53.342
2.53381 53.441
2.52737 53.54
2.52978 53.639
2.52253 53.738
2.52978 53.837
2.52253 53.936
2.51609 54.035
2.52092 54.134
2.51448 54.233
2.52495 54.332
2.53865 54.431
2.52817 54.53
2.52495 54.629
2.51851 54.728
2.53623 54.827
2.53462 54.926
2.54268 55.025
2.52173 55.124
2.52737 55.223
2.51931 55.322
2.53462 55.421
2.51609 55.52
2.52737 55.619
2.52495 55.718
2.53301 55.817
2.53301 55.916
2.52656 56.015
2.51931 56.114
2.53865 56.213
2.52334 56.312
2.52012 56.411
2.51367 56.51
2.51851 56.609
2.53462 56.708
2.53059 56.807
2.51125 56.906
2.52737 57.005
2.54912 57.104
2.52334 57.203
2.50239 57.302
2.49836 57.401
2.49836 57.5
2.49917 57.599
2.49997 57.698
2.49997 57.797
2.50078 57.896
2.49997 57.995
2.49917 58.094
2.50159 58.193
2.5032 58.292
2.49836 58.391
2.49917 58.49
2.50078 58.589
2.5032 58.688
2.50159 58.787
2.49997 58.886
2.504 58.985
2.50078 59.084
2.5032 59.183
2.49756 59.282
2.49997 59.381
2.49756 59.48
2.49917 59.579
2.50239 59.678
2.50239 59.777
2.5032 59.876
2.50159 59.975
2.49756 60.074
2.50078 60.173
2.49917 60.272
2.5032 60.371
2.49997 60.47
2.50078 60.569
2.49997 60.668
2.49997 60.767
2.49997 60.866
2.49997 60.965
2.49997 61.064
2.5032 61.163
2.50239 61.262
2.50481 61.361
2.49836 61.46
2.50078 61.559
2.49997 61.658
2.49917 61.757
2.50078 61.856
2.50239 61.955
2.49917 62.054
2.49997 62.153
2.49997 62.252
2.50078 62.351
2.50078 62.45
2.50239 62.549
2.5032 62.648
2.5032 62.747
2.50239 62.846
2.49997 62.945
2.49917 63.044
2.50159 63.143
2.50078 63.242
2.50078 63.341
2.50078 63.44
2.50239 63.539
2.50239 63.638
2.49756 63.737
2.49917 63.836
2.504 63.935
2.49917 64.034
2.5032 64.133
2.50078 64.232
2.50159 64.331
2.49997 64.43
2.5032 64.529
2.50159 64.628
2.50078 64.727
2.50159 64.826
2.49917 64.925
2.50159 65.024
2.49997 65.123
2.50239 65.222
2.50239 65.321
2.49997 65.42
2.50078 65.519
2.5032 65.618
2.49997 65.717
2.50078 65.816
2.50239 65.915
2.49756 66.014
2.50159 66.113
2.49997 66.212
2.50078 66.311
2.49997 66.41
2.50078 66.509
2.49997 66.608
2.50481 66.707
2.50078 66.806
2.49917 66.905
2.50078 67.004
2.50239 67.103
2.50078 67.202
2.50159 67.301
2.49756 67.4
2.49836 67.499
2.49917 67.598
2.49997 67.697
2.49997 67.796
2.50078 67.895
2.50481 67.994
2.49997 68.093
2.49997 68.192
2.50239 68.291
2.49917 68.39
2.49756 68.489
2.50239 68.588
2.49997 68.687
2.50078 68.786
2.50159 68.885
2.50078 68.984
2.49997 69.083
2.49917 69.182
2.50159 69.281
2.49997 69.38
2.49997 69.479
2.49917 69.578
2.50159 69.677
2.504 69.776
2.50078 69.875
2.50239 69.974
2.50078 70.073
2.49997 70.172
2.50078 70.271
2.49917 70.37
2.49997 70.469
2.49997 70.568
2.50159 70.667
2.50159 70.766
2.49836 70.865
2.49997 70.964
2.50078 71.063
2.49997 71.162
2.50159 71.261
2.50078 71.36
2.5032 71.459
2.5032 71.558
2.50078 71.657
2.5032 71.756
2.50078 71.855
2.50239 71.954
2.49997 72.053
2.50239 72.152
2.49997 72.251
2.50078 72.35
2.50239 72.449
2.50239 72.548
2.50159 72.647
2.50078 72.746
2.50078 72.845
2.49997 72.944
2.50078 73.043
2.50078 73.142
