
10.76 2389 345 0 0   
 
10.86 2389 324 1 0   
 
10.96 2389 286 2 0   
 
11.06 2374 302 3 0   
 
11.16 2389 310 4 0   
 
11.27 2389 306 5 0   
 
11.37 2389 203 6 0   
 
11.47 2389 294 7 0   
 
11.57 2389 294 8 0   
 
11.67 2389 199 9 0   
 
11.78 2389 169 10 0   
 
11.88 2389 239 11 0   
 
11.98 2389 247 12 0   
 
12.08 2389 302 13 0   
 
12.18 2389 171 14 0   
 
12.29 2389 185 15 -19   
 
12.39 2389 281 16 -29   
 
12.49 2389 281 17 -39   
 
12.59 2389 266 18 -29   
 
12.69 2389 274 19 -39   
 
12.80 2389 285 20 -49   
 
12.90 2389 29 21 -39   
 
13.00 2389 154 22 -19   
 
13.10 2389 166 23 -29   
 
13.21 2389 32 24 -39   
 
13.31 2389 68 25 -39   
 
13.41 2389 263 26 -29   
 
13.51 2389 0 27 -19   
 
13.61 2389 0 28 -29   
 
13.72 2389 190 29 -39   
 
13.82 2389 124 30 -39   

13.92 2389 273 31 -29   
 
14.02 2389 172 32 -29   
 
14.13 2389 188 33 -49   
 
14.23 2389 189 34 -58   
 
14.33 2389 282 35 -68   
 
14.43 2389 266 36 -78   
 
14.53 2358 285 37 -98   
 
14.64 2358 192 38 -98   
 
14.74 2358 201 39 -88   
 
14.84 2327 195 40 -107   

14.94 2327 186 41 -107   
 
15.04 2327 166 42 -107   
 
15.15 2296 196 43 -117   
 
15.25 2265 193 44 -117   
 
15.35 2265 184 45 -127   
 
15.45 2234 185 46 -127   
 
15.56 2203 171 47 -137   
 
15.66 2203 309 48 -127   
 
15.76 2172 223 49 -117   
 
15.86 2172 211 50 -78   

15.97 2172 326 51 -19   
 
16.07 2172 327 52 -9   
 
16.17 2172 207 53 -88   
 
16.27 2172 307 54 -107   
 
16.37 2172 308 55 -98   
 
16.47 2172 204 56 -98   
 
16.58 2172 187 57 -98   
 
16.68 2172 157 58 -98   
 
16.78 2140 192 59 -98   
 
16.88 2140 161 60 -107   

16.99 2140 285 61 -117   
 
17.09 2140 303 62 -127   
 
17.19 2109 320 63 -137   
 
17.29 2109 181 64 -147   
 
17.39 2109 263 65 -147   
 
17.50 2078 245 66 -147   
 
17.60 2078 184 67 -137   
 
17.70 2047 176 68 -137   
 
17.80 2063 219 69 -137   
 
17.90 2047 349 69 -107   

18.01 2047 336 70 -68   
 
18.11 2047 189 71 -49   
 
18.21 2047 280 72 -107   
 
18.31 2047 187 73 -127   
 
18.42 2047 317 74 -127   
 
18.52 2063 288 75 -107   
 
18.62 2063 283 76 -117   
 
18.72 2047 291 77 -137   
 
18.83 2016 160 78 -137   
 
18.93 2016 175 79 -137   

19.03 2016 188 80 -137   
 
19.13 1954 297 81 -137   
 
19.23 1985 292 82 -147   
 
19.34 1985 286 83 -156   
 
19.44 1954 295 84 -147   
 
19.54 1954 190 85 -137   
 
19.64 1938 192 86 -147   
 
19.75 1938 178 87 -147   
 
19.85 1938 192 88 -117   
 
19.95 1892 338 89 -117   

20.05 1892 202 90 -78   
 
20.15 1892 170 91 -29   
 
20.26 1907 305 92 -58   
 
20.36 1907 302 93 -127   
 
20.46 1907 281 94 -117   
 
20.56 1892 284 95 -117   
 
20.67 1892 266 96 -127   
 
20.77 1892 283 97 -147   
 
20.87 1876 209 98 -156   
 
20.97 1876 150 99 -137   

21.07 1876 280 100 -137   
 
21.18 1845 293 101 -156   
 
21.28 1829 294 102 -147   
 
21.38 1814 256 103 -137   
 
21.48 1814 151 104 -127   
 
21.58 1783 280 105 -117   
 
21.69 1752 157 106 -107   
 
21.79 1752 205 107 -117   
 
21.89 1721 292 108 -107   
 
21.99 1721 342 108 -88   
 
22.10 1721 326 109 -9   

22.20 1721 326 110 9   
 
22.30 1721 176 111 -68   
 
22.40 1721 174 112 -98   
 
22.51 1752 211 113 -88   
 
22.61 1721 318 114 -78   
 
22.71 1705 314 115 -88   
 
22.81 1721 170 116 -98   
 
22.92 1690 168 117 -88   
 
23.02 1690 241 118 -88   
 
23.12 1690 156 119 -98   

23.22 1690 158 120 -107   
 
23.32 1658 182 121 -107   
 
23.43 1658 279 122 -98   
 
23.53 1627 295 123 -88   
 
23.63 1627 165 124 -78   
 
23.73 1596 155 125 -58   
 
23.83 1596 257 126 -49   
 
23.94 1565 178 127 -19   
 
24.04 1565 302 128 -9   
 
24.14 1565 338 129 9   

24.24 1565 326 130 49   
 
24.34 1565 313 131 0   
 
24.45 1565 301 132 -19   
 
24.55 1565 299 133 -19   
 
24.65 1565 156 134 -39   
 
24.75 1565 167 135 -29   
 
24.86 1534 282 136 -9   
 
24.96 1534 268 137 -29   
 
25.06 1534 114 138 -39   
 
25.16 1534 166 139 -49   

25.27 1534 286 140 -39   
 
25.37 1503 152 141 -49   
 
25.47 1503 152 142 -49   
 
25.57 1472 291 143 -58   
 
25.67 1472 163 144 -49   
 
25.78 1441 299 145 -49   
 
25.88 1441 188 146 -29   
 
25.98 1410 294 147 19   
 
26.08 1410 173 148 19   
 
26.18 1410 320 149 58   

26.29 1410 298 150 98   
 
26.39 1410 301 151 58   
 
26.49 1410 244 152 -9   
 
26.59 1410 288 153 -9   
 
26.70 1410 159 154 0   
 
26.80 1410 190 155 0   
 
26.90 1410 296 156 -19   
 
27.00 1379 150 157 -29   
 
27.10 1379 244 158 -29   
 
27.21 1379 172 159 -19   

27.31 1347 292 160 -29   
 
27.41 1347 169 161 -29   
 
27.51 1347 284 162 -39   
 
27.62 1316 305 163 -29   
 
27.72 1316 240 164 -29   
 
27.82 1285 180 165 -29   
 
27.92 1285 284 166 -19   
 
28.02 1254 255 167 -9   
 
28.13 1254 181 168 0   
 
28.23 1254 322 169 58   

28.33 1254 303 170 137   
 
28.43 1270 227 171 58   
 
28.54 1270 156 172 19   
 
28.64 1254 282 173 9   
 
28.74 1254 170 174 9   
 
28.84 1270 288 175 19   
 
28.94 1254 272 176 19   
 
29.05 1223 276 177 9   
 
29.15 1239 152 178 9   
 
29.25 1223 195 179 9   

29.35 1223 384 179 0   
 
29.46 1192 401 179 0   
 
29.56 1192 301 180 -19   
 
29.66 1192 134 181 -19   
 
29.76 1161 249 182 -19   
 
29.86 1161 148 183 0   
 
29.97 1161 144 184 19   
 
30.07 1145 269 185 19   
 
30.17 1130 287 186 29   
 
30.27 1130 293 187 49   

30.37 1130 297 188 78   
 
30.48 1130 284 189 39   
 
30.58 1130 287 190 19   
 
30.68 1130 280 191 19   
 
30.78 1130 263 192 19   
 
30.89 1130 134 193 19   
 
30.99 1130 258 194 9   
 
31.09 1130 148 195 9   
 
31.19 1099 280 196 -9   
 
31.29 1099 150 197 -19   

31.40 1099 271 198 -9   
 
31.50 1083 141 199 -9   
 
31.60 1068 164 200 -19   
 
31.70 1083 246 201 -9   
 
31.81 1052 175 202 -9   
 
31.91 1021 291 203 0   
 
32.01 1021 150 204 0   
 
32.11 990 151 205 0   
 
32.22 974 303 206 9   
 
32.32 974 184 207 19   

32.42 974 161 208 68   
 
32.52 974 262 209 88   
 
32.62 990 262 210 29   
 
32.73 990 188 211 0   
 
32.83 990 292 212 9   
 
32.93 974 148 213 9   
 
33.03 974 286 214 0   
 
33.13 974 277 215 0   
 
33.24 974 118 216 0   
 
33.34 959 137 217 0   

33.44 959 275 218 0   
 
33.54 943 160 219 0   
 
33.65 943 124 220 0   
 
33.75 912 251 221 -9   
 
33.85 928 177 222 0   
 
33.95 881 305 223 0   
 
34.05 896 160 224 0   
 
34.15 896 287 225 0   
 
34.26 850 162 226 0   
 
34.36 865 310 227 9   

34.46 850 152 228 49   
 
34.56 850 292 229 98   
 
34.67 865 140 230 9   
 
34.77 850 212 231 0   
 
34.87 865 263 232 0   
 
34.97 850 140 233 9   
 
35.08 850 276 234 9   
 
35.18 850 271 235 0   
 
35.28 834 266 236 0   
 
35.38 834 137 237 0   

35.48 865 176 238 0   
 
35.59 788 282 239 -19   
 
35.69 803 264 240 -9   
 
35.79 788 162 241 -9   
 
35.89 772 177 242 0   
 
35.99 741 277 243 9   
 
36.10 725 280 244 9   
 
36.20 710 266 245 29   
 
36.30 710 153 246 9   
 
36.40 663 236 247 0   

36.50 679 249 248 68   
 
36.61 679 112 249 117   
 
36.71 679 124 250 29   
 
36.81 663 93 251 -19   
 
36.91 679 239 252 -19   
 
37.02 663 108 253 -29   
 
37.12 679 244 254 -29   
 
37.22 648 241 255 -29   
 
37.32 632 103 256 -39   
 
37.42 632 261 257 -29   
 
37.53 601 288 258 -29   

37.63 617 272 259 -29   
 
37.73 617 267 260 -29   
 
37.83 585 270 261 -29   
 
37.94 554 296 262 -19   
 
38.04 554 152 263 -29   
 
38.14 523 171 264 -19   
 
38.24 523 213 265 -19   
 
38.34 492 261 266 -9   
 
38.45 477 144 267 0   
 
38.55 492 268 268 49   

38.65 477 273 269 107   
 
38.75 492 243 270 58   
 
38.85 477 111 271 0   
 
38.96 492 172 272 9   
 
39.06 492 91 273 9   
 
39.16 461 238 274 0   
 
39.26 461 108 275 0   
 
39.36 461 247 276 0   
 
39.47 461 117 277 -9   
 
39.57 461 129 278 0   

39.67 430 151 279 -9   
 
39.77 414 121 280 -9   
 
39.88 430 173 281 -19   
 
39.98 399 156 282 -19   
 
40.08 399 165 283 -19   
 
40.18 399 110 284 -9   
 
40.28 368 109 285 -9   
 
40.39 368 231 286 0   
 
40.49 368 138 287 0   
 
40.59 368 246 288 9   

40.69 368 224 289 29   
 
40.79 368 103 290 9   
 
40.90 368 123 291 -9   
 
41.00 368 133 292 0   
 
41.10 352 183 293 0   
 
41.20 368 222 294 0   
 
41.31 368 91 295 0   
 
41.41 368 216 296 0   
 
41.51 368 218 297 -9   
 
41.61 368 132 298 -9   

41.71 337 247 299 -19   
 
41.82 337 246 300 -29   
 
41.92 337 235 301 -19   
 
42.02 337 224 302 -29   
 
42.12 337 232 303 -19   
 
42.22 321 237 304 0   
 
42.33 321 98 305 0   
 
42.43 306 112 306 -9   
 
42.53 306 98 307 -19   
 
42.63 306 232 308 0   

42.74 306 245 309 0   
 
42.84 306 132 310 0   
 
42.94 306 90 311 -9   
 
43.04 306 224 312 -9   
 
43.14 306 231 313 0   
 
43.25 306 89 314 0   
 
43.35 306 223 315 -19   
 
43.45 306 233 316 -19   
 
43.55 306 107 317 -9   
 
43.65 306 125 318 -9   

43.76 306 95 319 -9   
 
43.86 306 221 320 -19   
 
43.96 306 224 321 -19   
 
44.06 274 93 322 -29   
 
44.17 274 87 323 -19   
 
44.27 274 232 324 -19   
 
44.37 274 253 325 -19   
 
44.47 274 107 326 -29   
 
44.57 274 111 327 -9   
 
44.68 399 130 328 0   

44.78 274 249 329 -9   
 
44.88 274 237 330 -9   
 
44.98 274 176 331 -19   
 
45.08 274 231 332 -29   
 
45.19 274 83 333 -19   
 
45.29 274 234 334 -29   
 
45.39 274 96 335 -19   
 
45.49 274 245 336 -19   
 
45.59 274 98 337 -29   
 
45.70 274 242 338 -39   

45.80 243 171 339 -29   
 
45.90 243 232 340 -39   
 
46.00 243 239 341 -29   
 
46.11 243 249 342 -19   
 
46.21 243 95 343 -29   
 
46.31 243 95 344 -29   
 
46.41 212 215 345 -19   
 
46.51 212 87 346 -9   
 
46.62 212 230 347 0   
 
46.72 212 244 348 0   

46.82 212 106 349 -19   
 
46.92 212 82 350 -9   
 
47.03 212 218 351 -9   
 
47.13 212 216 352 -9   
 
47.23 212 95 353 -19   
 
47.33 212 97 354 -29   
 
47.43 212 227 355 -29   
 
47.54 212 125 356 -19   
 
47.64 212 107 357 -29   
 
47.74 212 243 358 -19   

47.84 212 226 359 -19   
 
47.94 212 80 360 -9   
 
48.05 212 213 361 -29   
 
48.15 181 91 362 -29   
 
48.25 181 91 363 -9   
 
48.35 181 79 364 -9   
 
48.45 181 107 365 0   
 
48.56 181 222 366 -9   
 
48.66 181 232 367 0   
 
48.76 181 107 368 0   

48.86 181 91 369 9   
 
48.97 181 232 370 0   
 
49.07 181 127 371 0   
 
49.17 181 215 372 0   
 
49.27 181 229 373 0   
 
49.37 181 103 374 -9   
 
49.48 181 87 375 -19   
 
49.58 181 157 376 -9   
 
49.68 150 102 377 -9   
 
49.78 181 223 378 -9   

49.88 150 225 379 -9   
 
49.99 150 229 380 -19   
 
50.09 150 74 381 -19   
 
50.19 150 219 382 0   
 
50.29 150 85 383 -9   
 
50.40 150 73 384 -29   
 
50.50 150 211 385 0   
 
50.60 150 88 386 0   
 
50.70 150 118 387 9   
 
50.80 150 223 388 19   

50.91 150 162 389 0   
 
51.01 150 109 390 0   
 
51.11 150 214 391 0   
 
51.21 150 228 392 -9   
 
51.31 150 227 393 0   
 
51.42 150 98 394 0   
 
51.52 150 87 395 0   
 
51.62 150 209 396 0   
 
51.72 150 222 397 -9   
 
51.82 150 78 398 -9   
 
51.93 150 237 399 0   

52.03 150 174 400 -9   
 
52.13 150 219 401 0   
 
52.23 150 213 402 -19   
 
52.34 150 145 403 -19   
 
52.44 150 76 404 0   
 
52.54 150 225 405 9   
 
52.64 150 217 406 0   
 
52.74 150 227 407 0   
 
52.85 150 223 408 -9   
 
52.95 150 104 409 0   

53.05 150 230 410 0   
 
53.15 150 204 411 0   
 
53.25 150 219 412 -9   
 
53.36 150 96 413 -19   
 
53.46 150 94 414 -19   
 
53.56 150 208 415 -9   
 
53.66 150 85 416 -9   
 
53.77 150 233 417 -19   
 
53.87 150 85 418 -19   
 
53.97 135 105 419 -19   

54.07 150 70 420 -29   
 
54.17 150 232 421 -39   
 
54.28 150 249 422 -19   
 
54.38 150 223 423 -19   
 
54.48 150 88 424 -19   
 
54.58 150 88 425 -19   
 
54.68 150 227 426 -19   
 
54.79 150 231 427 -19   
 
54.89 150 107 428 -9   
 
54.99 150 102 429 -9   

55.09 150 217 430 -29   
 
55.20 259 176 431 -29   
 
55.30 150 204 432 -19   
 
55.40 150 83 433 -19   
 
55.50 150 79 434 -19   
 
55.60 150 71 435 -29   
 
55.71 150 114 436 -29   
 
55.81 150 93 437 -29   
 
55.91 150 93 438 -19   
 
56.01 150 108 439 -19   

56.12 150 222 440 -29   
 
56.22 150 219 441 -19   
 
56.32 150 215 442 -19   
 
56.42 166 221 443 -19   
 
56.52 150 213 444 -9   
 
56.63 150 215 445 -9   
 
56.73 150 232 446 -9   
 
56.83 150 139 447 -9   
 
56.93 150 239 448 -19   
 
57.03 150 244 449 -19   

57.14 150 665 449 -9   
 
57.24 150 696 449 0   
 
57.34 150 446 449 -9   
 
57.44 150 541 449 -9   
 
57.54 150 469 449 -9   
 
57.65 150 434 449 -9   
 
57.75 150 307 450 -9   
 
57.85 150 284 451 -9   
 
57.95 150 228 452 -9   
 
58.06 150 307 453 -9   
 
58.16 150 117 454 -9   
 
58.26 150 197 455 -9   
 
58.36 150 215 456 -9   
 
58.46 150 153 457 -9   
 
58.56 150 186 458 -19   
 
58.67 150 99 459 -19   
 
58.77 150 51 460 -9   
 
58.87 150 154 461 -29   
 
58.97 150 196 462 -19   
 
59.08 150 120 463 -19   
 
59.18 150 320 464 -19   
 
59.28 150 400 464 -9   
 
59.38 150 585 464 -19   
 
59.49 150 391 464 -19   
 
59.59 150 98 465 -9   
 
59.69 150 163 466 0   
 
59.79 150 227 467 0   
 
59.89 150 386 467 -19   
 
60.00 150 270 468 -19   
 
60.10 150 323 469 -9   
 
60.20 150 289 470 -19   
 
60.30 150 196 471 -9   
 
60.40 150 172 472 -29   
 
60.51 150 161 473 -29   
 
60.61 150 158 474 -29   
 
60.71 150 143 475 -39   
 
60.81 150 140 476 -29   
 
60.91 150 172 477 -29   
 
61.02 150 317 478 -39   
 
61.12 150 288 479 -39   
 
61.22 150 38 480 -39   
 
61.32 150 25 481 -29   
 
61.42 150 54 482 -39   
 
61.53 150 37 483 -29   
 
61.63 150 0 484 -39   
 
61.73 150 121 485 -49   
 
61.83 150 163 486 -39   
 
61.94 150 151 487 -39   
 
62.04 150 27 488 -39   
 
62.14 150 132 489 -39   
 
62.24 150 217 490 -29   
 
62.34 150 180 491 -29   
 
62.45 150 146 492 -29   
 
62.55 150 107 493 -29   
 
62.65 150 0 494 -39   
 
62.75 150 34 495 -39   
 
62.86 150 162 496 -29   
 
62.96 150 187 497 -29   
 
63.06 150 142 498 -39   
 
63.16 150 89 499 -39   
 
63.26 150 58 500 -29   
 
63.37 150 145 501 -29   
 
63.47 150 173 502 -29   
 
63.57 150 166 503 -29   
 
63.67 150 182 504 -29   
 
63.77 150 180 505 -29   
 
63.88 150 133 506 -29   
 
63.98 150 130 507 -39   
 
64.08 150 146 508 -29   
 
64.18 150 141 509 -29   
 
64.28 150 134 510 -29   
 
64.39 150 110 511 -29   
 
64.49 150 73 512 -39   
 
64.59 150 83 513 -39   
 
64.69 150 110 514 -39   
 
64.79 150 120 515 -39   
 
64.90 150 128 516 -49   
 
65.00 150 73 517 -39   
 
65.10 150 78 518 -29   
 
65.20 150 126 519 -39   
 
65.30 150 137 520 -39   
 
65.41 150 138 521 -49   
 
65.51 150 124 522 -39   
 
65.61 150 123 523 -29   
 
65.71 150 118 524 -29   
 
65.82 150 107 525 -29   
 
65.92 150 111 526 -49   
 
66.02 150 117 527 -49   
 
66.12 150 108 528 -39   
 
66.22 150 98 529 -39   
 
66.33 150 104 530 -39   
 
66.43 150 104 531 -39   
 
66.53 150 99 532 -39   
 
66.63 150 94 533 -39   
 
66.74 150 106 534 -39   
 
66.84 150 102 535 -39   
 
66.94 150 97 536 -39   
 
67.04 290 94 537 -39   
 
67.14 150 99 538 -39  