11.639 11.1467
11.652 11.1084
11.665 10.6487
11.678 10.1124
11.691 9.26973
11.704 8.50364
11.717 7.43111
11.73 6.47349
11.743 5.55418
11.756 4.63487
11.769 4.0986
11.782 3.83047
11.795 4.17521
11.808 5.24774
11.821 6.5118
11.834 8.08229
11.847 9.61448
11.86 11.0701
11.873 12.3724
11.886 12.8704
11.899 13.1002
11.912 12.9853
11.925 12.7938
11.938 12.5256
11.951 11.9511
11.967 11.2999
11.98 10.4572
11.993 9.76769
12.006 8.73347
12.019 7.43111
12.032 6.12875
12.045 5.13283
12.058 4.29012
12.071 4.0603
12.084 4.36673
12.097 5.13283
12.11 6.35858
12.123 7.92907
12.136 9.57617
12.149 11.0318
12.162 12.6022
12.175 13.7514
12.188 14.3643
12.201 14.5175
12.214 14.0195
12.227 13.4066
12.24 12.449
12.253 11.3382
12.266 9.88261
12.279 8.54194
12.292 7.04806
12.305 5.51587
12.318 3.98369
12.331 2.4898
12.344 1.49388
12.357 2.06845
12.37 2.94946
12.383 5.43926
12.396 7.54602
12.409 9.57617
12.422 11.2999
12.435 12.6022
12.448 13.828
12.461 14.211
12.474 14.4409
12.487 14.2493
12.5 13.5982
12.513 12.7938
12.526 12.0277
12.539 10.8019
12.552 9.69109
12.565 7.66094
12.578 5.89892
12.591 4.0986
12.604 2.71963
12.617 1.6088
12.63 1.45558
12.643 2.10676
12.656 3.63894
12.669 5.55418
12.682 8.12059
12.695 10.1507
12.708 11.9894
12.721 13.6748
12.734 15.2453
12.747 16.0497
12.76 16.4327
12.773 16.088
12.786 15.1303
12.799 13.7514
12.812 12.1809
12.825 10.687
12.838 8.81008
12.854 7.00976
12.867 5.20944
12.88 3.2942
12.893 1.95354
12.906 1.37897
12.919 1.95354
12.932 3.17929
12.945 5.20944
12.958 7.81416
12.971 9.65278
12.984 10.9934
12.997 12.0277
13.01 12.5639
13.023 12.7555
13.036 13.0619
13.049 13.7897
13.062 14.0195
13.075 13.9046
13.088 13.1768
13.101 11.7978
13.114 10.0358
13.127 7.3545
13.14 5.01791
13.153 3.10268
13.166 1.53219
13.179 0.766094
13.192 1.03423
13.205 2.14506
13.218 4.36673
13.231 6.81823
13.244 9.42295
13.257 11.8745
13.27 13.5599
13.283 14.3643
13.296 14.6707
13.309 14.2493
13.322 13.8663
13.335 13.4833
13.348 12.7555
13.361 11.7595
13.374 10.7253
13.387 9.42295
13.4 7.43111
13.413 5.05622
13.426 2.60472
13.439 1.34066
13.452 0.957617
13.465 1.49388
13.478 3.52403
13.491 5.93723
13.504 8.65686
13.517 10.7636
13.53 12.4873
13.543 14.2493
13.556 14.6324
13.569 14.7473
13.582 14.6324
13.595 14.4409
13.608 14.3643
13.621 14.0961
13.634 13.5982
13.647 12.5256
13.66 10.304
13.673 8.23551
13.686 5.78401
13.699 3.40912
13.712 1.6471
13.725 1.22575
13.741 1.41727
13.754 2.41319
13.767 4.44334
13.78 6.5501
13.793 8.42703
13.806 10.8019
13.819 12.7938
13.832 13.9429
13.845 14.709
13.858 14.9771
13.871 14.5941
13.884 13.828
13.897 12.9087
13.91 11.8361
13.923 10.5338
13.936 9.07821
13.949 7.43111
13.962 5.82231
13.975 4.44334
13.988 2.71963
14.001 2.03015
14.014 1.6471
14.027 1.91523
14.04 2.79624
14.053 4.51995
14.066 6.01384
14.079 7.73755
14.092 9.30804
14.105 10.7636
14.118 12.066
14.131 13.5599
14.144 14.7856
14.157 15.8581
14.17 16.4327
14.183 16.3944
14.196 15.6283
14.209 14.1727
14.222 11.9128
14.235 10.0741
14.248 8.12059
14.261 6.43519
14.274 4.86469
14.287 3.44742
14.3 2.71963
14.313 2.41319
14.326 2.91116
14.339 4.17521
14.352 5.86062
14.365 7.89076
14.378 9.76769
14.391 11.185
14.404 12.2192
14.417 12.6022
14.43 12.7938
14.443 12.8704
14.456 12.9853
14.469 12.9087
14.482 13.1768
14.495 13.828
14.508 13.6748
14.521 12.1809
14.534 9.99752
14.547 7.54602
14.56 4.86469
14.573 2.91116
14.586 1.68541
14.599 1.22575
14.612 1.07253
14.628 1.26405
14.641 1.87693
14.654 2.94946
14.667 4.17521
14.68 6.28197
14.693 8.12059
14.706 9.99752
14.719 11.9894
14.732 13.7897
14.745 15.3219
14.758 16.088
14.771 16.0114
14.784 15.6666
14.797 15.1303
14.81 14.3643
14.823 13.7131
14.836 12.6022
14.849 11.1467
14.862 9.8443
14.875 9.57617
14.888 8.69516
14.901 7.69924
14.914 6.5118
14.927 5.86062
14.94 5.89892
14.953 6.35858
14.966 7.23959
14.979 8.50364
14.992 9.34634
15.005 9.76769
15.018 10.304
15.031 10.3423
15.044 10.1124
15.057 9.8443
15.07 9.26973
15.083 8.1972
15.096 6.5501
15.109 5.05622
15.122 3.79216
15.135 3.17929
15.148 3.44742
15.161 4.48165
15.174 5.86062
15.187 7.58433
15.2 9.26973
15.213 10.9934
15.226 12.6788
15.239 13.9429
15.252 14.6324
15.265 14.7473
15.278 14.0195
15.291 12.947
15.304 11.2999
15.317 9.23143
15.33 7.20128
15.343 5.36266
15.356 3.83047
15.369 2.94946
15.382 2.94946
15.395 3.56234
15.408 5.09452
15.421 7.31619
15.434 9.88261
15.447 11.4531
15.46 12.6788
15.473 13.0236
15.486 13.1002
15.499 12.7555
15.515 13.0236
15.528 13.2917
15.541 13.7131
15.554 13.5216
15.567 12.5639
15.58 10.8785
15.593 8.65686
15.606 5.55418
15.619 3.10268
15.632 1.6088
15.645 1.03423
15.658 1.22575
15.671 2.10676
15.684 3.56234
15.697 5.01791
15.71 6.81823
15.723 9.30804
15.736 11.2616
15.749 13.33
15.762 14.9388
15.775 15.9347
15.788 16.1263
15.801 15.9347
15.814 15.59
15.827 15.207
15.84 14.0961
15.853 12.7555
15.866 11.1084
15.879 9.42295
15.892 7.12467
15.905 5.24774
15.918 3.56234
15.931 1.99184
15.944 1.11084
15.957 0.727789
15.97 0.727789
15.983 1.34066
15.996 2.64302
16.009 4.59656
16.022 6.16705
16.035 8.04398
16.048 9.806
16.061 11.5297
16.074 13.2917
16.087 14.326
16.1 14.9005
16.113 15.5517
16.126 16.1263
16.139 16.088
16.152 15.7815
16.165 15.6666
16.178 14.9771
16.191 11.7212
16.204 7.43111
16.217 5.7457
16.23 4.25182
16.243 2.71963
16.256 1.95354
16.269 1.26405
16.282 1.41727
16.295 2.06845
16.308 3.2942
16.321 4.78809
16.334 6.58841
16.347 8.46534
16.36 10.5721
16.373 12.3724
16.386 13.5599
16.402 14.1727
16.415 14.2493
16.428 14.4409
16.441 14.9005
16.454 15.4751
16.467 15.6283
16.48 15.2836
16.493 13.4449
16.506 10.2657
16.519 8.96329
16.532 7.08637
16.545 5.09452
16.558 3.10268
16.571 1.91523
16.584 0.804398
16.597 0.612875
16.61 0.65118
16.623 1.26405
16.636 2.33659
16.649 3.79216
16.662 5.7074
16.675 7.96737
16.688 10.4189
16.701 13.4833
16.714 14.9771
16.727 15.6283
16.74 15.59
16.753 15.207
16.766 14.8622
16.779 14.5558
16.792 14.326
16.805 13.7514
16.818 11.6063
16.831 9.99752
16.844 8.96329
16.857 7.81416
16.87 6.35858
16.883 4.903
16.896 3.63894
16.909 2.91116
16.922 2.4515
16.935 2.4898
16.948 2.98777
16.961 3.44742
16.974 4.36673
16.987 5.28605
17.0 6.81823
17.013 8.38873
17.026 9.95922
17.039 11.6829
17.052 13.5599
17.065 15.207
17.078 16.471
17.091 17.2754
17.104 17.5435
17.117 17.2754
17.13 16.0497
17.143 14.709
17.156 10.9551
17.169 9.49956
17.182 8.38873
17.195 7.31619
17.208 5.86062
17.221 3.94538
17.234 2.64302
17.247 1.83862
17.26 1.76202
17.273 2.56641
17.289 3.83047
17.302 5.36266
17.315 6.81823
17.328 8.46534
17.341 9.65278
17.354 10.687
17.367 11.3765
17.38 12.0277
17.393 12.6788
17.406 13.4066
17.419 14.5175
17.432 15.7432
17.445 16.5093
17.458 15.2453
17.471 12.6788
17.484 10.1124
17.497 8.31211
17.51 6.32027
17.523 4.82639
17.536 3.33251
17.549 2.18337
17.562 1.22575
17.575 0.919312
17.588 0.881008
17.601 1.11084
17.614 1.68541
17.627 3.10268
17.64 4.40504
17.653 6.16705
17.666 7.89076
17.679 9.95922
17.692 11.7212
17.705 13.2534
17.718 14.4792
17.731 15.5134
17.744 16.2029
17.757 16.5093
17.77 17.0839
17.783 17.5818
17.796 17.1605
17.809 14.211
17.822 11.9511
17.835 11.8745
17.848 11.2616
17.861 9.8443
17.874 8.23551
17.887 6.28197
17.9 4.40504
17.913 2.79624
17.926 2.29828
17.939 1.99184
17.952 2.41319
17.965 3.17929
17.978 4.55826
17.991 5.97553
18.004 7.58433
18.017 9.30804
18.03 10.6487
18.043 11.5297
18.056 12.2192
18.069 12.9087
18.082 13.828
18.095 14.9771
18.108 15.7815
18.121 14.9005
18.134 13.9429
18.147 11.9894
18.16 10.2273
18.176 9.15482
18.189 7.96737
18.202 6.47349
18.215 5.36266
18.228 4.0603
18.241 2.91116
18.254 1.91523
18.267 1.6471
18.28 1.6471
18.293 2.18337
18.306 3.17929
18.319 4.63487
18.332 5.78401
18.345 6.93315
18.358 8.1972
18.371 9.61448
18.384 10.8402
18.397 12.1426
18.41 13.5216
18.423 15.092
18.436 16.969
18.449 18.0032
18.462 17.9649
18.475 16.2795
18.488 13.5599
18.501 11.7595
18.514 10.687
18.527 10.1124
18.54 9.69109
18.553 8.42703
18.566 7.16298
18.579 5.36266
18.592 4.17521
18.605 2.94946
18.618 2.4898
18.631 2.4898
18.644 2.83455
18.657 3.83047
18.67 5.01791
18.683 5.97553
18.696 6.89484
18.709 7.54602
18.722 8.61855
18.735 9.76769
18.748 10.9551
18.761 12.6405
18.774 15.0154
18.787 16.6242
18.8 17.4669
18.813 17.2371
18.826 15.8964
18.839 13.8663
18.852 12.4873
18.865 11.3765
18.878 10.5721
18.891 9.61448
18.904 8.58025
18.917 7.16298
18.93 5.66909
18.943 4.17521
18.956 2.91116
18.969 2.22167
18.982 1.76202
18.995 1.87693
19.008 2.4515
19.021 3.10268
19.034 3.71555
19.047 4.78809
19.063 5.40096
19.076 6.20536
19.089 7.20128
19.102 8.1972
19.115 9.53786
19.128 11.1084
19.141 12.947
19.154 14.9771
19.167 16.471
19.18 17.4669
19.193 17.2371
19.206 16.471
19.219 15.2453
19.232 13.1385
19.245 11.9511
19.258 10.8785
19.271 9.92091
19.284 9.49956
19.297 8.1589
19.31 6.97145
19.323 5.40096
19.336 3.98369
19.349 2.94946
19.362 2.71963
19.375 2.71963
19.388 3.63894
19.401 4.74978
19.414 6.28197
19.427 7.20128
19.44 8.08229
19.453 8.73347
19.466 9.69109
19.479 10.6487
19.492 12.2575
19.505 14.1727
19.518 15.8581
19.531 17.1605
19.544 17.2371
19.557 16.4327
19.57 14.9005
19.583 12.2575
19.596 10.4189
19.609 9.11651
19.622 7.77585
19.635 6.62671
19.648 5.28605
19.661 4.29012
19.674 3.17929
19.687 2.18337
19.7 1.6471
19.713 1.6471
19.726 2.03015
19.739 2.56641
19.752 3.56234
19.765 4.74978
19.778 5.78401
19.791 6.39688
19.804 6.89484
19.817 7.54602
19.83 8.42703
19.843 9.99752
19.856 12.1426
19.869 14.8239
19.882 17.8117
19.895 19.4588
19.908 19.612
19.921 18.4246
19.934 15.3985
19.95 13.0236
19.963 11.185
19.976 9.99752
19.989 9.46126
20.002 8.81008
20.015 8.00568
20.028 6.62671
20.041 4.82639
20.054 3.21759
20.067 2.37489
20.08 1.95354
20.093 1.80032
20.106 2.29828
20.119 3.14098
20.132 4.32843
20.145 5.24774
20.158 6.01384
20.171 6.35858
20.184 6.85654
20.197 7.81416
20.21 9.19312
20.223 11.7595
20.236 14.326
20.249 16.7775
20.262 18.6927
20.275 19.5737
20.288 19.0374
20.301 17.3903
20.314 14.9388
20.327 12.5639
20.34 10.4955
20.353 9.65278
20.366 9.19312
20.379 8.65686
20.392 7.27789
20.405 5.51587
20.418 3.52403
20.431 2.14506
20.444 1.26405
20.457 1.22575
20.47 1.87693
20.483 3.60064
20.496 5.78401
20.509 8.1972
20.522 9.34634
20.535 9.69109
20.548 9.72939
20.561 10.189
20.574 11.3765
20.587 12.8321
20.6 14.6324
20.613 16.2029
20.626 17.0073
20.639 16.5859
20.652 15.4368
20.665 13.4833
20.678 10.4572
20.691 8.1589
20.704 5.97553
20.717 4.17521
20.73 2.68133
20.743 1.87693
20.756 1.22575
20.769 0.881008
20.782 0.995922
20.795 1.37897
20.808 2.18337
20.821 3.44742
20.837 5.13283
20.85 7.43111
20.863 9.49956
20.876 11.3382
20.889 12.947
20.902 14.8622
20.915 15.8581
20.928 16.5476
20.941 16.5859
20.954 16.5476
20.967 16.0114
20.98 15.3219
20.993 14.4409
21.006 13.4833
21.019 12.5256
21.032 11.1084
21.045 9.30804
21.058 7.04806
21.071 4.74978
21.084 2.10676
21.097 0.727789
21.11 0.306437
21.123 0.229828
21.136 0.65118
21.149 1.80032
21.162 3.63894
21.175 5.7074
21.188 7.92907
21.201 10.5338
21.214 12.6405
21.227 14.5941
21.24 15.7815
21.253 16.5093
21.266 16.5476
21.279 15.9731
21.292 15.092
21.305 14.1727
21.318 13.2151
21.331 12.449
21.344 11.6829
21.357 10.6104
21.37 9.0016
21.383 7.20128
21.396 5.09452
21.409 3.17929
21.422 1.68541
21.435 0.497961
21.448 0.229828
21.461 0.191523
21.474 0.383047
21.487 1.49388
21.5 2.71963
21.513 4.36673
21.526 6.39688
21.539 8.27381
21.552 11.0701
21.565 13.5599
21.578 15.6283
21.591 17.5435
21.604 18.3479
21.617 17.7734
21.63 16.2795
21.643 14.8622
21.656 13.33
21.669 12.4107
21.682 11.7212
21.695 11.1467
21.708 10.1124
21.724 8.84838
21.737 6.93315
21.75 4.63487
21.763 2.22167
21.776 1.07253
21.789 0.612875
21.802 0.65118
21.815 1.30236
21.828 3.21759
21.841 4.82639
21.854 6.35858
21.867 7.85246
21.88 9.42295
21.893 10.9934
21.906 12.6405
21.919 14.4026
21.932 15.9731
21.945 17.5052
21.958 18.1564
21.971 18.0032
21.984 16.8158
21.997 14.9388
22.01 13.5216
22.023 12.2575
22.036 10.9934
22.049 9.69109
22.062 7.69924
22.075 5.78401
22.088 3.90708
22.101 2.22167
22.114 0.995922
22.127 0.497961
22.14 0.268133
22.153 0.344742
22.166 0.804398
22.179 1.72371
22.192 3.17929
22.205 4.59656
22.218 5.86062
22.231 7.50772
22.244 9.03991
22.257 10.7253
22.27 12.7555
22.283 15.1303
22.296 16.969
22.309 17.85
22.322 17.7734
22.335 17.2371
22.348 16.1263
22.361 14.9005
22.374 13.5982
22.387 12.7555
22.4 11.9894
22.413 10.1507
22.426 8.61855
22.439 6.66501
22.452 4.82639
22.465 2.87285
22.478 1.91523
22.491 1.26405
22.504 1.18745
22.517 1.34066
22.53 2.37489
22.543 3.75386
22.556 5.47757
22.569 7.20128
22.582 9.0016
22.595 10.6487
22.611 12.2192
22.624 13.828
22.637 15.092
22.65 16.2029
22.663 16.8924
22.676 17.4286
22.689 16.7775
22.702 15.2453
22.715 13.5216
22.728 12.1426
22.741 10.7636
22.754 9.11651
22.767 6.93315
22.78 4.67317
22.793 2.4898
22.806 0.65118
22.819 0.153219
22.832 0.0
22.845 0.0
22.858 0.383047
22.871 1.49388
22.884 3.10268
22.897 4.903
22.91 6.66501
22.923 9.0016
22.936 10.7253
22.949 12.6788
22.962 14.5941
22.975 15.9731
22.988 16.9307
23.001 16.9307
23.014 16.0497
23.027 14.7473
23.04 13.7514
23.053 12.6788
23.066 12.2958
23.079 11.7978
23.092 11.2233
23.105 10.0358
23.118 8.77177
23.131 6.97145
23.144 5.09452
23.157 3.48573
23.17 2.52811
23.183 1.80032
23.196 1.49388
23.209 1.49388
23.222 1.6471
23.235 2.29828
23.248 3.10268
23.261 4.48165
23.274 6.74162
23.287 8.88668
23.3 10.9934
23.313 13.1002
23.326 15.092
23.339 16.2412
23.352 17.0073
23.365 16.6242
23.378 16.3178
23.391 15.4751
23.404 14.5175
23.417 13.6748
23.43 12.8704
23.443 11.7212
23.456 10.5338
23.469 9.03991
23.482 6.47349
23.498 4.21351
23.511 2.75794
23.524 1.91523
23.537 1.49388
23.55 2.14506
23.563 3.10268
23.576 4.44334
23.589 6.16705
23.602 7.66094
23.615 9.69109
23.628 11.2616
23.641 12.6022
23.654 13.5982
23.667 14.326
23.68 14.5175
23.693 14.6707
23.706 14.4792
23.719 13.7131
23.732 12.5256
23.745 11.3382
23.758 10.0741
23.771 8.88668
23.784 7.08637
23.797 5.55418
23.81 4.17521
23.823 2.94946
23.836 2.03015
23.849 1.37897
23.862 0.995922
23.875 0.995922
23.888 1.18745
23.901 1.87693
23.914 2.98777
23.927 4.32843
23.94 6.05214
23.953 8.12059
23.966 10.687
23.979 12.8704
23.992 14.8622
24.005 16.5859
24.018 17.8883
24.031 18.5012
24.044 17.9266
24.057 16.8541
24.07 15.207
24.083 14.2493
24.096 14.1344
24.109 14.0195
24.122 13.3683
24.135 11.4914
24.148 9.26973
24.161 6.74162
24.174 4.36673
24.187 2.87285
24.2 2.06845
24.213 2.10676
24.226 2.87285
24.239 4.02199
24.252 5.89892
24.265 7.50772
24.278 9.0016
24.291 10.1507
24.304 11.0318
24.317 11.7212
24.33 11.9511
24.343 12.3724
24.356 12.8321
24.369 13.2534
24.385 13.33
24.398 12.6405
24.411 11.9128
24.424 10.5338
24.437 9.49956
24.45 7.77585
24.463 6.05214
24.476 3.79216
24.489 2.33659
24.502 1.22575
24.515 0.65118
24.528 0.268133
24.541 0.153219
24.554 0.344742
24.567 0.842703
24.58 1.6088
24.593 3.02607
24.606 4.86469
24.619 7.31619
24.632 10.2657
24.645 14.1344
24.658 16.8924
24.671 18.1564
24.684 18.0798
24.697 17.3137
24.71 16.0114
24.723 14.9388
24.736 14.5175
24.749 14.5558
24.762 14.8239
24.775 15.092
24.788 14.8239
24.801 13.9429
24.814 12.1426
24.827 9.23143
24.84 6.5118
24.853 4.13691
24.866 2.60472
24.879 1.49388
24.892 0.995922
24.905 1.22575
24.918 1.6471
24.931 2.56641
24.944 4.0603
24.957 5.66909
24.97 7.50772
24.983 9.34634
24.996 11.1467
25.009 12.6405
25.022 13.828
25.035 14.6324
25.048 14.5175
25.061 13.7131
25.074 12.9853
25.087 12.449
25.1 12.2192
25.113 12.1043
25.126 11.568
25.139 10.9934
25.152 9.95922
25.165 8.77177
25.178 6.85654
25.191 5.43926
25.204 3.83047
25.217 2.56641
25.23 1.49388
25.243 0.842703
25.256 0.881008
25.272 1.6088
25.285 2.83455
25.298 4.21351
25.311 5.47757
25.324 7.12467
25.337 9.34634
25.35 11.3765
25.363 13.7897
25.376 16.088
25.389 18.0798
25.402 19.4588
25.415 19.3056
25.428 18.0798
25.441 16.2795
25.454 14.0961
25.467 12.6405
25.48 11.6829
25.493 10.8785
25.506 10.0358
25.519 8.61855
25.532 6.66501
25.545 4.32843
25.558 2.06845
25.571 0.57457
25.584 0.268133
25.597 0.383047
25.61 0.612875
25.623 1.87693
25.636 4.40504
25.649 6.35858
25.662 8.00568
25.675 9.30804
25.688 10.2273
25.701 11.2616
25.714 12.3341
25.727 13.5599
25.74 15.3985
25.753 17.85
25.766 18.5395
25.779 17.9266
25.792 17.4286
25.805 15.5517
25.818 13.6365
25.831 11.6829
25.844 9.99752
25.857 8.31211
25.87 6.24366
25.883 4.63487
25.896 2.87285
25.909 1.26405
25.922 0.344742
25.935 0.0383047
25.948 0.0766094
25.961 0.191523
25.974 0.919312
25.987 2.41319
26.0 4.59656
26.013 6.39688
26.026 7.77585
26.039 9.26973
26.052 9.806
26.065 10.9551
26.078 12.1043
26.091 14.6707
26.104 16.8541
26.117 18.731
26.13 19.4971
26.143 18.3479
26.159 16.5476
26.172 14.6324
26.185 12.4873
26.198 10.4572
26.211 9.30804
26.224 7.43111
26.237 5.59248
26.25 4.02199
26.263 2.64302
26.276 1.99184
26.289 1.87693
26.302 1.95354
26.315 2.71963
26.328 3.44742
26.341 4.59656
26.354 5.86062
26.367 6.77993
26.38 7.85246
26.393 8.54194
26.406 9.42295
26.419 10.304
26.432 11.6063
26.445 13.4066
26.458 15.59
26.471 17.4286
26.484 18.5395
26.497 18.731
26.51 17.8883
26.523 16.5093
26.536 14.5558
26.549 11.9128
26.562 10.1124
26.575 8.54194
26.588 7.08637
26.601 5.36266
26.614 3.21759
26.627 1.6088
26.64 0.344742
26.653 0.114914
26.666 0.114914
26.679 0.497961
26.692 1.45558
26.705 3.52403
26.718 5.59248
26.731 8.00568
26.744 9.49956
26.757 9.95922
26.77 10.4955
26.783 11.4914
26.796 12.5639
26.809 14.0578
26.822 16.088
26.835 17.9649
26.848 18.6927
26.861 18.2713
26.874 16.9307
26.887 15.2836
26.9 13.0619
26.913 11.0701
26.926 8.96329
26.939 6.5118
26.952 3.48573
26.965 1.45558
26.978 0.0766094
26.991 -0.229828
27.004 -0.306437
27.017 -0.153219
27.03 -0.0383047
27.046 0.689484
27.059 3.63894
27.072 6.09044
27.085 8.1972
27.098 10.304
27.111 12.6405
27.124 15.59
27.137 16.8541
27.15 16.8541
27.163 16.0497
27.176 15.3602
27.189 14.4026
27.202 13.3683
27.215 13.2151
27.228 12.9853
27.241 12.3724
27.254 11.4531
27.267 9.95922
27.28 7.66094
27.293 4.36673
27.306 2.06845
27.319 0.689484
27.332 0.191523
27.345 0.0
27.358 0.114914
27.371 0.459656
27.384 0.804398
27.397 0.995922
27.41 1.45558
27.423 2.29828
27.436 3.86877
27.449 6.35858
27.462 9.46126
27.475 13.0236
27.488 15.207
27.501 15.2836
27.514 14.0961
27.527 11.0701
27.54 9.57617
27.553 9.07821
27.566 13.3683
27.579 19.0757
27.592 24.017
27.605 20.8761
27.618 13.6748
27.631 9.15482
27.644 5.66909
27.657 3.98369
27.67 2.94946
27.683 2.60472
27.696 2.83455
27.709 4.97961
27.722 8.31211
27.735 12.1809
27.748 15.3602
27.761 14.7473
