   5.706  1.11084  -0.191523  9.49956 
   5.809  0.957617  -0.344742  9.15482 
   5.911  0.881008  -0.191523  9.49956 
   6.014  0.804398  -0.306437  9.49956 
   6.115  1.11084  -0.114914  9.34634 
   6.217  0.957617  -0.268133  9.34634 
   6.319  0.995922  -0.114914  9.49956 
   6.422  0.842703  -0.114914  9.65278 
   6.524  0.995922  -0.153219  9.34634 
   6.626  0.919312  -0.229828  9.57617 
   6.729  0.957617  -0.0383047  9.53786 
   6.831  0.957617  -0.0766094  9.46126 
   6.934  0.957617  -0.153219  9.53786 
   7.036  0.995922  0.0383047  9.49956 
   7.139  1.03423  -0.114914  9.38465 
   7.241  1.14914  -0.153219  9.42295 
   7.343  0.919312  -0.0766094  9.42295 
   7.444  1.07253  -0.268133  9.65278 
   7.546  1.03423  -0.268133  9.49956 
   7.649  1.11084  -0.268133  9.69109 
   7.751  0.995922  -0.191523  9.49956 
   7.854  1.07253  -0.153219  9.76769 
   7.956  0.881008  -0.229828  9.57617 
   8.05899  0.804398  -0.229828  9.61448 
   8.16  0.957617  -0.153219  9.72939 
   8.262  0.919312  -0.0383047  9.61448 
   8.36399  1.03423  0.0766094  9.46126 
   8.466  0.957617  0.0383047  9.49956 
   8.568  1.07253  0.229828  9.49956 
   8.671  0.881008  0.0383047  9.49956 
   8.77399  1.18745  0.0  9.26973 
   8.876  1.03423  -0.0766094  9.46126 
   8.979  1.03423  -0.0383047  9.23143 
   9.081  1.07253  -0.191523  9.57617 
   9.185  1.14914  -0.229828  9.30804 
   9.286  0.995922  -0.229828  9.53786 
   9.389  0.919312  -0.268133  9.46126 
   9.491  0.995922  -0.191523  9.38465 
   9.59399  1.11084  -0.268133  9.61448 
   9.696  0.957617  -0.153219  9.65278 
   9.799  0.804398  -0.268133  9.57617 
   9.901  1.22575  -0.229828  9.8443 
   10.003  1.07253  -0.153219  9.65278 
   10.106  0.957617  -0.0766094  9.806 
   10.208  0.919312  -0.229828  9.61448 
   10.31  0.881008  -0.0766094  9.49956 
   10.411  0.995922  -0.153219  9.49956 
   10.514  0.919312  0.0  9.57617 
   10.616  1.11084  -0.0766094  9.61448 
   10.719  1.03423  0.0  9.65278 
   10.821  1.03423  0.0383047  9.69109 
   10.924  0.995922  0.0  9.30804 
   11.026  0.995922  0.0  9.26973 
   11.127  1.11084  0.0  9.26973 
   11.23  1.26405  -0.0383047  9.49956 
   11.332  1.26405  0.0383047  9.65278 
   11.435  1.07253  -0.114914  9.42295 
   11.536  1.11084  -0.191523  9.42295 
   11.639  0.957617  -0.153219  9.53786 
   11.74  1.03423  -0.268133  9.38465 
   11.843  0.995922  -0.191523  9.57617 
   11.944  1.03423  -0.268133  9.76769 
   12.046  1.14914  -0.229828  9.46126 
   12.149  1.26405  -0.153219  9.69109 
   12.251  1.07253  -0.229828  9.49956 
   12.354  0.919312  -0.191523  9.72939 
   12.456  0.919312  -0.268133  9.65278 
   12.559  1.26405  -0.268133  9.57617 
   12.66  0.919312  -0.191523  9.806 
   12.763  0.881008  -0.114914  9.46126 
   12.865  0.881008  -0.229828  9.65278 
   12.968  0.957617  -0.268133  9.88261 
   13.07  0.919312  -0.0766094  9.57617 
   13.173  0.919312  -0.0383047  9.61448 
   13.276  0.995922  -0.0383047  9.69109 
   13.378  0.881008  -0.153219  9.38465 
   13.48  0.919312  -0.114914  9.61448 
   13.581  0.995922  0.0383047  9.69109 
   13.684  1.07253  0.0383047  9.61448 
   13.787  0.919312  0.0383047  9.23143 
   13.889  0.919312  -0.0383047  9.57617 
   13.991  1.03423  -0.0383047  9.57617 
   14.094  1.03423  0.0  9.57617 
   14.196  0.881008  0.0383047  9.61448 
   14.298  1.18745  0.0766094  9.46126 
   14.4  1.07253  -0.0383047  9.57617 
   14.502  0.957617  -0.0383047  9.42295 
   14.605  1.11084  -0.0766094  9.49956 
   14.707  0.842703  -0.0766094  9.42295 
   14.81  1.03423  -0.0383047  9.53786 
   14.912  1.11084  -0.0383047  9.34634 
   15.014  1.14914  -0.114914  9.49956 
   15.116  1.03423  -0.153219  9.65278 
   15.219  1.03423  -0.191523  9.49956 
   15.321  0.995922  -0.114914  9.49956 
   15.424  1.11084  -0.153219  9.57617 
   15.526  1.22575  -0.0766094  9.65278 
   15.629  0.842703  -0.229828  9.46126 
   15.732  1.03423  -0.229828  9.46126 
   15.834  0.919312  -0.268133  9.38465 
   15.936  0.919312  -0.268133  9.61448 
   16.037  1.03423  -0.191523  9.53786 
   16.139  1.03423  -0.268133  9.57617 
   16.241  0.881008  -0.306437  9.53786 
   16.344  0.919312  -0.229828  9.61448 
   16.446  0.536266  -0.306437  9.69109 
   16.548  0.65118  -0.306437  9.57617 
   16.651  0.65118  -0.268133  9.49956 
   16.753  0.536266  -0.306437  9.46126 
   16.856  0.536266  -0.229828  9.65278 
   16.958  0.612875  -0.0383047  9.61448 
   17.061  0.383047  -0.153219  9.46126 
   17.163  0.459656  -0.306437  9.53786 
   17.265  0.497961  -0.114914  9.53786 
   17.367  0.57457  0.0  9.38465 
   17.47  0.306437  -0.229828  9.57617 
   17.572  0.191523  -0.153219  9.49956 
   17.674  -0.0766094  -0.191523  9.57617 
   17.776  -0.229828  -0.229828  9.57617 
   17.878  -0.229828  -0.191523  9.76769 
   17.981  -0.268133  -0.191523  9.76769 
   18.083  -0.536266  -0.268133  9.49956 
   18.186  -0.65118  -0.497961  9.69109 
   18.288  -0.727789  -0.191523  9.69109 
   18.391  -1.11084  -0.421352  9.53786 
   18.493  -1.07253  -0.459656  9.76769 
   18.596  -1.41727  -0.306437  9.92091 
   18.698  -1.14914  -0.229828  9.65278 
   18.801  -1.26405  -0.191523  9.76769 
   18.903  -1.57049  -0.344742  9.69109 
   19.006  -1.14914  -0.306437  9.72939 
   19.108  -1.26405  -0.306437  9.69109 
   19.209  -1.18745  -0.344742  9.8443 
   19.312  -1.07253  -0.383047  9.46126 
   19.413  -0.842703  -0.268133  10.0358 
   19.515  -0.766094  -0.268133  9.53786 
   19.617  -0.957617  -0.459656  9.57617 
   19.72  -0.65118  -0.306437  9.49956 
   19.822  -0.727789  -0.383047  9.61448 
   19.925  -1.07253  -0.268133  9.99752 
   20.026  -0.727789  -0.191523  9.65278 
   20.128  -0.881008  -0.497961  9.30804 
   20.231  -1.18745  -0.306437  9.49956 
   20.333  -1.18745  -0.0766094  9.65278 
   20.436  -1.18745  -0.459656  9.53786 
   20.538  -1.11084  0.0383047  9.57617 
   20.64  -1.30236  -0.268133  9.23143 
   20.741  -1.41727  -0.383047  9.88261 
   20.845  -0.957617  -0.689484  9.8443 
   20.946  -1.14914  -0.344742  9.72939 
   21.049  -1.11084  -0.268133  9.61448 
   21.151  -0.65118  -0.536266  9.8443 
   21.254  -0.842703  -0.114914  9.49956 
   21.357  -0.804398  -0.497961  9.69109 
   21.458  -0.689484  -0.306437  10.0741 
   21.56  -0.497961  0.0383047  9.19312 
   21.662  -0.881008  -0.153219  9.99752 
   21.765  -0.459656  -0.229828  9.61448 
   21.867  -0.536266  -0.344742  10.1507 
   21.97  -0.65118  -0.421352  9.57617 
   22.072  -0.65118  -0.383047  9.30804 
   22.174  -0.57457  -0.114914  9.19312 
   22.276  -1.03423  -0.306437  9.88261 
   22.378  -0.383047  -0.0766094  9.92091 
   22.481  -0.804398  0.0383047  9.72939 
   22.583  -0.804398  -0.421352  9.95922 
   22.686  -0.612875  0.0  9.65278 
   22.788  -0.881008  -0.229828  9.61448 
   22.891  -0.536266  -0.268133  9.88261 
   22.993  -0.383047  -0.383047  9.8443 
   23.096  -0.268133  -0.191523  9.23143 
   23.198  -0.536266  0.0766094  9.72939 
   23.301  -0.497961  -0.153219  10.0358 
   23.403  -0.459656  -0.153219  9.92091 
   23.505  -0.612875  -0.268133  9.99752 
   23.608  -0.497961  -0.421352  10.0741 
   23.71  -0.497961  0.0766094  9.8443 
   23.813  -0.421352  -0.421352  9.42295 
   23.915  -0.919312  0.0  9.61448 
   24.018  -0.383047  -0.306437  9.11651 
   24.12  -0.536266  -0.459656  9.92091 
   24.223  -0.268133  -0.57457  10.0741 
   24.324  -0.421352  -0.0766094  9.95922 
   24.427  -0.268133  -0.344742  9.65278 
   24.529  -0.689484  0.383047  9.69109 
   24.632  -0.344742  -0.114914  9.57617 
   24.734  0.0383047  -0.383047  9.26973 
   24.837  -0.268133  -0.0383047  9.53786 
   24.94  -0.229828  -0.153219  9.69109 
   25.041  0.229828  0.306437  8.77177 
   25.143  -0.114914  0.0383047  10.3423 
   25.245  0.191523  -0.0383047  9.72939 
   25.348  0.689484  -0.957617  10.1124 
   25.45  0.0  -0.191523  8.1972 
   25.553  0.0766094  0.229828  7.92907 
   25.655  0.153219  -0.459656  6.12875 
   25.758  0.957617  -0.842703  9.72939 
   25.859  1.07253  -1.22575  10.304 
   25.961  1.07253  -0.536266  10.687 
   26.064  1.18745  -0.229828  9.57617 
   26.166  1.26405  -0.114914  8.92499 
   26.269  1.41727  -0.191523  9.34634 
   26.371  1.53219  -0.268133  9.806 
   26.473  1.11084  0.57457  9.88261 
   26.575  1.14914  -0.0766094  9.49956 
   26.678  1.18745  -0.0383047  9.65278 
   26.78  1.37897  0.0  9.65278 
   26.883  1.26405  0.0766094  9.72939 
   26.985  1.6471  0.229828  9.69109 
   27.088  1.26405  -0.306437  9.806 
   27.19  1.45558  -0.383047  9.57617 
   27.291  1.57049  0.0  9.19312 
   27.394  2.14506  -0.0383047  9.11651 
   27.496  2.14506  0.0766094  9.76769 
   27.598  2.03015  0.191523  9.61448 
   27.7  2.03015  -0.268133  9.61448 
   27.803  2.37489  -0.153219  9.57617 
   27.905  2.64302  0.0766094  9.46126 
   28.008  2.25998  -0.114914  9.76769 
   28.109  2.29828  -0.114914  9.69109 
   28.211  2.22167  -0.153219  9.0016 
   28.314  2.4515  -0.229828  9.11651 
   28.415  2.52811  0.0  9.46126 
   28.518  2.64302  0.0766094  9.806 
   28.62  2.79624  -0.0766094  9.49956 
   28.723  2.71963  0.153219  9.38465 
   28.825  2.60472  0.0383047  9.23143 
   28.928  2.56641  -0.191523  9.26973 
   29.03  2.4515  -0.114914  9.11651 
   29.133  2.37489  -0.114914  9.11651 
   29.235  2.94946  -0.153219  9.38465 
   29.338  3.14098  -0.268133  9.69109 
   29.44  2.83455  0.0  9.61448 
   29.542  2.22167  0.383047  8.92499 
   29.645  2.56641  -1.07253  9.72939 
   29.747  2.68133  -0.268133  8.92499 
   29.85  2.87285  0.0  9.19312 
   29.952  2.60472  -0.306437  9.8443 
   30.055  2.91116  0.153219  9.38465 
   30.156  2.83455  -0.0766094  9.26973 
   30.258  2.94946  0.0  9.19312 
   30.36  2.79624  0.0383047  9.23143 
   30.462  2.75794  -0.0383047  9.38465 
   30.565  2.75794  0.0  9.53786 
   30.668  2.4898  -0.0766094  9.57617 
   30.77  2.68133  -0.114914  9.34634 
   30.873  2.64302  -0.153219  9.26973 
   30.975  2.64302  0.0766094  9.15482 
   31.077  2.60472  -0.153219  9.46126 
   31.18  2.4515  0.114914  9.03991 
   31.282  2.4898  -0.229828  9.42295 
   31.385  2.37489  -0.268133  9.61448 
   31.486  2.56641  -0.114914  9.03991 
   31.588  2.4898  0.0  9.57617 