0:0:0 0.77 0.00000000 0.00000000 0.00 0.00 0.00 617.00 520.00 525.00 530.00 0 0 0 
0:0:0 0.97 0.00000000 0.00000000 0.00 0.00 0.00 618.00 520.00 525.00 530.00 0 0 0 
0:0:36 1.17 0.00000000 0.00000000 0.00 0.00 0.00 618.00 520.00 525.00 529.00 0 0 0 
0:0:36 1.37 0.00000000 0.00000000 0.00 0.00 0.00 617.00 520.00 525.00 530.00 6 1 80 
0:0:36 1.57 0.00000000 0.00000000 0.00 0.00 0.00 618.00 520.00 525.00 530.00 6 1 80 
0:0:36 1.77 0.00000000 0.00000000 0.00 0.00 0.00 617.00 520.00 525.00 529.00 6 1 80 
0:0:36 1.98 0.00000000 0.00000000 0.00 0.00 0.00 617.00 520.00 525.00 529.00 6 1 80 
0:0:37 2.18 0.00000000 0.00000000 0.00 0.00 0.00 617.00 520.00 525.00 529.00 6 1 80 
0:0:37 2.38 0.00000000 0.00000000 0.00 0.00 0.00 618.00 520.00 525.00 530.00 6 1 80 
0:0:37 2.58 0.00000000 0.00000000 0.00 0.00 0.00 618.00 520.00 525.00 529.00 6 1 80 
0:0:37 2.78 0.00000000 0.00000000 0.00 0.00 0.00 618.00 520.00 525.00 530.00 6 1 80 
0:0:37 2.98 0.00000000 0.00000000 0.00 0.00 0.00 618.00 519.00 525.00 530.00 6 1 80 
0:0:38 3.18 0.00000000 0.00000000 0.00 0.00 0.00 617.00 520.00 525.00 529.00 6 1 80 
0:0:38 3.38 0.00000000 0.00000000 0.00 0.00 0.00 617.00 520.00 525.00 530.00 6 1 80 
0:0:38 3.59 0.00000000 0.00000000 0.00 0.00 0.00 617.00 520.00 525.00 530.00 6 1 80 
0:0:38 3.79 0.00000000 0.00000000 0.00 0.00 0.00 617.00 520.00 525.00 530.00 6 1 80 
0:0:38 3.99 0.00000000 0.00000000 0.00 0.00 0.00 617.00 520.00 525.00 530.00 6 1 80 
0:0:39 4.19 0.00000000 0.00000000 0.00 0.00 0.00 617.00 520.00 525.00 530.00 6 1 80 
0:0:39 4.39 0.00000000 0.00000000 0.00 0.00 0.00 617.00 520.00 525.00 530.00 6 1 80 
0:0:39 4.59 0.00000000 0.00000000 0.00 0.00 0.00 617.00 520.00 525.00 530.00 6 1 80 
0:0:39 4.79 0.00000000 0.00000000 0.00 0.00 0.00 617.00 520.00 525.00 530.00 6 1 80 
0:0:39 4.99 0.00000000 0.00000000 0.00 0.00 0.00 617.00 520.00 525.00 530.00 6 1 80 
0:0:40 5.19 0.00000000 0.00000000 0.00 0.00 0.00 617.00 520.00 525.00 530.00 6 1 80 
0:0:40 5.39 0.00000000 0.00000000 0.00 0.00 0.00 617.00 520.00 526.00 530.00 6 1 80 
0:0:40 5.59 0.00000000 0.00000000 0.00 0.00 0.00 617.00 520.00 525.00 530.00 6 1 80 
0:0:40 5.79 0.00000000 0.00000000 0.00 0.00 0.00 617.00 520.00 525.00 530.00 6 1 80 
0:0:40 6.00 0.00000000 0.00000000 0.00 0.00 0.00 617.00 520.00 525.00 530.00 6 1 80 
0:0:41 6.20 0.00000000 0.00000000 0.00 0.00 0.00 617.00 520.00 525.00 529.00 6 1 80 
0:0:41 6.40 0.00000000 0.00000000 0.00 0.00 0.00 617.00 520.00 525.00 530.00 6 1 80 
0:0:41 6.60 0.00000000 0.00000000 0.00 0.00 0.00 617.00 520.00 525.00 530.00 6 1 80 
0:0:41 6.80 0.00000000 0.00000000 0.00 0.00 0.00 617.00 520.00 525.00 529.00 6 1 80 
0:0:41 7.00 0.00000000 0.00000000 0.00 0.00 0.00 616.00 520.00 525.00 530.00 6 1 80 
0:0:42 7.20 0.00000000 0.00000000 0.00 0.00 0.00 617.00 520.00 526.00 530.00 6 1 80 
0:0:42 7.40 0.00000000 0.00000000 0.00 0.00 0.00 617.00 520.00 525.00 530.00 6 1 80 
0:0:42 7.60 0.00000000 0.00000000 0.00 0.00 0.00 616.00 520.00 525.00 529.00 6 1 80 
0:0:42 7.80 0.00000000 0.00000000 0.00 0.00 0.00 616.00 520.00 525.00 530.00 6 1 80 
0:0:42 8.00 0.00000000 0.00000000 0.00 0.00 0.00 616.00 520.00 525.00 530.00 6 1 80 
0:0:43 8.20 0.00000000 0.00000000 0.00 0.00 0.00 616.00 520.00 525.00 530.00 6 1 80 
0:0:43 8.40 0.00000000 0.00000000 0.00 0.00 0.00 616.00 520.00 525.00 530.00 6 1 80 
0:0:43 8.60 0.00000000 0.00000000 0.00 0.00 0.00 616.00 520.00 525.00 530.00 6 1 80 
0:0:43 8.80 0.00000000 0.00000000 0.00 0.00 0.00 616.00 520.00 525.00 530.00 6 1 80 
0:0:43 9.00 0.00000000 0.00000000 0.00 0.00 0.00 616.00 520.00 525.00 530.00 6 1 80 
0:0:44 9.20 0.00000000 0.00000000 0.00 0.00 0.00 616.00 520.00 525.00 529.00 6 1 80 
0:0:44 9.40 0.00000000 0.00000000 0.00 0.00 0.00 616.00 520.00 525.00 530.00 6 1 80 
0:0:44 9.61 0.00000000 0.00000000 0.00 0.00 0.00 616.00 520.00 525.00 530.00 6 1 80 
0:0:44 9.81 0.00000000 0.00000000 0.00 0.00 0.00 616.00 520.00 525.00 530.00 6 1 80 
0:0:44 10.01 0.00000000 0.00000000 0.00 0.00 0.00 616.00 520.00 525.00 529.00 6 1 80 
0:0:45 10.21 0.00000000 0.00000000 0.00 0.00 0.00 616.00 520.00 525.00 530.00 6 1 80 
0:0:45 10.41 0.00000000 0.00000000 0.00 0.00 0.00 616.00 520.00 525.00 530.00 6 1 80 
0:0:45 10.61 0.00000000 0.00000000 0.00 0.00 0.00 616.00 520.00 525.00 530.00 6 1 80 
0:0:45 10.81 0.00000000 0.00000000 0.00 0.00 0.00 615.00 520.00 525.00 530.00 6 1 80 
0:0:45 11.01 0.00000000 0.00000000 0.00 0.00 0.00 616.00 520.00 525.00 529.00 6 1 80 
0:0:46 11.21 0.00000000 0.00000000 0.00 0.00 0.00 616.00 520.00 525.00 529.00 6 1 80 
0:0:46 11.41 0.00000000 0.00000000 0.00 0.00 0.00 615.00 520.00 525.00 529.00 6 1 80 
0:0:46 11.61 0.00000000 0.00000000 0.00 0.00 0.00 615.00 520.00 525.00 530.00 6 1 80 
0:0:46 11.81 0.00000000 0.00000000 0.00 0.00 0.00 615.00 520.00 525.00 530.00 6 1 80 
0:0:46 12.01 0.00000000 0.00000000 0.00 0.00 0.00 615.00 520.00 525.00 530.00 6 1 80 
0:0:47 12.22 0.00000000 0.00000000 0.00 0.00 0.00 615.00 520.00 525.00 530.00 6 1 80 
0:0:47 12.42 0.00000000 0.00000000 0.00 0.00 0.00 615.00 520.00 525.00 530.00 6 1 80 
0:0:47 12.62 0.00000000 0.00000000 0.00 0.00 0.00 615.00 520.00 525.00 529.00 6 1 80 
0:0:47 12.82 0.00000000 0.00000000 0.00 0.00 0.00 615.00 520.00 525.00 530.00 6 1 80 
0:0:47 13.02 0.00000000 0.00000000 0.00 0.00 0.00 615.00 520.00 525.00 530.00 6 1 80 
0:0:48 13.22 0.00000000 0.00000000 0.00 0.00 0.00 615.00 520.00 525.00 529.00 6 1 80 
0:0:48 13.42 0.00000000 0.00000000 0.00 0.00 0.00 615.00 520.00 525.00 530.00 6 1 80 
0:0:48 13.62 0.00000000 0.00000000 0.00 0.00 0.00 615.00 520.00 525.00 530.00 6 1 80 
0:0:48 13.82 0.00000000 0.00000000 0.00 0.00 0.00 615.00 520.00 525.00 529.00 6 1 80 
0:0:48 14.02 0.00000000 0.00000000 0.00 0.00 0.00 615.00 520.00 525.00 530.00 6 1 80 
0:0:49 14.22 0.00000000 0.00000000 0.00 0.00 0.00 615.00 520.00 525.00 530.00 6 1 80 
0:0:49 14.42 0.00000000 0.00000000 0.00 0.00 0.00 615.00 520.00 525.00 530.00 6 1 80 
0:0:49 14.62 0.00000000 0.00000000 0.00 0.00 0.00 615.00 520.00 525.00 530.00 6 1 80 
0:0:49 14.82 0.00000000 0.00000000 0.00 0.00 0.00 615.00 520.00 525.00 529.00 6 1 80 
0:0:49 15.02 0.00000000 0.00000000 0.00 0.00 0.00 615.00 520.00 525.00 530.00 6 1 80 
0:0:50 15.23 0.00000000 0.00000000 0.00 0.00 0.00 615.00 520.00 525.00 530.00 6 1 80 
0:0:50 15.43 0.00000000 0.00000000 0.00 0.00 0.00 615.00 520.00 525.00 530.00 6 1 80 
0:0:50 15.63 0.00000000 0.00000000 0.00 0.00 0.00 615.00 520.00 525.00 530.00 6 1 80 
0:0:50 15.83 0.00000000 0.00000000 0.00 0.00 0.00 614.00 520.00 525.00 530.00 6 1 80 
0:0:50 16.03 0.00000000 0.00000000 0.00 0.00 0.00 615.00 520.00 525.00 530.00 6 1 80 
0:0:51 16.23 0.00000000 0.00000000 0.00 0.00 0.00 615.00 520.00 525.00 530.00 6 1 80 
0:0:51 16.43 0.00000000 0.00000000 0.00 0.00 0.00 614.00 520.00 525.00 530.00 6 1 80 
0:0:51 16.63 0.00000000 0.00000000 0.00 0.00 0.00 614.00 520.00 525.00 530.00 6 1 80 
0:0:51 16.83 0.00000000 0.00000000 0.00 0.00 0.00 614.00 520.00 525.00 530.00 6 1 80 
