0:0:8 0.45 0.00000000 0.00000000 0.00 0.00 0.00 520.00 522.00 522.00 526.00 6 1 80 
0:0:8 0.65 0.00000000 0.00000000 0.00 0.00 0.00 521.00 521.00 521.00 526.00 6 1 80 
0:0:8 0.86 0.00000000 0.00000000 0.00 0.00 0.00 521.00 521.00 521.00 526.00 6 1 80 
0:0:8 1.06 0.00000000 0.00000000 0.00 0.00 0.00 521.00 522.00 522.00 526.00 6 1 80 
0:0:8 1.26 0.00000000 0.00000000 0.00 0.00 0.00 521.00 522.00 521.00 526.00 6 1 80 
0:0:9 1.46 0.00000000 0.00000000 0.00 0.00 0.00 520.00 522.00 521.00 526.00 6 1 80 
0:0:9 1.66 0.00000000 0.00000000 0.00 0.00 0.00 521.00 522.00 521.00 526.00 6 1 80 
0:0:9 1.86 0.00000000 0.00000000 0.00 0.00 0.00 520.00 523.00 521.00 526.00 6 1 80 
0:0:9 2.06 0.00000000 0.00000000 0.00 0.00 0.00 520.00 522.00 521.00 526.00 6 1 80 
0:0:9 2.26 0.00000000 0.00000000 0.00 0.00 0.00 520.00 522.00 521.00 526.00 6 1 80 
0:0:9 2.46 0.00000000 0.00000000 0.00 0.00 0.00 520.00 522.00 521.00 526.00 6 1 80 
0:0:9 2.66 0.00000000 0.00000000 0.00 0.00 0.00 520.00 522.00 522.00 526.00 6 1 80 
0:0:9 2.87 0.00000000 0.00000000 0.00 0.00 0.00 520.00 522.00 521.00 526.00 6 1 80 
0:0:9 3.07 0.00000000 0.00000000 0.00 0.00 0.00 520.00 522.00 522.00 526.00 6 1 80 
