0:0:0 0.85 0.00000000 0.00000000 0.00 0.00 0.00 522.00 523.00 523.00 527.00 0 0 0 
0:0:0 1.05 0.00000000 0.00000000 0.00 0.00 0.00 521.00 523.00 522.00 527.00 0 0 0 
0:0:0 1.25 0.00000000 0.00000000 0.00 0.00 0.00 521.00 523.00 523.00 527.00 0 0 0 
0:0:0 1.45 0.00000000 0.00000000 0.00 0.00 0.00 521.00 523.00 523.00 527.00 0 0 0 
23:59:46 1.65 0.00000000 0.00000000 0.00 0.00 0.00 521.00 523.00 523.00 526.00 5 1 80 
23:59:46 1.85 0.00000000 0.00000000 0.00 0.00 0.00 521.00 522.00 523.00 526.00 5 1 80 
23:59:46 2.06 0.00000000 0.00000000 0.00 0.00 0.00 521.00 522.00 523.00 527.00 5 1 80 
23:59:46 2.26 0.00000000 0.00000000 0.00 0.00 0.00 521.00 522.00 523.00 527.00 5 1 80 
23:59:46 2.46 0.00000000 0.00000000 0.00 0.00 0.00 521.00 522.00 522.00 526.00 5 1 80 
23:59:47 2.66 0.00000000 0.00000000 0.00 0.00 0.00 521.00 523.00 522.00 526.00 5 1 80 
23:59:47 2.86 0.00000000 0.00000000 0.00 0.00 0.00 521.00 523.00 522.00 526.00 5 1 80 
23:59:47 3.06 0.00000000 0.00000000 0.00 0.00 0.00 521.00 523.00 522.00 526.00 5 1 80 
23:59:47 3.26 0.00000000 0.00000000 0.00 0.00 0.00 521.00 522.00 522.00 526.00 5 1 80 
23:59:47 3.46 0.00000000 0.00000000 0.00 0.00 0.00 521.00 522.00 522.00 526.00 5 1 80 
23:59:48 3.66 0.00000000 0.00000000 0.00 0.00 0.00 521.00 522.00 522.00 526.00 5 1 80 
23:59:48 3.86 0.00000000 0.00000000 0.00 0.00 0.00 521.00 523.00 522.00 527.00 5 1 80 
23:59:48 4.07 0.00000000 0.00000000 0.00 0.00 0.00 521.00 522.00 522.00 526.00 5 1 80 
23:59:48 4.27 0.00000000 0.00000000 0.00 0.00 0.00 521.00 523.00 522.00 526.00 5 1 80 
23:59:48 4.47 0.00000000 0.00000000 0.00 0.00 0.00 521.00 522.00 522.00 526.00 5 1 80 
23:59:49 4.67 0.00000000 0.00000000 0.00 0.00 0.00 521.00 522.00 522.00 526.00 5 1 80 
23:59:49 4.87 0.00000000 0.00000000 0.00 0.00 0.00 521.00 522.00 522.00 526.00 5 1 80 
23:59:49 5.07 0.00000000 0.00000000 0.00 0.00 0.00 521.00 522.00 522.00 526.00 5 1 80 
23:59:49 5.27 0.00000000 0.00000000 0.00 0.00 0.00 521.00 522.00 522.00 526.00 5 1 80 
23:59:49 5.47 0.00000000 0.00000000 0.00 0.00 0.00 521.00 522.00 521.00 526.00 5 1 80 
23:59:50 5.67 0.00000000 0.00000000 0.00 0.00 0.00 521.00 522.00 522.00 526.00 5 1 80 
23:59:50 5.87 0.00000000 0.00000000 0.00 0.00 0.00 522.00 523.00 522.00 526.00 5 1 80 
23:59:50 6.07 0.00000000 0.00000000 0.00 0.00 0.00 521.00 522.00 522.00 526.00 5 1 80 
23:59:50 6.27 0.00000000 0.00000000 0.00 0.00 0.00 521.00 522.00 522.00 526.00 5 1 80 
23:59:50 6.48 0.00000000 0.00000000 0.00 0.00 0.00 521.00 522.00 522.00 526.00 5 1 80 
23:59:51 6.68 0.00000000 0.00000000 0.00 0.00 0.00 521.00 522.00 522.00 526.00 5 1 80 
23:59:51 6.88 0.00000000 0.00000000 0.00 0.00 0.00 521.00 522.00 522.00 526.00 5 1 80 
23:59:51 7.08 0.00000000 0.00000000 0.00 0.00 0.00 521.00 523.00 522.00 526.00 5 1 80 
23:59:51 7.28 0.00000000 0.00000000 0.00 0.00 0.00 521.00 522.00 522.00 526.00 5 1 80 
23:59:51 7.48 0.00000000 0.00000000 0.00 0.00 0.00 521.00 522.00 522.00 526.00 5 1 80 
23:59:52 7.68 0.00000000 0.00000000 0.00 0.00 0.00 521.00 522.00 523.00 526.00 5 1 80 
23:59:52 7.88 0.00000000 0.00000000 0.00 0.00 0.00 521.00 522.00 522.00 526.00 5 1 80 
23:59:52 8.08 0.00000000 0.00000000 0.00 0.00 0.00 522.00 522.00 522.00 526.00 5 1 80 
23:59:52 8.28 0.00000000 0.00000000 0.00 0.00 0.00 521.00 522.00 522.00 526.00 5 1 80 
23:59:52 8.48 0.00000000 0.00000000 0.00 0.00 0.00 521.00 522.00 522.00 526.00 5 1 80 
23:59:53 8.68 0.00000000 0.00000000 0.00 0.00 0.00 521.00 522.00 522.00 526.00 5 1 80 
23:59:53 8.88 0.00000000 0.00000000 0.00 0.00 0.00 521.00 522.00 522.00 526.00 5 1 80 
23:59:53 9.08 0.00000000 0.00000000 0.00 0.00 0.00 521.00 522.00 522.00 526.00 5 1 80 
23:59:53 9.28 0.00000000 0.00000000 0.00 0.00 0.00 521.00 522.00 522.00 526.00 5 1 80 
23:59:53 9.48 0.00000000 0.00000000 0.00 0.00 0.00 521.00 522.00 522.00 526.00 5 1 80 
23:59:54 9.69 0.00000000 0.00000000 0.00 0.00 0.00 521.00 522.00 522.00 526.00 5 1 80 
23:59:54 9.89 0.00000000 0.00000000 0.00 0.00 0.00 520.00 522.00 522.00 526.00 5 1 80 
23:59:54 10.09 0.00000000 0.00000000 0.00 0.00 0.00 521.00 522.00 522.00 526.00 5 1 80 
23:59:54 10.29 0.00000000 0.00000000 0.00 0.00 0.00 521.00 522.00 522.00 526.00 5 1 80 
23:59:54 10.49 0.00000000 0.00000000 0.00 0.00 0.00 521.00 522.00 522.00 526.00 5 1 80 
23:59:55 10.69 0.00000000 0.00000000 0.00 0.00 0.00 521.00 522.00 522.00 526.00 5 1 80 
23:59:55 10.89 0.00000000 0.00000000 0.00 0.00 0.00 521.00 522.00 522.00 526.00 5 1 80 
23:59:55 11.09 0.00000000 0.00000000 0.00 0.00 0.00 521.00 522.00 522.00 526.00 5 1 80 
23:59:55 11.29 0.00000000 0.00000000 0.00 0.00 0.00 521.00 522.00 522.00 526.00 5 1 80 
23:59:55 11.49 0.00000000 0.00000000 0.00 0.00 0.00 521.00 522.00 522.00 526.00 5 1 80 
23:59:56 11.69 0.00000000 0.00000000 0.00 0.00 0.00 521.00 522.00 522.00 527.00 5 1 80 
23:59:56 11.89 0.00000000 0.00000000 0.00 0.00 0.00 521.00 522.00 522.00 526.00 5 1 80 
23:59:56 12.09 0.00000000 0.00000000 0.00 0.00 0.00 521.00 523.00 522.00 526.00 5 1 80 
23:59:56 12.29 0.00000000 0.00000000 0.00 0.00 0.00 521.00 522.00 522.00 526.00 5 1 80 
23:59:56 12.49 0.00000000 0.00000000 0.00 0.00 0.00 521.00 522.00 522.00 526.00 5 1 80 
23:59:57 12.69 0.00000000 0.00000000 0.00 0.00 0.00 521.00 522.00 522.00 526.00 5 1 80 
23:59:57 12.90 0.00000000 0.00000000 0.00 0.00 0.00 521.00 522.00 522.00 526.00 5 1 80 
23:59:57 13.10 0.00000000 0.00000000 0.00 0.00 0.00 521.00 522.00 522.00 526.00 5 1 80 
23:59:57 13.30 0.00000000 0.00000000 0.00 0.00 0.00 521.00 522.00 522.00 526.00 5 1 80 
23:59:57 13.50 0.00000000 0.00000000 0.00 0.00 0.00 520.00 522.00 522.00 526.00 5 1 80 
23:59:58 13.70 0.00000000 0.00000000 0.00 0.00 0.00 521.00 522.00 522.00 526.00 5 1 80 
23:59:58 13.90 0.00000000 0.00000000 0.00 0.00 0.00 521.00 522.00 522.00 526.00 5 1 80 
23:59:58 14.10 0.00000000 0.00000000 0.00 0.00 0.00 521.00 522.00 522.00 526.00 5 1 80 
23:59:58 14.30 0.00000000 0.00000000 0.00 0.00 0.00 521.00 523.00 522.00 526.00 5 1 80 
23:59:58 14.50 0.00000000 0.00000000 0.00 0.00 0.00 521.00 522.00 522.00 526.00 5 1 80 
23:59:59 14.70 0.00000000 0.00000000 0.00 0.00 0.00 521.00 522.00 522.00 526.00 5 1 80 
23:59:59 14.90 0.00000000 0.00000000 0.00 0.00 0.00 520.00 522.00 522.00 526.00 5 1 80 
23:59:59 15.10 0.00000000 0.00000000 0.00 0.00 0.00 521.00 522.00 522.00 526.00 5 1 80 
23:59:59 15.31 0.00000000 0.00000000 0.00 0.00 0.00 521.00 522.00 522.00 526.00 5 1 80 
23:59:59 15.51 0.00000000 0.00000000 0.00 0.00 0.00 521.00 522.00 522.00 526.00 5 1 80 
0:0:0 15.71 0.00000000 0.00000000 0.00 0.00 0.00 521.00 522.00 522.00 526.00 6 1 80 
0:0:0 15.91 0.00000000 0.00000000 0.00 0.00 0.00 521.00 523.00 522.00 526.00 6 1 80 
0:0:0 16.11 0.00000000 0.00000000 0.00 0.00 0.00 521.00 522.00 522.00 526.00 6 1 80 
0:0:0 16.31 0.00000000 0.00000000 0.00 0.00 0.00 522.00 522.00 522.00 526.00 6 1 80 
0:0:0 16.51 0.00000000 0.00000000 0.00 0.00 0.00 521.00 522.00 522.00 526.00 6 1 80 
0:0:1 16.71 0.00000000 0.00000000 0.00 0.00 0.00 521.00 522.00 522.00 526.00 6 1 80 
0:0:1 16.91 0.00000000 0.00000000 0.00 0.00 0.00 521.00 522.00 522.00 526.00 6 1 80 
0:0:1 17.11 0.00000000 0.00000000 0.00 0.00 0.00 521.00 522.00 522.00 526.00 6 1 80 
0:0:1 17.31 0.00000000 0.00000000 0.00 0.00 0.00 521.00 522.00 522.00 526.00 6 1 80 
0:0:1 17.51 0.00000000 0.00000000 0.00 0.00 0.00 521.00 523.00 522.00 526.00 6 1 80 
0:0:2 17.72 0.00000000 0.00000000 0.00 0.00 0.00 521.00 522.00 522.00 526.00 6 1 80 
0:0:2 17.92 0.00000000 0.00000000 0.00 0.00 0.00 521.00 522.00 521.00 526.00 6 1 80 
0:0:2 18.12 0.00000000 0.00000000 0.00 0.00 0.00 521.00 522.00 522.00 526.00 6 1 80 
0:0:2 18.32 0.00000000 0.00000000 0.00 0.00 0.00 521.00 522.00 522.00 526.00 6 1 80 
0:0:2 18.52 0.00000000 0.00000000 0.00 0.00 0.00 521.00 523.00 522.00 526.00 6 1 80 
0:0:3 18.72 0.00000000 0.00000000 0.00 0.00 0.00 521.00 522.00 522.00 526.00 6 1 80 
0:0:3 18.92 0.00000000 0.00000000 0.00 0.00 0.00 521.00 522.00 522.00 526.00 6 1 80 
0:0:3 19.12 0.00000000 0.00000000 0.00 0.00 0.00 521.00 522.00 522.00 526.00 6 1 80 
0:0:3 19.32 0.00000000 0.00000000 0.00 0.00 0.00 521.00 522.00 522.00 526.00 6 1 80 
0:0:3 19.52 0.00000000 0.00000000 0.00 0.00 0.00 521.00 522.00 523.00 526.00 6 1 80 
0:0:3 19.73 0.00000000 0.00000000 0.00 0.00 0.00 521.00 522.00 522.00 526.00 6 1 80 
0:0:3 19.93 0.00000000 0.00000000 0.00 0.00 0.00 521.00 522.00 522.00 526.00 6 1 80 
0:0:3 20.13 0.00000000 0.00000000 0.00 0.00 0.00 521.00 522.00 522.00 526.00 6 1 80 
0:0:3 20.33 0.00000000 0.00000000 0.00 0.00 0.00 521.00 522.00 522.00 526.00 6 1 80 
0:0:3 20.53 0.00000000 0.00000000 0.00 0.00 0.00 522.00 522.00 522.00 526.00 6 1 80 
0:0:3 20.73 0.00000000 0.00000000 0.00 0.00 0.00 521.00 522.00 522.00 526.00 6 1 80 
0:0:3 20.93 0.00000000 0.00000000 0.00 0.00 0.00 520.00 522.00 522.00 526.00 6 1 80 
0:0:3 21.13 0.00000000 0.00000000 0.00 0.00 0.00 521.00 522.00 522.00 526.00 6 1 80 
0:0:3 21.33 0.00000000 0.00000000 0.00 0.00 0.00 521.00 522.00 522.00 526.00 6 1 80 
0:0:3 21.53 0.00000000 0.00000000 0.00 0.00 0.00 521.00 522.00 522.00 526.00 6 1 80 
0:0:3 21.74 0.00000000 0.00000000 0.00 0.00 0.00 521.00 522.00 522.00 526.00 6 1 80 
0:0:3 21.94 0.00000000 0.00000000 0.00 0.00 0.00 521.00 522.00 522.00 526.00 6 1 80 
0:0:3 22.14 0.00000000 0.00000000 0.00 0.00 0.00 520.00 522.00 522.00 526.00 6 1 80 
0:0:3 22.34 0.00000000 0.00000000 0.00 0.00 0.00 521.00 522.00 522.00 526.00 6 1 80 
0:0:3 22.54 0.00000000 0.00000000 0.00 0.00 0.00 521.00 522.00 522.00 526.00 6 1 80 
0:0:3 22.74 0.00000000 0.00000000 0.00 0.00 0.00 521.00 522.00 522.00 526.00 6 1 80 
0:0:3 22.94 0.00000000 0.00000000 0.00 0.00 0.00 521.00 522.00 522.00 526.00 6 1 80 
0:0:3 23.14 0.00000000 0.00000000 0.00 0.00 0.00 521.00 522.00 522.00 526.00 6 1 80 
0:0:3 23.34 0.00000000 0.00000000 0.00 0.00 0.00 520.00 522.00 521.00 526.00 6 1 80 
0:0:3 23.55 0.00000000 0.00000000 0.00 0.00 0.00 521.00 522.00 522.00 526.00 6 1 80 
0:0:3 23.75 0.00000000 0.00000000 0.00 0.00 0.00 521.00 523.00 522.00 526.00 6 1 80 
0:0:3 23.95 0.00000000 0.00000000 0.00 0.00 0.00 521.00 523.00 522.00 526.00 6 1 80 
0:0:3 24.15 0.00000000 0.00000000 0.00 0.00 0.00 521.00 523.00 521.00 526.00 6 1 80 
0:0:3 24.35 0.00000000 0.00000000 0.00 0.00 0.00 521.00 522.00 522.00 526.00 6 1 80 
0:0:3 24.55 0.00000000 0.00000000 0.00 0.00 0.00 521.00 522.00 522.00 526.00 6 1 80 
0:0:3 24.75 0.00000000 0.00000000 0.00 0.00 0.00 521.00 523.00 522.00 526.00 6 1 80 
0:0:3 24.95 0.00000000 0.00000000 0.00 0.00 0.00 521.00 522.00 522.00 526.00 6 1 80 
0:0:3 25.16 0.00000000 0.00000000 0.00 0.00 0.00 521.00 522.00 522.00 526.00 6 1 80 
0:0:3 25.36 0.00000000 0.00000000 0.00 0.00 0.00 521.00 522.00 522.00 526.00 6 1 80 
0:0:3 25.56 0.00000000 0.00000000 0.00 0.00 0.00 521.00 522.00 522.00 526.00 6 1 80 
0:0:3 25.76 0.00000000 0.00000000 0.00 0.00 0.00 521.00 522.00 522.00 526.00 6 1 80 
0:0:3 25.96 0.00000000 0.00000000 0.00 0.00 0.00 521.00 522.00 522.00 526.00 6 1 80 
0:0:3 26.16 0.00000000 0.00000000 0.00 0.00 0.00 521.00 522.00 522.00 526.00 6 1 80 
0:0:3 26.36 0.00000000 0.00000000 0.00 0.00 0.00 521.00 522.00 522.00 526.00 6 1 80 
0:0:3 26.56 0.00000000 0.00000000 0.00 0.00 0.00 521.00 522.00 522.00 526.00 6 1 80 
0:0:3 26.77 0.00000000 0.00000000 0.00 0.00 0.00 522.00 522.00 522.00 526.00 6 1 80 
0:0:3 26.97 0.00000000 0.00000000 0.00 0.00 0.00 521.00 521.00 522.00 526.00 6 1 80 
0:0:3 27.17 0.00000000 0.00000000 0.00 0.00 0.00 521.00 522.00 522.00 526.00 6 1 80 
0:0:3 27.37 0.00000000 0.00000000 0.00 0.00 0.00 521.00 522.00 522.00 526.00 6 1 80 
0:0:3 27.57 0.00000000 0.00000000 0.00 0.00 0.00 521.00 522.00 522.00 526.00 6 1 80 
0:0:12 27.77 0.00000000 0.00000000 0.00 0.00 0.00 522.00 522.00 522.00 526.00 6 1 80 
0:0:12 27.97 0.00000000 0.00000000 0.00 0.00 0.00 522.00 522.00 522.00 526.00 6 1 80 
0:0:12 28.17 0.00000000 0.00000000 0.00 0.00 0.00 521.00 521.00 522.00 526.00 6 1 80 
0:0:12 28.37 0.00000000 0.00000000 0.00 0.00 0.00 521.00 523.00 522.00 526.00 6 1 80 
0:0:12 28.58 0.00000000 0.00000000 0.00 0.00 0.00 521.00 522.00 522.00 526.00 6 1 80 
0:0:13 28.78 0.00000000 0.00000000 0.00 0.00 0.00 521.00 522.00 522.00 527.00 6 1 80 
0:0:13 28.98 0.00000000 0.00000000 0.00 0.00 0.00 521.00 523.00 522.00 526.00 6 1 80 
0:0:13 29.18 0.00000000 0.00000000 0.00 0.00 0.00 521.00 522.00 522.00 526.00 6 1 80 
0:0:13 29.38 0.00000000 0.00000000 0.00 0.00 0.00 521.00 522.00 522.00 526.00 6 1 80 
0:0:14 29.59 0.00000000 0.00000000 0.00 0.00 0.00 521.00 523.00 522.00 526.00 6 1 80 
0:0:14 29.79 0.00000000 0.00000000 0.00 0.00 0.00 521.00 522.00 522.00 526.00 6 1 80 
0:0:14 29.99 0.00000000 0.00000000 0.00 0.00 0.00 521.00 522.00 522.00 526.00 6 1 80 
0:0:14 30.19 0.00000000 0.00000000 0.00 0.00 0.00 521.00 523.00 522.00 526.00 6 1 80 
0:0:14 30.39 0.00000000 0.00000000 0.00 0.00 0.00 521.00 522.00 522.00 527.00 6 1 80 
0:0:15 30.59 0.00000000 0.00000000 0.00 0.00 0.00 520.00 522.00 522.00 526.00 6 1 80 
0:0:15 30.79 0.00000000 0.00000000 0.00 0.00 0.00 521.00 523.00 522.00 526.00 6 1 80 
0:0:15 31.00 0.00000000 0.00000000 0.00 0.00 0.00 521.00 522.00 522.00 526.00 6 1 80 
0:0:15 31.20 0.00000000 0.00000000 0.00 0.00 0.00 521.00 522.00 522.00 526.00 6 1 80 
0:0:15 31.40 0.00000000 0.00000000 0.00 0.00 0.00 521.00 522.00 522.00 526.00 6 1 80 
0:0:16 31.60 0.00000000 0.00000000 0.00 0.00 0.00 521.00 523.00 522.00 526.00 6 1 80 
0:0:16 31.80 0.00000000 0.00000000 0.00 0.00 0.00 521.00 523.00 522.00 526.00 6 1 80 
0:0:16 32.00 0.00000000 0.00000000 0.00 0.00 0.00 521.00 522.00 522.00 526.00 6 1 80 
0:0:16 32.20 0.00000000 0.00000000 0.00 0.00 0.00 521.00 522.00 522.00 526.00 6 1 80 
0:0:16 32.40 0.00000000 0.00000000 0.00 0.00 0.00 521.00 522.00 522.00 526.00 6 1 80 
0:0:17 32.60 0.00000000 0.00000000 0.00 0.00 0.00 521.00 522.00 522.00 526.00 6 1 80 
0:0:17 32.81 0.00000000 0.00000000 0.00 0.00 0.00 521.00 522.00 522.00 526.00 6 1 80 
0:0:17 33.01 0.00000000 0.00000000 0.00 0.00 0.00 521.00 522.00 522.00 526.00 6 1 80 
0:0:17 33.21 0.00000000 0.00000000 0.00 0.00 0.00 521.00 522.00 522.00 527.00 6 1 80 
0:0:17 33.41 0.00000000 0.00000000 0.00 0.00 0.00 521.00 522.00 522.00 526.00 6 1 80 
0:0:18 33.61 0.00000000 0.00000000 0.00 0.00 0.00 521.00 523.00 522.00 526.00 6 1 80 
0:0:18 33.81 0.00000000 0.00000000 0.00 0.00 0.00 521.00 522.00 522.00 526.00 6 1 80 
0:0:18 34.01 0.00000000 0.00000000 0.00 0.00 0.00 520.00 522.00 522.00 526.00 6 1 80 
0:0:18 34.21 0.00000000 0.00000000 0.00 0.00 0.00 521.00 522.00 522.00 526.00 6 1 80 
0:0:18 34.41 0.00000000 0.00000000 0.00 0.00 0.00 521.00 522.00 522.00 526.00 6 1 80 
0:0:19 34.62 0.00000000 0.00000000 0.00 0.00 0.00 521.00 522.00 522.00 526.00 6 1 80 
0:0:19 34.82 0.00000000 0.00000000 0.00 0.00 0.00 521.00 523.00 522.00 526.00 6 1 80 
0:0:19 35.02 0.00000000 0.00000000 0.00 0.00 0.00 521.00 522.00 522.00 526.00 6 1 80 
0:0:19 35.22 0.00000000 0.00000000 0.00 0.00 0.00 521.00 522.00 522.00 526.00 6 1 80 
0:0:19 35.42 0.00000000 0.00000000 0.00 0.00 0.00 521.00 522.00 522.00 526.00 6 1 80 
0:0:20 35.62 0.00000000 0.00000000 0.00 0.00 0.00 521.00 522.00 522.00 526.00 6 1 80 
0:0:20 35.82 0.00000000 0.00000000 0.00 0.00 0.00 521.00 522.00 522.00 526.00 6 1 80 
0:0:20 36.02 0.00000000 0.00000000 0.00 0.00 0.00 521.00 522.00 522.00 526.00 6 1 80 
0:0:20 36.22 0.00000000 0.00000000 0.00 0.00 0.00 521.00 522.00 522.00 526.00 6 1 80 
0:0:20 36.43 0.00000000 0.00000000 0.00 0.00 0.00 521.00 522.00 522.00 526.00 6 1 80 
0:0:21 36.63 0.00000000 0.00000000 0.00 0.00 0.00 521.00 522.00 522.00 526.00 6 1 80 
0:0:21 36.83 0.00000000 0.00000000 0.00 0.00 0.00 521.00 522.00 522.00 526.00 6 1 80 
0:0:21 37.03 0.00000000 0.00000000 0.00 0.00 0.00 521.00 522.00 522.00 526.00 6 1 80 
0:0:21 37.23 0.00000000 0.00000000 0.00 0.00 0.00 521.00 522.00 522.00 526.00 6 1 80 
0:0:21 37.43 0.00000000 0.00000000 0.00 0.00 0.00 521.00 522.00 522.00 526.00 6 1 80 
0:0:22 37.63 0.00000000 0.00000000 0.00 0.00 0.00 521.00 522.00 522.00 527.00 6 1 80 
0:0:22 37.83 0.00000000 0.00000000 0.00 0.00 0.00 521.00 522.00 522.00 526.00 6 1 80 
0:0:22 38.04 0.00000000 0.00000000 0.00 0.00 0.00 521.00 522.00 522.00 526.00 6 1 80 
0:0:22 38.24 0.00000000 0.00000000 0.00 0.00 0.00 521.00 522.00 522.00 526.00 6 1 80 
0:0:22 38.44 0.00000000 0.00000000 0.00 0.00 0.00 521.00 522.00 522.00 526.00 6 1 80 
0:0:23 38.64 0.00000000 0.00000000 0.00 0.00 0.00 521.00 522.00 522.00 526.00 6 1 80 
0:0:23 38.84 0.00000000 0.00000000 0.00 0.00 0.00 521.00 522.00 522.00 526.00 6 1 80 
0:0:23 39.04 0.00000000 0.00000000 0.00 0.00 0.00 521.00 522.00 522.00 526.00 6 1 80 
0:0:23 39.24 0.00000000 0.00000000 0.00 0.00 0.00 521.00 522.00 522.00 526.00 6 1 80 
0:0:23 39.44 0.00000000 0.00000000 0.00 0.00 0.00 521.00 522.00 522.00 526.00 6 1 80 
0:0:24 39.64 0.00000000 0.00000000 0.00 0.00 0.00 521.00 522.00 522.00 527.00 6 1 80 
0:0:24 39.84 0.00000000 0.00000000 0.00 0.00 0.00 521.00 522.00 522.00 526.00 6 1 80 
0:0:24 40.04 0.00000000 0.00000000 0.00 0.00 0.00 521.00 522.00 522.00 526.00 6 1 80 
0:0:24 40.25 0.00000000 0.00000000 0.00 0.00 0.00 521.00 522.00 521.00 526.00 6 1 80 
0:0:24 40.45 0.00000000 0.00000000 0.00 0.00 0.00 521.00 522.00 522.00 526.00 6 1 80 
0:0:25 40.65 0.00000000 0.00000000 0.00 0.00 0.00 521.00 522.00 522.00 526.00 6 1 80 
0:0:25 40.85 0.00000000 0.00000000 0.00 0.00 0.00 521.00 522.00 522.00 526.00 6 1 80 
0:0:25 41.05 0.00000000 0.00000000 0.00 0.00 0.00 521.00 523.00 522.00 526.00 6 1 80 
0:0:25 41.25 0.00000000 0.00000000 0.00 0.00 0.00 521.00 522.00 522.00 526.00 6 1 80 
0:0:25 41.45 0.00000000 0.00000000 0.00 0.00 0.00 521.00 522.00 521.00 526.00 6 1 80 
0:0:26 41.65 0.00000000 0.00000000 0.00 0.00 0.00 521.00 522.00 522.00 526.00 6 1 80 
0:0:26 41.86 0.00000000 0.00000000 0.00 0.00 0.00 521.00 522.00 522.00 526.00 6 1 80 
0:0:26 42.06 0.00000000 0.00000000 0.00 0.00 0.00 521.00 522.00 522.00 526.00 6 1 80 
0:0:26 42.26 0.00000000 0.00000000 0.00 0.00 0.00 521.00 522.00 522.00 526.00 6 1 80 
0:0:26 42.46 0.00000000 0.00000000 0.00 0.00 0.00 521.00 522.00 522.00 526.00 6 1 80 
0:0:27 42.66 0.00000000 0.00000000 0.00 0.00 0.00 521.00 522.00 522.00 526.00 6 1 80 
0:0:27 42.86 0.00000000 0.00000000 0.00 0.00 0.00 521.00 522.00 522.00 526.00 6 1 80 
0:0:27 43.06 0.00000000 0.00000000 0.00 0.00 0.00 521.00 522.00 522.00 526.00 6 1 80 
0:0:27 43.26 0.00000000 0.00000000 0.00 0.00 0.00 521.00 522.00 522.00 526.00 6 1 80 
0:0:27 43.47 0.00000000 0.00000000 0.00 0.00 0.00 521.00 522.00 522.00 526.00 6 1 80 
0:0:28 43.67 0.00000000 0.00000000 0.00 0.00 0.00 520.00 522.00 522.00 526.00 6 1 80 
0:0:28 43.87 0.00000000 0.00000000 0.00 0.00 0.00 521.00 522.00 522.00 526.00 6 1 80 
0:0:28 44.07 0.00000000 0.00000000 0.00 0.00 0.00 521.00 522.00 522.00 526.00 6 1 80 
0:0:28 44.27 0.00000000 0.00000000 0.00 0.00 0.00 521.00 522.00 522.00 526.00 6 1 80 
0:0:28 44.47 0.00000000 0.00000000 0.00 0.00 0.00 521.00 522.00 522.00 526.00 6 1 80 
0:0:29 44.67 0.00000000 0.00000000 0.00 0.00 0.00 521.00 522.00 522.00 526.00 6 1 80 
0:0:29 44.87 0.00000000 0.00000000 0.00 0.00 0.00 521.00 522.00 522.00 526.00 6 1 80 
0:0:29 45.07 0.00000000 0.00000000 0.00 0.00 0.00 520.00 523.00 522.00 526.00 6 1 80 
0:0:29 45.28 0.00000000 0.00000000 0.00 0.00 0.00 521.00 522.00 522.00 526.00 6 1 80 
0:0:29 45.48 0.00000000 0.00000000 0.00 0.00 0.00 521.00 522.00 522.00 526.00 6 1 80 
0:0:30 45.68 0.00000000 0.00000000 0.00 0.00 0.00 521.00 523.00 522.00 526.00 6 1 80 
0:0:30 45.88 0.00000000 0.00000000 0.00 0.00 0.00 521.00 522.00 522.00 526.00 6 1 80 
0:0:30 46.08 0.00000000 0.00000000 0.00 0.00 0.00 521.00 522.00 522.00 526.00 6 1 80 
0:0:30 46.28 0.00000000 0.00000000 0.00 0.00 0.00 521.00 522.00 522.00 526.00 6 1 80 
0:0:30 46.48 0.00000000 0.00000000 0.00 0.00 0.00 521.00 522.00 522.00 526.00 6 1 80 
0:0:31 46.68 0.00000000 0.00000000 0.00 0.00 0.00 521.00 522.00 522.00 526.00 6 1 80 
0:0:31 46.88 0.00000000 0.00000000 0.00 0.00 0.00 521.00 522.00 522.00 526.00 6 1 80 
0:0:31 47.09 0.00000000 0.00000000 0.00 0.00 0.00 521.00 522.00 522.00 526.00 6 1 80 
0:0:31 47.29 0.00000000 0.00000000 0.00 0.00 0.00 521.00 522.00 522.00 526.00 6 1 80 
0:0:31 47.49 0.00000000 0.00000000 0.00 0.00 0.00 521.00 522.00 522.00 526.00 6 1 80 
0:0:32 47.69 0.00000000 0.00000000 0.00 0.00 0.00 521.00 522.00 522.00 526.00 6 1 80 
0:0:32 47.89 0.00000000 0.00000000 0.00 0.00 0.00 521.00 522.00 522.00 526.00 6 1 80 
0:0:32 48.09 0.00000000 0.00000000 0.00 0.00 0.00 521.00 522.00 522.00 526.00 6 1 80 
0:0:32 48.29 0.00000000 0.00000000 0.00 0.00 0.00 521.00 522.00 522.00 526.00 6 1 80 
0:0:32 48.49 0.00000000 0.00000000 0.00 0.00 0.00 521.00 522.00 522.00 526.00 6 1 80 
0:0:33 48.69 0.00000000 0.00000000 0.00 0.00 0.00 521.00 522.00 522.00 527.00 6 1 80 
0:0:33 48.90 0.00000000 0.00000000 0.00 0.00 0.00 521.00 522.00 522.00 526.00 6 1 80 
0:0:33 49.10 0.00000000 0.00000000 0.00 0.00 0.00 521.00 523.00 522.00 526.00 6 1 80 
0:0:33 49.30 0.00000000 0.00000000 0.00 0.00 0.00 521.00 522.00 522.00 526.00 6 1 80 
0:0:33 49.50 0.00000000 0.00000000 0.00 0.00 0.00 521.00 522.00 522.00 526.00 6 1 80 
0:0:34 49.70 0.00000000 0.00000000 0.00 0.00 0.00 521.00 523.00 522.00 525.00 6 1 80 
0:0:34 49.90 0.00000000 0.00000000 0.00 0.00 0.00 521.00 522.00 522.00 526.00 6 1 80 
0:0:34 50.10 0.00000000 0.00000000 0.00 0.00 0.00 521.00 522.00 522.00 526.00 6 1 80 
0:0:34 50.30 0.00000000 0.00000000 0.00 0.00 0.00 521.00 523.00 522.00 526.00 6 1 80 
0:0:34 50.51 0.00000000 0.00000000 0.00 0.00 0.00 521.00 522.00 522.00 526.00 6 1 80 
0:0:35 50.71 0.00000000 0.00000000 0.00 0.00 0.00 521.00 522.00 522.00 526.00 6 1 80 
0:0:35 50.91 0.00000000 0.00000000 0.00 0.00 0.00 521.00 522.00 522.00 526.00 6 1 80 
0:0:35 51.11 0.00000000 0.00000000 0.00 0.00 0.00 521.00 522.00 523.00 526.00 6 1 80 
0:0:35 51.31 0.00000000 0.00000000 0.00 0.00 0.00 521.00 522.00 522.00 526.00 6 1 80 
0:0:35 51.51 0.00000000 0.00000000 0.00 0.00 0.00 521.00 522.00 522.00 526.00 6 1 80 
0:0:36 51.71 0.00000000 0.00000000 0.00 0.00 0.00 521.00 522.00 522.00 526.00 6 1 80 
0:0:36 51.91 0.00000000 0.00000000 0.00 0.00 0.00 522.00 522.00 522.00 526.00 6 1 80 
0:0:36 52.11 0.00000000 0.00000000 0.00 0.00 0.00 522.00 522.00 522.00 526.00 6 1 80 
0:0:36 52.31 0.00000000 0.00000000 0.00 0.00 0.00 521.00 522.00 522.00 526.00 6 1 80 
0:0:36 52.52 0.00000000 0.00000000 0.00 0.00 0.00 522.00 522.00 522.00 526.00 6 1 80 
0:0:37 52.72 0.00000000 0.00000000 0.00 0.00 0.00 521.00 522.00 522.00 527.00 6 1 80 
0:0:37 52.92 0.00000000 0.00000000 0.00 0.00 0.00 521.00 523.00 522.00 527.00 6 1 80 
0:0:37 53.12 0.00000000 0.00000000 0.00 0.00 0.00 521.00 522.00 522.00 526.00 6 1 80 
0:0:37 53.32 0.00000000 0.00000000 0.00 0.00 0.00 521.00 520.00 522.00 526.00 6 1 80 
0:0:37 53.52 0.00000000 0.00000000 0.00 0.00 0.00 521.00 523.00 522.00 526.00 6 1 80 
0:0:38 53.72 0.00000000 0.00000000 0.00 0.00 0.00 521.00 522.00 522.00 526.00 6 1 80 
0:0:38 53.92 0.00000000 0.00000000 0.00 0.00 0.00 521.00 522.00 522.00 526.00 6 1 80 
0:0:38 54.13 0.00000000 0.00000000 0.00 0.00 0.00 521.00 522.00 522.00 526.00 6 1 80 
0:0:38 54.33 0.00000000 0.00000000 0.00 0.00 0.00 521.00 522.00 522.00 526.00 6 1 80 
0:0:38 54.53 0.00000000 0.00000000 0.00 0.00 0.00 521.00 522.00 522.00 526.00 6 1 80 
0:0:39 54.73 0.00000000 0.00000000 0.00 0.00 0.00 521.00 522.00 522.00 526.00 6 1 80 
0:0:39 54.93 0.00000000 0.00000000 0.00 0.00 0.00 521.00 522.00 522.00 526.00 6 1 80 
0:0:39 55.13 0.00000000 0.00000000 0.00 0.00 0.00 521.00 522.00 522.00 526.00 6 1 80 
0:0:39 55.33 0.00000000 0.00000000 0.00 0.00 0.00 521.00 522.00 522.00 526.00 6 1 80 
0:0:39 55.53 0.00000000 0.00000000 0.00 0.00 0.00 521.00 522.00 522.00 526.00 6 1 80 
0:0:40 55.73 0.00000000 0.00000000 0.00 0.00 0.00 520.00 522.00 522.00 526.00 6 1 80 
0:0:40 55.94 0.00000000 0.00000000 0.00 0.00 0.00 521.00 522.00 522.00 526.00 6 1 80 
0:0:40 56.14 0.00000000 0.00000000 0.00 0.00 0.00 521.00 522.00 522.00 526.00 6 1 80 
0:0:40 56.34 0.00000000 0.00000000 0.00 0.00 0.00 521.00 522.00 522.00 526.00 6 1 80 
0:0:40 56.54 0.00000000 0.00000000 0.00 0.00 0.00 521.00 522.00 522.00 527.00 6 1 80 
0:0:40 56.74 0.00000000 0.00000000 0.00 0.00 0.00 521.00 522.00 522.00 527.00 6 1 80 
0:0:40 56.94 0.00000000 0.00000000 0.00 0.00 0.00 521.00 522.00 522.00 526.00 6 1 80 
0:0:40 57.14 0.00000000 0.00000000 0.00 0.00 0.00 521.00 522.00 522.00 527.00 6 1 80 
0:0:40 57.34 0.00000000 0.00000000 0.00 0.00 0.00 521.00 522.00 522.00 526.00 6 1 80 
0:0:40 57.54 0.00000000 0.00000000 0.00 0.00 0.00 521.00 522.00 522.00 526.00 6 1 80 
0:0:40 57.75 0.00000000 0.00000000 0.00 0.00 0.00 521.00 523.00 522.00 526.00 6 1 80 
0:0:40 57.95 0.00000000 0.00000000 0.00 0.00 0.00 521.00 522.00 522.00 526.00 6 1 80 
0:0:40 58.15 0.00000000 0.00000000 0.00 0.00 0.00 521.00 523.00 522.00 526.00 6 1 80 
0:0:40 58.35 0.00000000 0.00000000 0.00 0.00 0.00 521.00 522.00 522.00 526.00 6 1 80 
0:0:40 58.55 0.00000000 0.00000000 0.00 0.00 0.00 521.00 522.00 522.00 526.00 6 1 80 
0:0:40 58.75 0.00000000 0.00000000 0.00 0.00 0.00 521.00 522.00 522.00 526.00 6 1 80 
0:0:40 58.95 0.00000000 0.00000000 0.00 0.00 0.00 521.00 523.00 523.00 527.00 6 1 80 
0:0:40 59.15 0.00000000 0.00000000 0.00 0.00 0.00 521.00 522.00 522.00 526.00 6 1 80 
0:0:40 59.36 0.00000000 0.00000000 0.00 0.00 0.00 521.00 522.00 522.00 526.00 6 1 80 
0:0:40 59.56 0.00000000 0.00000000 0.00 0.00 0.00 521.00 522.00 522.00 526.00 6 1 80 
0:0:40 59.76 0.00000000 0.00000000 0.00 0.00 0.00 521.00 522.00 522.00 526.00 6 1 80 
0:0:40 59.96 0.00000000 0.00000000 0.00 0.00 0.00 522.00 522.00 522.00 526.00 6 1 80 
0:0:40 60.16 0.00000000 0.00000000 0.00 0.00 0.00 521.00 522.00 522.00 526.00 6 1 80 
0:0:40 60.36 0.00000000 0.00000000 0.00 0.00 0.00 521.00 522.00 522.00 526.00 6 1 80 
0:0:40 60.56 0.00000000 0.00000000 0.00 0.00 0.00 521.00 522.00 522.00 526.00 6 1 80 
0:0:40 60.76 0.00000000 0.00000000 0.00 0.00 0.00 521.00 522.00 522.00 526.00 6 1 80 
0:0:40 60.97 0.00000000 0.00000000 0.00 0.00 0.00 521.00 522.00 522.00 526.00 6 1 80 
0:0:40 61.17 0.00000000 0.00000000 0.00 0.00 0.00 521.00 523.00 522.00 526.00 6 1 80 
0:0:40 61.37 0.00000000 0.00000000 0.00 0.00 0.00 521.00 522.00 522.00 527.00 6 1 80 
0:0:40 61.57 0.00000000 0.00000000 0.00 0.00 0.00 521.00 522.00 522.00 526.00 6 1 80 
0:0:40 61.77 0.00000000 0.00000000 0.00 0.00 0.00 521.00 522.00 522.00 526.00 6 1 80 
0:0:40 61.97 0.00000000 0.00000000 0.00 0.00 0.00 521.00 522.00 522.00 526.00 6 1 80 
0:0:40 62.17 0.00000000 0.00000000 0.00 0.00 0.00 521.00 522.00 522.00 526.00 6 1 80 
0:0:40 62.37 0.00000000 0.00000000 0.00 0.00 0.00 521.00 522.00 522.00 526.00 6 1 80 
0:0:40 62.57 0.00000000 0.00000000 0.00 0.00 0.00 522.00 522.00 523.00 526.00 6 1 80 
0:0:40 62.78 0.00000000 0.00000000 0.00 0.00 0.00 521.00 523.00 522.00 527.00 6 1 80 
0:0:40 62.98 0.00000000 0.00000000 0.00 0.00 0.00 521.00 522.00 522.00 526.00 6 1 80 
0:0:40 63.18 0.00000000 0.00000000 0.00 0.00 0.00 521.00 522.00 522.00 526.00 6 1 80 
0:0:40 63.38 0.00000000 0.00000000 0.00 0.00 0.00 521.00 522.00 522.00 526.00 6 1 80 
0:0:40 63.58 0.00000000 0.00000000 0.00 0.00 0.00 521.00 522.00 522.00 526.00 6 1 80 
0:0:48 63.78 0.00000000 0.00000000 0.00 0.00 0.00 521.00 522.00 522.00 526.00 6 1 80 
0:0:48 63.98 0.00000000 0.00000000 0.00 0.00 0.00 522.00 522.00 522.00 526.00 6 1 80 
0:0:48 64.18 0.00000000 0.00000000 0.00 0.00 0.00 521.00 522.00 522.00 526.00 6 1 80 
0:0:48 64.38 0.00000000 0.00000000 0.00 0.00 0.00 521.00 522.00 522.00 526.00 6 1 80 
0:0:48 64.58 0.00000000 0.00000000 0.00 0.00 0.00 521.00 522.00 522.00 527.00 6 1 80 
0:0:49 64.79 0.00000000 0.00000000 0.00 0.00 0.00 521.00 522.00 522.00 527.00 6 1 80 
0:0:49 64.99 0.00000000 0.00000000 0.00 0.00 0.00 521.00 522.00 522.00 526.00 6 1 80 
0:0:49 65.19 0.00000000 0.00000000 0.00 0.00 0.00 521.00 523.00 522.00 526.00 6 1 80 
0:0:49 65.39 0.00000000 0.00000000 0.00 0.00 0.00 521.00 522.00 522.00 526.00 6 1 80 
0:0:49 65.59 0.00000000 0.00000000 0.00 0.00 0.00 522.00 522.00 522.00 526.00 6 1 80 
0:0:50 65.79 0.00000000 0.00000000 0.00 0.00 0.00 521.00 523.00 522.00 526.00 6 1 80 
0:0:50 65.99 0.00000000 0.00000000 0.00 0.00 0.00 521.00 522.00 522.00 526.00 6 1 80 
0:0:50 66.19 0.00000000 0.00000000 0.00 0.00 0.00 521.00 522.00 522.00 527.00 6 1 80 
0:0:50 66.39 0.00000000 0.00000000 0.00 0.00 0.00 521.00 522.00 522.00 527.00 6 1 80 
0:0:50 66.59 0.00000000 0.00000000 0.00 0.00 0.00 521.00 522.00 522.00 526.00 6 1 80 
0:0:51 66.79 0.00000000 0.00000000 0.00 0.00 0.00 521.00 522.00 522.00 526.00 6 1 80 
0:0:51 66.99 0.00000000 0.00000000 0.00 0.00 0.00 521.00 522.00 522.00 526.00 6 1 80 
0:0:51 67.19 0.00000000 0.00000000 0.00 0.00 0.00 521.00 522.00 522.00 526.00 6 1 80 
0:0:51 67.40 0.00000000 0.00000000 0.00 0.00 0.00 521.00 523.00 522.00 526.00 6 1 80 
0:0:52 67.60 0.00000000 0.00000000 0.00 0.00 0.00 521.00 522.00 522.00 526.00 6 1 80 
0:0:52 67.80 0.00000000 0.00000000 0.00 0.00 0.00 521.00 522.00 522.00 526.00 6 1 80 
0:0:52 68.00 0.00000000 0.00000000 0.00 0.00 0.00 521.00 523.00 522.00 526.00 6 1 80 
0:0:52 68.20 0.00000000 0.00000000 0.00 0.00 0.00 521.00 522.00 522.00 527.00 6 1 80 
0:0:52 68.40 0.00000000 0.00000000 0.00 0.00 0.00 521.00 523.00 522.00 526.00 6 1 80 
0:0:53 68.61 0.00000000 0.00000000 0.00 0.00 0.00 521.00 522.00 522.00 526.00 6 1 80 
0:0:53 68.81 0.00000000 0.00000000 0.00 0.00 0.00 521.00 522.00 522.00 526.00 6 1 80 
0:0:53 69.01 0.00000000 0.00000000 0.00 0.00 0.00 521.00 523.00 522.00 526.00 6 1 80 
0:0:53 69.21 0.00000000 0.00000000 0.00 0.00 0.00 521.00 522.00 522.00 526.00 6 1 80 
0:0:53 69.41 0.00000000 0.00000000 0.00 0.00 0.00 521.00 522.00 522.00 526.00 6 1 80 
0:0:54 69.61 0.00000000 0.00000000 0.00 0.00 0.00 521.00 522.00 522.00 526.00 6 1 80 
0:0:54 69.81 0.00000000 0.00000000 0.00 0.00 0.00 521.00 522.00 522.00 526.00 6 1 80 
0:0:54 70.01 0.00000000 0.00000000 0.00 0.00 0.00 521.00 522.00 522.00 526.00 6 1 80 
0:0:54 70.21 0.00000000 0.00000000 0.00 0.00 0.00 521.00 523.00 522.00 526.00 6 1 80 
0:0:54 70.41 0.00000000 0.00000000 0.00 0.00 0.00 521.00 522.00 522.00 526.00 6 1 80 
0:0:55 70.61 0.00000000 0.00000000 0.00 0.00 0.00 521.00 522.00 522.00 526.00 6 1 80 
0:0:55 70.81 0.00000000 0.00000000 0.00 0.00 0.00 521.00 522.00 522.00 526.00 6 1 80 
0:0:55 71.01 0.00000000 0.00000000 0.00 0.00 0.00 521.00 522.00 522.00 526.00 6 1 80 
0:0:55 71.22 0.00000000 0.00000000 0.00 0.00 0.00 521.00 522.00 522.00 526.00 6 1 80 
0:0:55 71.42 0.00000000 0.00000000 0.00 0.00 0.00 521.00 522.00 522.00 526.00 6 1 80 
0:0:56 71.62 0.00000000 0.00000000 0.00 0.00 0.00 521.00 522.00 522.00 526.00 6 1 80 
0:0:56 71.82 0.00000000 0.00000000 0.00 0.00 0.00 521.00 522.00 522.00 526.00 6 1 80 
0:0:56 72.02 0.00000000 0.00000000 0.00 0.00 0.00 521.00 523.00 522.00 526.00 6 1 80 
0:0:56 72.22 0.00000000 0.00000000 0.00 0.00 0.00 521.00 522.00 522.00 526.00 6 1 80 
0:0:56 72.42 0.00000000 0.00000000 0.00 0.00 0.00 521.00 522.00 522.00 526.00 6 1 80 
0:0:57 72.62 0.00000000 0.00000000 0.00 0.00 0.00 521.00 522.00 522.00 526.00 6 1 80 
0:0:57 72.83 0.00000000 0.00000000 0.00 0.00 0.00 521.00 522.00 522.00 526.00 6 1 80 
0:0:57 73.03 0.00000000 0.00000000 0.00 0.00 0.00 521.00 522.00 522.00 526.00 6 1 80 
0:0:57 73.23 0.00000000 0.00000000 0.00 0.00 0.00 521.00 522.00 522.00 526.00 6 1 80 
0:0:57 73.43 0.00000000 0.00000000 0.00 0.00 0.00 521.00 522.00 522.00 526.00 6 1 80 
0:0:58 73.63 0.00000000 0.00000000 0.00 0.00 0.00 521.00 522.00 522.00 526.00 6 1 80 
0:0:58 73.83 0.00000000 0.00000000 0.00 0.00 0.00 521.00 522.00 522.00 526.00 6 1 80 
0:0:58 74.03 0.00000000 0.00000000 0.00 0.00 0.00 521.00 522.00 522.00 526.00 6 1 80 
0:0:58 74.23 0.00000000 0.00000000 0.00 0.00 0.00 521.00 522.00 522.00 526.00 6 1 80 
0:0:58 74.43 0.00000000 0.00000000 0.00 0.00 0.00 521.00 522.00 522.00 527.00 6 1 80 
0:0:59 74.63 0.00000000 0.00000000 0.00 0.00 0.00 521.00 522.00 522.00 526.00 6 1 80 
0:0:59 74.83 0.00000000 0.00000000 0.00 0.00 0.00 521.00 523.00 522.00 524.00 6 1 80 
0:0:59 75.04 0.00000000 0.00000000 0.00 0.00 0.00 521.00 522.00 522.00 526.00 6 1 80 
0:0:59 75.24 0.00000000 0.00000000 0.00 0.00 0.00 521.00 522.00 522.00 526.00 6 1 80 
0:0:59 75.44 0.00000000 0.00000000 0.00 0.00 0.00 521.00 522.00 522.00 526.00 6 1 80 
0:1:0 75.64 0.00000000 0.00000000 0.00 0.00 0.00 521.00 522.00 522.00 526.00 6 1 80 
0:1:0 75.84 0.00000000 0.00000000 0.00 0.00 0.00 521.00 522.00 522.00 526.00 6 1 80 
0:1:0 76.04 0.00000000 0.00000000 0.00 0.00 0.00 521.00 522.00 522.00 525.00 6 1 80 
0:1:0 76.24 0.00000000 0.00000000 0.00 0.00 0.00 521.00 522.00 522.00 526.00 6 1 80 
0:1:0 76.44 0.00000000 0.00000000 0.00 0.00 0.00 521.00 522.00 522.00 526.00 6 1 80 
0:1:1 76.64 0.00000000 0.00000000 0.00 0.00 0.00 521.00 522.00 522.00 526.00 6 1 80 
0:1:1 76.84 0.00000000 0.00000000 0.00 0.00 0.00 521.00 522.00 522.00 526.00 6 1 80 
0:1:1 77.04 0.00000000 0.00000000 0.00 0.00 0.00 521.00 522.00 522.00 526.00 6 1 80 
0:1:1 77.24 0.00000000 0.00000000 0.00 0.00 0.00 521.00 522.00 522.00 526.00 6 1 80 
0:1:1 77.44 0.00000000 0.00000000 0.00 0.00 0.00 521.00 523.00 522.00 526.00 6 1 80 
0:1:2 77.64 0.00000000 0.00000000 0.00 0.00 0.00 521.00 522.00 523.00 526.00 6 1 80 
0:1:2 77.84 0.00000000 0.00000000 0.00 0.00 0.00 521.00 522.00 522.00 526.00 6 1 80 
0:1:2 78.05 0.00000000 0.00000000 0.00 0.00 0.00 521.00 522.00 522.00 526.00 6 1 80 
0:1:2 78.25 0.00000000 0.00000000 0.00 0.00 0.00 521.00 522.00 522.00 526.00 6 1 80 
0:1:2 78.45 0.00000000 0.00000000 0.00 0.00 0.00 521.00 522.00 522.00 526.00 6 1 80 
0:1:3 78.65 0.00000000 0.00000000 0.00 0.00 0.00 521.00 523.00 523.00 526.00 6 1 80 
0:1:3 78.85 0.00000000 0.00000000 0.00 0.00 0.00 521.00 522.00 522.00 527.00 6 1 80 
0:1:3 79.05 0.00000000 0.00000000 0.00 0.00 0.00 521.00 522.00 522.00 526.00 6 1 80 
0:1:3 79.25 0.00000000 0.00000000 0.00 0.00 0.00 521.00 522.00 522.00 526.00 6 1 80 
0:1:3 79.45 0.00000000 0.00000000 0.00 0.00 0.00 521.00 523.00 522.00 526.00 6 1 80 
0:1:4 79.65 0.00000000 0.00000000 0.00 0.00 0.00 521.00 522.00 522.00 526.00 6 1 80 
0:1:4 79.85 0.00000000 0.00000000 0.00 0.00 0.00 521.00 522.00 522.00 526.00 6 1 80 
0:1:4 80.05 0.00000000 0.00000000 0.00 0.00 0.00 521.00 522.00 522.00 526.00 6 1 80 
0:1:4 80.25 0.00000000 0.00000000 0.00 0.00 0.00 521.00 522.00 522.00 526.00 6 1 80 
0:1:4 80.45 0.00000000 0.00000000 0.00 0.00 0.00 521.00 522.00 522.00 526.00 6 1 80 
0:1:5 80.65 0.00000000 0.00000000 0.00 0.00 0.00 521.00 522.00 522.00 526.00 6 1 80 
0:1:5 80.86 0.00000000 0.00000000 0.00 0.00 0.00 521.00 522.00 522.00 526.00 6 1 80 
0:1:5 81.06 0.00000000 0.00000000 0.00 0.00 0.00 522.00 522.00 522.00 526.00 6 1 80 
0:1:5 81.26 0.00000000 0.00000000 0.00 0.00 0.00 521.00 522.00 522.00 526.00 6 1 80 
0:1:5 81.46 0.00000000 0.00000000 0.00 0.00 0.00 521.00 522.00 522.00 527.00 6 1 80 
0:1:6 81.66 0.00000000 0.00000000 0.00 0.00 0.00 521.00 522.00 522.00 527.00 6 1 80 
0:1:6 81.86 0.00000000 0.00000000 0.00 0.00 0.00 521.00 522.00 522.00 526.00 6 1 80 
0:1:6 82.06 0.00000000 0.00000000 0.00 0.00 0.00 521.00 523.00 522.00 526.00 6 1 80 
0:1:6 82.26 0.00000000 0.00000000 0.00 0.00 0.00 521.00 522.00 522.00 526.00 6 1 80 
0:1:6 82.46 0.00000000 0.00000000 0.00 0.00 0.00 521.00 522.00 522.00 526.00 6 1 80 
0:1:7 82.66 0.00000000 0.00000000 0.00 0.00 0.00 521.00 522.00 523.00 526.00 6 1 80 
0:1:7 82.86 0.00000000 0.00000000 0.00 0.00 0.00 521.00 522.00 522.00 526.00 6 1 80 
0:1:7 83.06 0.00000000 0.00000000 0.00 0.00 0.00 521.00 523.00 522.00 526.00 6 1 80 
0:1:7 83.26 0.00000000 0.00000000 0.00 0.00 0.00 521.00 522.00 522.00 526.00 6 1 80 
0:1:7 83.46 0.00000000 0.00000000 0.00 0.00 0.00 521.00 522.00 522.00 526.00 6 1 80 
0:1:8 83.66 0.00000000 0.00000000 0.00 0.00 0.00 521.00 522.00 522.00 526.00 6 1 80 
0:1:8 83.87 0.00000000 0.00000000 0.00 0.00 0.00 522.00 522.00 522.00 526.00 6 1 80 
0:1:8 84.07 0.00000000 0.00000000 0.00 0.00 0.00 521.00 522.00 522.00 526.00 6 1 80 
0:1:8 84.27 0.00000000 0.00000000 0.00 0.00 0.00 521.00 523.00 522.00 526.00 6 1 80 
0:1:8 84.47 0.00000000 0.00000000 0.00 0.00 0.00 521.00 523.00 522.00 526.00 6 1 80 
0:1:9 84.67 0.00000000 0.00000000 0.00 0.00 0.00 521.00 522.00 522.00 526.00 6 1 80 
0:1:9 84.87 0.00000000 0.00000000 0.00 0.00 0.00 521.00 522.00 522.00 526.00 6 1 80 
0:1:9 85.07 0.00000000 0.00000000 0.00 0.00 0.00 521.00 522.00 522.00 526.00 6 1 80 
0:1:9 85.27 0.00000000 0.00000000 0.00 0.00 0.00 521.00 522.00 522.00 526.00 6 1 80 
0:1:9 85.47 0.00000000 0.00000000 0.00 0.00 0.00 521.00 522.00 522.00 526.00 6 1 80 
0:1:10 85.67 0.00000000 0.00000000 0.00 0.00 0.00 521.00 523.00 522.00 526.00 6 1 80 
0:1:10 85.87 0.00000000 0.00000000 0.00 0.00 0.00 521.00 522.00 522.00 526.00 6 1 80 
0:1:10 86.07 0.00000000 0.00000000 0.00 0.00 0.00 521.00 522.00 522.00 526.00 6 1 80 
0:1:10 86.27 0.00000000 0.00000000 0.00 0.00 0.00 521.00 522.00 522.00 526.00 6 1 80 
0:1:10 86.47 0.00000000 0.00000000 0.00 0.00 0.00 521.00 522.00 522.00 526.00 6 1 80 
0:1:11 86.68 0.00000000 0.00000000 0.00 0.00 0.00 521.00 522.00 522.00 526.00 6 1 80 
0:1:11 86.88 0.00000000 0.00000000 0.00 0.00 0.00 521.00 522.00 522.00 526.00 6 1 80 
0:1:11 87.08 0.00000000 0.00000000 0.00 0.00 0.00 521.00 523.00 522.00 526.00 6 1 80 
0:1:11 87.28 0.00000000 0.00000000 0.00 0.00 0.00 521.00 523.00 522.00 526.00 6 1 80 
0:1:11 87.48 0.00000000 0.00000000 0.00 0.00 0.00 521.00 522.00 522.00 526.00 6 1 80 
0:1:12 87.68 0.00000000 0.00000000 0.00 0.00 0.00 521.00 523.00 522.00 526.00 6 1 80 
0:1:12 87.88 0.00000000 0.00000000 0.00 0.00 0.00 521.00 522.00 522.00 527.00 6 1 80 
0:1:12 88.08 0.00000000 0.00000000 0.00 0.00 0.00 521.00 522.00 522.00 527.00 6 1 80 
0:1:12 88.28 0.00000000 0.00000000 0.00 0.00 0.00 521.00 522.00 522.00 526.00 6 1 80 
0:1:12 88.48 0.00000000 0.00000000 0.00 0.00 0.00 521.00 523.00 522.00 526.00 6 1 80 
0:1:13 88.68 0.00000000 0.00000000 0.00 0.00 0.00 521.00 522.00 522.00 526.00 6 1 80 
0:1:13 88.88 0.00000000 0.00000000 0.00 0.00 0.00 521.00 522.00 522.00 526.00 6 1 80 
0:1:13 89.08 0.00000000 0.00000000 0.00 0.00 0.00 521.00 522.00 522.00 526.00 6 1 80 
0:1:13 89.29 0.00000000 0.00000000 0.00 0.00 0.00 521.00 522.00 522.00 526.00 6 1 80 
0:1:13 89.49 0.00000000 0.00000000 0.00 0.00 0.00 521.00 522.00 522.00 526.00 6 1 80 
0:1:14 89.69 0.00000000 0.00000000 0.00 0.00 0.00 521.00 522.00 522.00 526.00 6 1 80 
0:1:14 89.89 0.00000000 0.00000000 0.00 0.00 0.00 521.00 522.00 522.00 526.00 6 1 80 
0:1:14 90.09 0.00000000 0.00000000 0.00 0.00 0.00 521.00 522.00 522.00 527.00 6 1 80 
0:1:14 90.29 0.00000000 0.00000000 0.00 0.00 0.00 521.00 523.00 522.00 526.00 6 1 80 
0:1:14 90.49 0.00000000 0.00000000 0.00 0.00 0.00 521.00 523.00 522.00 526.00 6 1 80 
0:1:15 90.69 0.00000000 0.00000000 0.00 0.00 0.00 521.00 522.00 522.00 526.00 6 1 80 
0:1:15 90.89 0.00000000 0.00000000 0.00 0.00 0.00 521.00 522.00 522.00 526.00 6 1 80 
0:1:15 91.09 0.00000000 0.00000000 0.00 0.00 0.00 521.00 523.00 522.00 526.00 6 1 80 
0:1:15 91.29 0.00000000 0.00000000 0.00 0.00 0.00 521.00 522.00 522.00 526.00 6 1 80 
0:1:15 91.49 0.00000000 0.00000000 0.00 0.00 0.00 521.00 522.00 522.00 526.00 6 1 80 
0:1:16 91.69 0.00000000 0.00000000 0.00 0.00 0.00 521.00 522.00 522.00 526.00 6 1 80 
0:1:16 91.89 0.00000000 0.00000000 0.00 0.00 0.00 521.00 522.00 522.00 526.00 6 1 80 
0:1:16 92.09 0.00000000 0.00000000 0.00 0.00 0.00 521.00 522.00 522.00 526.00 6 1 80 
0:1:16 92.29 0.00000000 0.00000000 0.00 0.00 0.00 521.00 523.00 522.00 527.00 6 1 80 
0:1:16 92.50 0.00000000 0.00000000 0.00 0.00 0.00 521.00 522.00 522.00 526.00 6 1 80 
0:1:17 92.70 0.00000000 0.00000000 0.00 0.00 0.00 521.00 523.00 522.00 527.00 6 1 80 
0:1:17 92.90 0.00000000 0.00000000 0.00 0.00 0.00 521.00 523.00 521.00 526.00 6 1 80 
0:1:17 93.10 0.00000000 0.00000000 0.00 0.00 0.00 521.00 522.00 522.00 526.00 6 1 80 
0:1:17 93.30 0.00000000 0.00000000 0.00 0.00 0.00 521.00 523.00 522.00 526.00 6 1 80 
0:1:17 93.50 0.00000000 0.00000000 0.00 0.00 0.00 521.00 523.00 522.00 526.00 6 1 80 
0:1:18 93.70 0.00000000 0.00000000 0.00 0.00 0.00 521.00 523.00 522.00 526.00 6 1 80 
0:1:18 93.90 0.00000000 0.00000000 0.00 0.00 0.00 521.00 522.00 522.00 527.00 6 1 80 
0:1:18 94.10 0.00000000 0.00000000 0.00 0.00 0.00 521.00 521.00 522.00 526.00 6 1 80 
0:1:18 94.30 0.00000000 0.00000000 0.00 0.00 0.00 521.00 523.00 522.00 526.00 6 1 80 
0:1:18 94.50 0.00000000 0.00000000 0.00 0.00 0.00 521.00 522.00 522.00 526.00 6 1 80 
0:1:19 94.70 0.00000000 0.00000000 0.00 0.00 0.00 521.00 522.00 522.00 526.00 6 1 80 
0:1:19 94.90 0.00000000 0.00000000 0.00 0.00 0.00 521.00 523.00 522.00 526.00 6 1 80 
0:1:19 95.10 0.00000000 0.00000000 0.00 0.00 0.00 521.00 522.00 522.00 526.00 6 1 80 
0:1:19 95.30 0.00000000 0.00000000 0.00 0.00 0.00 521.00 522.00 522.00 526.00 6 1 80 
0:1:19 95.50 0.00000000 0.00000000 0.00 0.00 0.00 521.00 523.00 522.00 526.00 6 1 80 
0:1:20 95.70 0.00000000 0.00000000 0.00 0.00 0.00 521.00 522.00 522.00 526.00 6 1 80 
0:1:20 95.91 0.00000000 0.00000000 0.00 0.00 0.00 521.00 522.00 522.00 526.00 6 1 80 
0:1:20 96.11 0.00000000 0.00000000 0.00 0.00 0.00 521.00 523.00 523.00 526.00 6 1 80 
0:1:20 96.31 0.00000000 0.00000000 0.00 0.00 0.00 521.00 523.00 522.00 526.00 6 1 80 
0:1:20 96.51 0.00000000 0.00000000 0.00 0.00 0.00 520.00 522.00 523.00 526.00 6 1 80 
0:1:21 96.71 0.00000000 0.00000000 0.00 0.00 0.00 521.00 522.00 522.00 526.00 6 1 80 
0:1:21 96.91 0.00000000 0.00000000 0.00 0.00 0.00 521.00 522.00 522.00 526.00 6 1 80 
0:1:21 97.11 0.00000000 0.00000000 0.00 0.00 0.00 521.00 522.00 522.00 526.00 6 1 80 
0:1:21 97.31 0.00000000 0.00000000 0.00 0.00 0.00 521.00 522.00 522.00 527.00 6 1 80 
0:1:21 97.51 0.00000000 0.00000000 0.00 0.00 0.00 521.00 522.00 522.00 526.00 6 1 80 
0:1:22 97.71 0.00000000 0.00000000 0.00 0.00 0.00 521.00 522.00 522.00 527.00 6 1 80 
0:1:22 97.91 0.00000000 0.00000000 0.00 0.00 0.00 521.00 522.00 522.00 526.00 6 1 80 
0:1:22 98.11 0.00000000 0.00000000 0.00 0.00 0.00 521.00 522.00 522.00 526.00 6 1 80 
0:1:22 98.31 0.00000000 0.00000000 0.00 0.00 0.00 521.00 522.00 522.00 526.00 6 1 80 
0:1:22 98.51 0.00000000 0.00000000 0.00 0.00 0.00 521.00 522.00 522.00 526.00 6 1 80 
0:1:23 98.71 0.00000000 0.00000000 0.00 0.00 0.00 521.00 522.00 522.00 526.00 6 1 80 
0:1:23 98.91 0.00000000 0.00000000 0.00 0.00 0.00 521.00 522.00 522.00 526.00 6 1 80 
0:1:23 99.12 0.00000000 0.00000000 0.00 0.00 0.00 521.00 522.00 522.00 526.00 6 1 80 
0:1:23 99.32 0.00000000 0.00000000 0.00 0.00 0.00 521.00 522.00 522.00 526.00 6 1 80 
0:1:23 99.52 0.00000000 0.00000000 0.00 0.00 0.00 521.00 522.00 522.00 527.00 6 1 80 
0:1:24 99.72 0.00000000 0.00000000 0.00 0.00 0.00 521.00 523.00 522.00 526.00 6 1 80 
0:1:24 99.92 0.00000000 0.00000000 0.00 0.00 0.00 521.00 523.00 522.00 526.00 6 1 80 
0:1:24 100.12 0.00000000 0.00000000 0.00 0.00 0.00 521.00 522.00 522.00 526.00 6 1 80 
0:1:24 100.32 0.00000000 0.00000000 0.00 0.00 0.00 521.00 522.00 522.00 526.00 6 1 80 
0:1:24 100.52 0.00000000 0.00000000 0.00 0.00 0.00 521.00 522.00 522.00 526.00 6 1 80 
0:1:25 100.72 0.00000000 0.00000000 0.00 0.00 0.00 521.00 523.00 522.00 527.00 6 1 80 
0:1:25 100.92 0.00000000 0.00000000 0.00 0.00 0.00 521.00 522.00 522.00 526.00 6 1 80 
0:1:25 101.12 0.00000000 0.00000000 0.00 0.00 0.00 521.00 523.00 522.00 526.00 6 1 80 
0:1:25 101.32 0.00000000 0.00000000 0.00 0.00 0.00 521.00 522.00 522.00 526.00 6 1 80 
0:1:25 101.52 0.00000000 0.00000000 0.00 0.00 0.00 521.00 522.00 522.00 526.00 6 1 80 
0:1:26 101.72 0.00000000 0.00000000 0.00 0.00 0.00 521.00 522.00 522.00 526.00 6 1 80 
0:1:26 101.93 0.00000000 0.00000000 0.00 0.00 0.00 521.00 522.00 522.00 526.00 6 1 80 
0:1:26 102.13 0.00000000 0.00000000 0.00 0.00 0.00 521.00 522.00 522.00 526.00 6 1 80 
0:1:26 102.33 0.00000000 0.00000000 0.00 0.00 0.00 521.00 523.00 522.00 526.00 6 1 80 
0:1:26 102.53 0.00000000 0.00000000 0.00 0.00 0.00 521.00 522.00 522.00 527.00 6 1 80 
0:1:27 102.73 0.00000000 0.00000000 0.00 0.00 0.00 521.00 523.00 522.00 526.00 6 1 80 
0:1:27 102.93 0.00000000 0.00000000 0.00 0.00 0.00 521.00 523.00 522.00 527.00 6 1 80 
0:1:27 103.13 0.00000000 0.00000000 0.00 0.00 0.00 521.00 523.00 522.00 526.00 6 1 80 
0:1:27 103.33 0.00000000 0.00000000 0.00 0.00 0.00 521.00 523.00 522.00 526.00 6 1 80 
0:1:27 103.53 0.00000000 0.00000000 0.00 0.00 0.00 521.00 522.00 522.00 526.00 6 1 80 
0:1:28 103.73 0.00000000 0.00000000 0.00 0.00 0.00 521.00 523.00 522.00 526.00 6 1 80 
0:1:28 103.93 0.00000000 0.00000000 0.00 0.00 0.00 521.00 522.00 522.00 526.00 6 1 80 
0:1:28 104.13 0.00000000 0.00000000 0.00 0.00 0.00 521.00 522.00 522.00 526.00 6 1 80 
0:1:28 104.33 0.00000000 0.00000000 0.00 0.00 0.00 522.00 522.00 522.00 526.00 6 1 80 
0:1:28 104.53 0.00000000 0.00000000 0.00 0.00 0.00 521.00 522.00 522.00 526.00 6 1 80 
0:1:29 104.73 0.00000000 0.00000000 0.00 0.00 0.00 521.00 522.00 522.00 526.00 6 1 80 
0:1:29 104.93 0.00000000 0.00000000 0.00 0.00 0.00 522.00 522.00 522.00 526.00 6 1 80 
0:1:29 105.13 0.00000000 0.00000000 0.00 0.00 0.00 521.00 522.00 522.00 527.00 6 1 80 
0:1:29 105.34 0.00000000 0.00000000 0.00 0.00 0.00 521.00 522.00 522.00 526.00 6 1 80 
0:1:29 105.54 0.00000000 0.00000000 0.00 0.00 0.00 521.00 523.00 522.00 526.00 6 1 80 
0:1:30 105.74 0.00000000 0.00000000 0.00 0.00 0.00 521.00 522.00 522.00 526.00 6 1 80 
0:1:30 105.94 0.00000000 0.00000000 0.00 0.00 0.00 521.00 522.00 522.00 526.00 6 1 80 
0:1:30 106.14 0.00000000 0.00000000 0.00 0.00 0.00 521.00 522.00 522.00 526.00 6 1 80 
0:1:30 106.34 0.00000000 0.00000000 0.00 0.00 0.00 521.00 522.00 522.00 526.00 6 1 80 
0:1:30 106.54 0.00000000 0.00000000 0.00 0.00 0.00 521.00 522.00 522.00 526.00 6 1 80 
0:1:31 106.74 0.00000000 0.00000000 0.00 0.00 0.00 521.00 522.00 523.00 526.00 6 1 80 
0:1:31 106.94 0.00000000 0.00000000 0.00 0.00 0.00 522.00 522.00 522.00 526.00 6 1 80 
0:1:31 107.14 0.00000000 0.00000000 0.00 0.00 0.00 521.00 523.00 521.00 526.00 6 1 80 
0:1:31 107.34 0.00000000 0.00000000 0.00 0.00 0.00 521.00 522.00 522.00 527.00 6 1 80 
0:1:31 107.54 0.00000000 0.00000000 0.00 0.00 0.00 521.00 522.00 522.00 526.00 6 1 80 
0:1:32 107.74 0.00000000 0.00000000 0.00 0.00 0.00 521.00 522.00 522.00 527.00 6 1 80 
0:1:32 107.94 0.00000000 0.00000000 0.00 0.00 0.00 521.00 522.00 522.00 527.00 6 1 80 
0:1:32 108.15 0.00000000 0.00000000 0.00 0.00 0.00 521.00 523.00 522.00 526.00 6 1 80 
0:1:32 108.35 0.00000000 0.00000000 0.00 0.00 0.00 521.00 522.00 522.00 527.00 6 1 80 
0:1:32 108.55 0.00000000 0.00000000 0.00 0.00 0.00 521.00 523.00 522.00 526.00 6 1 80 
0:1:33 108.75 0.00000000 0.00000000 0.00 0.00 0.00 521.00 522.00 522.00 526.00 6 1 80 
0:1:33 108.95 0.00000000 0.00000000 0.00 0.00 0.00 521.00 522.00 522.00 526.00 6 1 80 
0:1:33 109.15 0.00000000 0.00000000 0.00 0.00 0.00 521.00 522.00 522.00 526.00 6 1 80 
0:1:33 109.35 0.00000000 0.00000000 0.00 0.00 0.00 521.00 522.00 522.00 526.00 6 1 80 
0:1:33 109.55 0.00000000 0.00000000 0.00 0.00 0.00 521.00 522.00 522.00 526.00 6 1 80 
0:1:33 109.75 0.00000000 0.00000000 0.00 0.00 0.00 521.00 523.00 522.00 526.00 6 1 80 
0:1:33 109.95 0.00000000 0.00000000 0.00 0.00 0.00 522.00 522.00 522.00 526.00 6 1 80 
0:1:33 110.15 0.00000000 0.00000000 0.00 0.00 0.00 521.00 522.00 522.00 526.00 6 1 80 
0:1:33 110.35 0.00000000 0.00000000 0.00 0.00 0.00 521.00 522.00 522.00 526.00 6 1 80 
0:1:33 110.55 0.00000000 0.00000000 0.00 0.00 0.00 521.00 523.00 522.00 526.00 6 1 80 
0:1:33 110.75 0.00000000 0.00000000 0.00 0.00 0.00 522.00 522.00 522.00 526.00 6 1 80 
0:1:33 110.95 0.00000000 0.00000000 0.00 0.00 0.00 521.00 523.00 522.00 526.00 6 1 80 
0:1:33 111.16 0.00000000 0.00000000 0.00 0.00 0.00 521.00 522.00 522.00 526.00 6 1 80 
0:1:33 111.36 0.00000000 0.00000000 0.00 0.00 0.00 521.00 522.00 522.00 526.00 6 1 80 
0:1:33 111.56 0.00000000 0.00000000 0.00 0.00 0.00 522.00 523.00 522.00 526.00 6 1 80 
0:1:33 111.76 0.00000000 0.00000000 0.00 0.00 0.00 521.00 522.00 523.00 527.00 6 1 80 
0:1:33 111.96 0.00000000 0.00000000 0.00 0.00 0.00 522.00 522.00 522.00 526.00 6 1 80 
0:1:33 112.16 0.00000000 0.00000000 0.00 0.00 0.00 521.00 522.00 522.00 526.00 6 1 80 
0:1:33 112.36 0.00000000 0.00000000 0.00 0.00 0.00 521.00 522.00 522.00 526.00 6 1 80 
0:1:33 112.56 0.00000000 0.00000000 0.00 0.00 0.00 521.00 522.00 522.00 526.00 6 1 80 
0:1:33 112.76 0.00000000 0.00000000 0.00 0.00 0.00 521.00 522.00 522.00 526.00 6 1 80 
0:1:33 112.96 0.00000000 0.00000000 0.00 0.00 0.00 521.00 522.00 522.00 526.00 6 1 80 
0:1:33 113.16 0.00000000 0.00000000 0.00 0.00 0.00 521.00 523.00 522.00 526.00 6 1 80 
0:1:33 113.36 0.00000000 0.00000000 0.00 0.00 0.00 521.00 522.00 522.00 526.00 6 1 80 
0:1:33 113.56 0.00000000 0.00000000 0.00 0.00 0.00 521.00 523.00 522.00 526.00 6 1 80 
0:1:33 113.76 0.00000000 0.00000000 0.00 0.00 0.00 521.00 522.00 522.00 526.00 6 1 80 
0:1:33 113.96 0.00000000 0.00000000 0.00 0.00 0.00 521.00 522.00 522.00 526.00 6 1 80 
0:1:33 114.16 0.00000000 0.00000000 0.00 0.00 0.00 521.00 522.00 522.00 526.00 6 1 80 
0:1:33 114.37 0.00000000 0.00000000 0.00 0.00 0.00 521.00 522.00 522.00 526.00 6 1 80 
0:1:33 114.57 0.00000000 0.00000000 0.00 0.00 0.00 522.00 522.00 522.00 526.00 6 1 80 
0:1:33 114.84 0.00000000 0.00000000 0.00 0.00 0.00 521.00 523.00 522.00 526.00 6 1 80 
0:1:33 115.04 0.00000000 0.00000000 0.00 0.00 0.00 521.00 523.00 522.00 526.00 6 1 80 
0:1:33 115.24 0.00000000 0.00000000 0.00 0.00 0.00 521.00 522.00 522.00 526.00 6 1 80 
0:1:33 115.44 0.00000000 0.00000000 0.00 0.00 0.00 521.00 523.00 522.00 526.00 6 1 80 
0:1:33 115.64 0.00000000 0.00000000 0.00 0.00 0.00 521.00 522.00 522.00 527.00 6 1 80 
0:1:40 115.84 0.00000000 0.00000000 0.00 0.00 0.00 521.00 522.00 522.00 526.00 6 1 80 
0:1:40 116.04 0.00000000 0.00000000 0.00 0.00 0.00 521.00 522.00 522.00 526.00 6 1 80 
0:1:40 116.24 0.00000000 0.00000000 0.00 0.00 0.00 521.00 523.00 522.00 526.00 6 1 80 
0:1:40 116.44 0.00000000 0.00000000 0.00 0.00 0.00 521.00 523.00 522.00 526.00 6 1 80 
0:1:41 116.65 0.00000000 0.00000000 0.00 0.00 0.00 521.00 523.00 522.00 525.00 6 1 80 
0:1:41 116.85 0.00000000 0.00000000 0.00 0.00 0.00 521.00 523.00 522.00 526.00 6 1 80 
0:1:41 117.05 0.00000000 0.00000000 0.00 0.00 0.00 522.00 522.00 522.00 527.00 6 1 80 
0:1:41 117.25 0.00000000 0.00000000 0.00 0.00 0.00 521.00 522.00 522.00 527.00 6 1 80 
0:1:41 117.45 0.00000000 0.00000000 0.00 0.00 0.00 521.00 522.00 522.00 526.00 6 1 80 
0:1:42 117.65 0.00000000 0.00000000 0.00 0.00 0.00 521.00 523.00 522.00 527.00 6 1 80 
0:1:42 117.85 0.00000000 0.00000000 0.00 0.00 0.00 521.00 523.00 522.00 526.00 6 1 80 
0:1:42 118.05 0.00000000 0.00000000 0.00 0.00 0.00 521.00 522.00 522.00 526.00 6 1 80 
0:1:42 118.25 0.00000000 0.00000000 0.00 0.00 0.00 521.00 523.00 522.00 526.00 6 1 80 
0:1:42 118.45 0.00000000 0.00000000 0.00 0.00 0.00 521.00 522.00 522.00 527.00 6 1 80 
0:1:43 118.66 0.00000000 0.00000000 0.00 0.00 0.00 521.00 522.00 522.00 527.00 6 1 80 
0:1:43 118.86 0.00000000 0.00000000 0.00 0.00 0.00 521.00 523.00 522.00 526.00 6 1 80 
0:1:43 119.06 0.00000000 0.00000000 0.00 0.00 0.00 520.00 523.00 522.00 526.00 6 1 80 
0:1:43 119.26 0.00000000 0.00000000 0.00 0.00 0.00 521.00 522.00 522.00 527.00 6 1 80 
0:1:43 119.46 0.00000000 0.00000000 0.00 0.00 0.00 521.00 522.00 522.00 526.00 6 1 80 
0:1:44 119.66 0.00000000 0.00000000 0.00 0.00 0.00 521.00 522.00 522.00 526.00 6 1 80 
0:1:44 119.86 0.00000000 0.00000000 0.00 0.00 0.00 521.00 522.00 522.00 526.00 6 1 80 
0:1:44 120.06 0.00000000 0.00000000 0.00 0.00 0.00 521.00 523.00 522.00 526.00 6 1 80 
0:1:44 120.26 0.00000000 0.00000000 0.00 0.00 0.00 521.00 522.00 522.00 526.00 6 1 80 
0:1:44 120.46 0.00000000 0.00000000 0.00 0.00 0.00 522.00 522.00 522.00 526.00 6 1 80 
0:1:45 120.66 0.00000000 0.00000000 0.00 0.00 0.00 521.00 522.00 522.00 526.00 6 1 80 
0:1:45 120.86 0.00000000 0.00000000 0.00 0.00 0.00 521.00 522.00 522.00 526.00 6 1 80 
0:1:45 121.06 0.00000000 0.00000000 0.00 0.00 0.00 521.00 523.00 522.00 526.00 6 1 80 
0:1:45 121.26 0.00000000 0.00000000 0.00 0.00 0.00 521.00 523.00 522.00 526.00 6 1 80 
0:1:45 121.47 0.00000000 0.00000000 0.00 0.00 0.00 522.00 522.00 522.00 526.00 6 1 80 
0:1:46 121.67 0.00000000 0.00000000 0.00 0.00 0.00 521.00 523.00 522.00 526.00 6 1 80 
0:1:46 121.87 0.00000000 0.00000000 0.00 0.00 0.00 521.00 522.00 522.00 526.00 6 1 80 
0:1:46 122.07 0.00000000 0.00000000 0.00 0.00 0.00 521.00 522.00 522.00 526.00 6 1 80 
0:1:46 122.27 0.00000000 0.00000000 0.00 0.00 0.00 521.00 523.00 522.00 526.00 6 1 80 
0:1:46 122.47 0.00000000 0.00000000 0.00 0.00 0.00 521.00 522.00 522.00 526.00 6 1 80 
0:1:47 122.67 0.00000000 0.00000000 0.00 0.00 0.00 521.00 523.00 522.00 526.00 6 1 80 
0:1:47 122.87 0.00000000 0.00000000 0.00 0.00 0.00 521.00 522.00 523.00 526.00 6 1 80 
0:1:47 123.07 0.00000000 0.00000000 0.00 0.00 0.00 521.00 523.00 522.00 526.00 6 1 80 
0:1:47 123.27 0.00000000 0.00000000 0.00 0.00 0.00 521.00 522.00 522.00 526.00 6 1 80 
0:1:47 123.47 0.00000000 0.00000000 0.00 0.00 0.00 521.00 522.00 522.00 526.00 6 1 80 
0:1:48 123.67 0.00000000 0.00000000 0.00 0.00 0.00 521.00 522.00 522.00 526.00 6 1 80 
0:1:48 123.87 0.00000000 0.00000000 0.00 0.00 0.00 521.00 522.00 522.00 526.00 6 1 80 
0:1:48 124.07 0.00000000 0.00000000 0.00 0.00 0.00 521.00 522.00 522.00 526.00 6 1 80 
0:1:48 124.27 0.00000000 0.00000000 0.00 0.00 0.00 521.00 522.00 522.00 526.00 6 1 80 
0:1:48 124.48 0.00000000 0.00000000 0.00 0.00 0.00 521.00 523.00 522.00 526.00 6 1 80 
0:1:49 124.68 0.00000000 0.00000000 0.00 0.00 0.00 521.00 522.00 522.00 526.00 6 1 80 
0:1:49 124.88 0.00000000 0.00000000 0.00 0.00 0.00 521.00 522.00 522.00 526.00 6 1 80 
0:1:49 125.08 0.00000000 0.00000000 0.00 0.00 0.00 521.00 522.00 522.00 526.00 6 1 80 
0:1:49 125.28 0.00000000 0.00000000 0.00 0.00 0.00 521.00 522.00 522.00 526.00 6 1 80 
0:1:49 125.48 0.00000000 0.00000000 0.00 0.00 0.00 522.00 522.00 522.00 526.00 6 1 80 
0:1:50 125.68 0.00000000 0.00000000 0.00 0.00 0.00 521.00 523.00 522.00 527.00 6 1 80 
0:1:50 125.88 0.00000000 0.00000000 0.00 0.00 0.00 521.00 522.00 522.00 526.00 6 1 80 
0:1:50 126.08 0.00000000 0.00000000 0.00 0.00 0.00 521.00 522.00 522.00 526.00 6 1 80 
0:1:50 126.28 0.00000000 0.00000000 0.00 0.00 0.00 521.00 522.00 522.00 527.00 6 1 80 
0:1:50 126.48 0.00000000 0.00000000 0.00 0.00 0.00 521.00 522.00 522.00 526.00 6 1 80 
0:1:51 126.68 0.00000000 0.00000000 0.00 0.00 0.00 521.00 523.00 522.00 526.00 6 1 80 
0:1:51 126.88 0.00000000 0.00000000 0.00 0.00 0.00 521.00 523.00 522.00 526.00 6 1 80 
0:1:51 127.08 0.00000000 0.00000000 0.00 0.00 0.00 521.00 522.00 522.00 526.00 6 1 80 
0:1:51 127.28 0.00000000 0.00000000 0.00 0.00 0.00 521.00 523.00 522.00 526.00 6 1 80 
0:1:51 127.48 0.00000000 0.00000000 0.00 0.00 0.00 521.00 522.00 522.00 527.00 6 1 80 
0:1:52 127.68 0.00000000 0.00000000 0.00 0.00 0.00 522.00 522.00 522.00 526.00 6 1 80 
0:1:52 127.88 0.00000000 0.00000000 0.00 0.00 0.00 521.00 522.00 522.00 526.00 6 1 80 
0:1:52 128.09 0.00000000 0.00000000 0.00 0.00 0.00 521.00 522.00 522.00 526.00 6 1 80 
0:1:52 128.29 0.00000000 0.00000000 0.00 0.00 0.00 522.00 523.00 522.00 527.00 6 1 80 
0:1:52 128.49 0.00000000 0.00000000 0.00 0.00 0.00 521.00 521.00 522.00 526.00 6 1 80 
0:1:53 128.69 0.00000000 0.00000000 0.00 0.00 0.00 521.00 522.00 522.00 526.00 6 1 80 
0:1:53 128.89 0.00000000 0.00000000 0.00 0.00 0.00 521.00 523.00 522.00 526.00 6 1 80 
0:1:53 129.09 0.00000000 0.00000000 0.00 0.00 0.00 521.00 523.00 522.00 527.00 6 1 80 
0:1:53 129.29 0.00000000 0.00000000 0.00 0.00 0.00 521.00 522.00 522.00 526.00 6 1 80 
0:1:53 129.49 0.00000000 0.00000000 0.00 0.00 0.00 521.00 522.00 522.00 526.00 6 1 80 
0:1:54 129.69 0.00000000 0.00000000 0.00 0.00 0.00 520.00 523.00 522.00 526.00 6 1 80 
0:1:54 129.89 0.00000000 0.00000000 0.00 0.00 0.00 522.00 522.00 522.00 526.00 6 1 80 
0:1:54 130.09 0.00000000 0.00000000 0.00 0.00 0.00 521.00 522.00 522.00 526.00 6 1 80 
0:1:54 130.29 0.00000000 0.00000000 0.00 0.00 0.00 521.00 523.00 522.00 526.00 6 1 80 
0:1:54 130.50 0.00000000 0.00000000 0.00 0.00 0.00 521.00 522.00 522.00 526.00 6 1 80 
0:1:55 130.70 0.00000000 0.00000000 0.00 0.00 0.00 521.00 522.00 522.00 526.00 6 1 80 
0:1:55 130.90 0.00000000 0.00000000 0.00 0.00 0.00 521.00 522.00 522.00 526.00 6 1 80 
0:1:55 131.10 0.00000000 0.00000000 0.00 0.00 0.00 521.00 522.00 522.00 526.00 6 1 80 
0:1:55 131.30 0.00000000 0.00000000 0.00 0.00 0.00 521.00 522.00 522.00 527.00 6 1 80 
0:1:55 131.50 0.00000000 0.00000000 0.00 0.00 0.00 521.00 522.00 522.00 526.00 6 1 80 
0:1:56 131.70 0.00000000 0.00000000 0.00 0.00 0.00 521.00 523.00 522.00 526.00 6 1 80 
0:1:56 131.90 0.00000000 0.00000000 0.00 0.00 0.00 521.00 523.00 522.00 526.00 6 1 80 
0:1:56 132.10 0.00000000 0.00000000 0.00 0.00 0.00 521.00 523.00 522.00 526.00 6 1 80 
0:1:56 132.30 0.00000000 0.00000000 0.00 0.00 0.00 521.00 522.00 522.00 526.00 6 1 80 
0:1:56 132.50 0.00000000 0.00000000 0.00 0.00 0.00 521.00 523.00 522.00 526.00 6 1 80 
0:1:57 132.70 0.00000000 0.00000000 0.00 0.00 0.00 521.00 522.00 522.00 526.00 6 1 80 
0:1:57 132.90 0.00000000 0.00000000 0.00 0.00 0.00 521.00 523.00 523.00 527.00 6 1 80 
0:1:57 133.10 0.00000000 0.00000000 0.00 0.00 0.00 521.00 522.00 522.00 527.00 6 1 80 
0:1:57 133.30 0.00000000 0.00000000 0.00 0.00 0.00 521.00 522.00 522.00 526.00 6 1 80 
0:1:57 133.51 0.00000000 0.00000000 0.00 0.00 0.00 521.00 522.00 522.00 526.00 6 1 80 
0:1:58 133.71 0.00000000 0.00000000 0.00 0.00 0.00 521.00 522.00 522.00 526.00 6 1 80 
0:1:58 133.91 0.00000000 0.00000000 0.00 0.00 0.00 521.00 523.00 522.00 526.00 6 1 80 
0:1:58 134.11 0.00000000 0.00000000 0.00 0.00 0.00 521.00 523.00 522.00 526.00 6 1 80 
0:1:58 134.31 0.00000000 0.00000000 0.00 0.00 0.00 521.00 523.00 522.00 527.00 6 1 80 
0:1:58 134.51 0.00000000 0.00000000 0.00 0.00 0.00 521.00 523.00 522.00 526.00 6 1 80 
0:1:59 134.71 0.00000000 0.00000000 0.00 0.00 0.00 521.00 523.00 522.00 526.00 6 1 80 
0:1:59 134.91 0.00000000 0.00000000 0.00 0.00 0.00 521.00 523.00 522.00 526.00 6 1 80 
0:1:59 135.11 0.00000000 0.00000000 0.00 0.00 0.00 521.00 523.00 522.00 526.00 6 1 80 
0:1:59 135.31 0.00000000 0.00000000 0.00 0.00 0.00 521.00 522.00 523.00 526.00 6 1 80 
0:1:59 135.51 0.00000000 0.00000000 0.00 0.00 0.00 522.00 522.00 522.00 526.00 6 1 80 
0:2:0 135.71 0.00000000 0.00000000 0.00 0.00 0.00 521.00 523.00 522.00 526.00 6 1 80 
0:2:0 135.91 0.00000000 0.00000000 0.00 0.00 0.00 521.00 523.00 522.00 526.00 6 1 80 
0:2:0 136.11 0.00000000 0.00000000 0.00 0.00 0.00 521.00 523.00 522.00 526.00 6 1 80 
0:2:0 136.31 0.00000000 0.00000000 0.00 0.00 0.00 521.00 522.00 522.00 526.00 6 1 80 
0:2:0 136.51 0.00000000 0.00000000 0.00 0.00 0.00 521.00 522.00 522.00 526.00 6 1 80 
0:2:1 136.72 0.00000000 0.00000000 0.00 0.00 0.00 521.00 522.00 522.00 527.00 6 1 80 
0:2:1 136.92 0.00000000 0.00000000 0.00 0.00 0.00 521.00 522.00 522.00 526.00 6 1 80 
0:2:1 137.12 0.00000000 0.00000000 0.00 0.00 0.00 521.00 522.00 522.00 526.00 6 1 80 
0:2:1 137.32 0.00000000 0.00000000 0.00 0.00 0.00 521.00 522.00 522.00 526.00 6 1 80 
0:2:1 137.52 0.00000000 0.00000000 0.00 0.00 0.00 522.00 522.00 522.00 526.00 6 1 80 
0:2:2 137.72 0.00000000 0.00000000 0.00 0.00 0.00 521.00 523.00 522.00 526.00 6 1 80 
0:2:2 137.92 0.00000000 0.00000000 0.00 0.00 0.00 521.00 522.00 522.00 526.00 6 1 80 
0:2:2 138.12 0.00000000 0.00000000 0.00 0.00 0.00 521.00 522.00 522.00 527.00 6 1 80 
0:2:2 138.32 0.00000000 0.00000000 0.00 0.00 0.00 521.00 523.00 522.00 527.00 6 1 80 
0:2:2 138.52 0.00000000 0.00000000 0.00 0.00 0.00 521.00 523.00 522.00 526.00 6 1 80 
0:2:3 138.72 0.00000000 0.00000000 0.00 0.00 0.00 521.00 523.00 522.00 526.00 6 1 80 
0:2:3 138.92 0.00000000 0.00000000 0.00 0.00 0.00 521.00 523.00 522.00 526.00 6 1 80 
0:2:3 139.12 0.00000000 0.00000000 0.00 0.00 0.00 521.00 522.00 522.00 526.00 6 1 80 
0:2:3 139.32 0.00000000 0.00000000 0.00 0.00 0.00 522.00 523.00 522.00 526.00 6 1 80 
0:2:3 139.52 0.00000000 0.00000000 0.00 0.00 0.00 521.00 523.00 522.00 526.00 6 1 80 
0:2:4 139.73 0.00000000 0.00000000 0.00 0.00 0.00 521.00 522.00 522.00 526.00 6 1 80 
0:2:4 139.93 0.00000000 0.00000000 0.00 0.00 0.00 521.00 522.00 522.00 526.00 6 1 80 
0:2:4 140.13 0.00000000 0.00000000 0.00 0.00 0.00 521.00 522.00 522.00 526.00 6 1 80 
0:2:4 140.33 0.00000000 0.00000000 0.00 0.00 0.00 521.00 522.00 522.00 526.00 6 1 80 
0:2:4 140.53 0.00000000 0.00000000 0.00 0.00 0.00 521.00 522.00 522.00 526.00 6 1 80 
0:2:5 140.73 0.00000000 0.00000000 0.00 0.00 0.00 521.00 522.00 522.00 527.00 6 1 80 
0:2:5 140.93 0.00000000 0.00000000 0.00 0.00 0.00 521.00 522.00 522.00 527.00 6 1 80 
0:2:5 141.13 0.00000000 0.00000000 0.00 0.00 0.00 521.00 522.00 522.00 527.00 6 1 80 
0:2:5 141.33 0.00000000 0.00000000 0.00 0.00 0.00 521.00 522.00 522.00 526.00 6 1 80 
0:2:5 141.53 0.00000000 0.00000000 0.00 0.00 0.00 521.00 522.00 520.00 527.00 6 1 80 
0:2:6 141.73 0.00000000 0.00000000 0.00 0.00 0.00 521.00 522.00 522.00 526.00 6 1 80 
0:2:6 141.93 0.00000000 0.00000000 0.00 0.00 0.00 521.00 522.00 522.00 526.00 6 1 80 
0:2:6 142.13 0.00000000 0.00000000 0.00 0.00 0.00 521.00 522.00 522.00 526.00 6 1 80 
0:2:6 142.33 0.00000000 0.00000000 0.00 0.00 0.00 521.00 522.00 522.00 526.00 6 1 80 
0:2:6 142.54 0.00000000 0.00000000 0.00 0.00 0.00 521.00 522.00 522.00 526.00 6 1 80 
0:2:7 142.74 0.00000000 0.00000000 0.00 0.00 0.00 521.00 523.00 521.00 526.00 6 1 80 
0:2:7 142.94 0.00000000 0.00000000 0.00 0.00 0.00 521.00 522.00 522.00 527.00 6 1 80 
0:2:7 143.14 0.00000000 0.00000000 0.00 0.00 0.00 521.00 523.00 522.00 526.00 6 1 80 
0:2:7 143.34 0.00000000 0.00000000 0.00 0.00 0.00 521.00 523.00 522.00 526.00 6 1 80 
0:2:7 143.54 0.00000000 0.00000000 0.00 0.00 0.00 521.00 523.00 522.00 526.00 6 1 80 
0:2:8 143.74 0.00000000 0.00000000 0.00 0.00 0.00 521.00 523.00 522.00 526.00 6 1 80 
0:2:8 143.94 0.00000000 0.00000000 0.00 0.00 0.00 521.00 521.00 522.00 526.00 6 1 80 
0:2:8 144.14 0.00000000 0.00000000 0.00 0.00 0.00 521.00 523.00 522.00 527.00 6 1 80 
0:2:8 144.34 0.00000000 0.00000000 0.00 0.00 0.00 521.00 522.00 522.00 526.00 6 1 80 
0:2:8 144.54 0.00000000 0.00000000 0.00 0.00 0.00 521.00 522.00 522.00 527.00 6 1 80 
0:2:9 144.74 0.00000000 0.00000000 0.00 0.00 0.00 521.00 523.00 522.00 526.00 6 1 80 
0:2:9 144.94 0.00000000 0.00000000 0.00 0.00 0.00 521.00 522.00 522.00 527.00 6 1 80 
0:2:9 145.14 0.00000000 0.00000000 0.00 0.00 0.00 521.00 522.00 522.00 526.00 6 1 80 
0:2:9 145.34 0.00000000 0.00000000 0.00 0.00 0.00 521.00 522.00 522.00 526.00 6 1 80 
0:2:9 145.54 0.00000000 0.00000000 0.00 0.00 0.00 521.00 523.00 522.00 526.00 6 1 80 
0:2:10 145.75 0.00000000 0.00000000 0.00 0.00 0.00 521.00 522.00 522.00 526.00 6 1 80 
0:2:10 145.95 0.00000000 0.00000000 0.00 0.00 0.00 521.00 522.00 522.00 526.00 6 1 80 
0:2:10 146.15 0.00000000 0.00000000 0.00 0.00 0.00 522.00 523.00 522.00 526.00 6 1 80 
0:2:10 146.35 0.00000000 0.00000000 0.00 0.00 0.00 521.00 522.00 522.00 526.00 6 1 80 
0:2:10 146.55 0.00000000 0.00000000 0.00 0.00 0.00 521.00 522.00 522.00 526.00 6 1 80 
0:2:11 146.75 0.00000000 0.00000000 0.00 0.00 0.00 521.00 522.00 522.00 526.00 6 1 80 
0:2:11 146.95 0.00000000 0.00000000 0.00 0.00 0.00 521.00 522.00 522.00 527.00 6 1 80 
0:2:11 147.15 0.00000000 0.00000000 0.00 0.00 0.00 521.00 522.00 522.00 527.00 6 1 80 
0:2:11 147.35 0.00000000 0.00000000 0.00 0.00 0.00 521.00 522.00 522.00 527.00 6 1 80 
0:2:11 147.55 0.00000000 0.00000000 0.00 0.00 0.00 521.00 522.00 522.00 526.00 6 1 80 
0:2:12 147.75 0.00000000 0.00000000 0.00 0.00 0.00 521.00 523.00 522.00 526.00 6 1 80 
0:2:12 147.95 0.00000000 0.00000000 0.00 0.00 0.00 521.00 522.00 522.00 527.00 6 1 80 
0:2:12 148.15 0.00000000 0.00000000 0.00 0.00 0.00 521.00 522.00 522.00 526.00 6 1 80 
0:2:12 148.35 0.00000000 0.00000000 0.00 0.00 0.00 521.00 522.00 522.00 526.00 6 1 80 
0:2:12 148.55 0.00000000 0.00000000 0.00 0.00 0.00 521.00 522.00 523.00 527.00 6 1 80 
0:2:13 148.76 0.00000000 0.00000000 0.00 0.00 0.00 521.00 523.00 522.00 526.00 6 1 80 
0:2:13 148.96 0.00000000 0.00000000 0.00 0.00 0.00 522.00 523.00 522.00 526.00 6 1 80 
0:2:13 149.16 0.00000000 0.00000000 0.00 0.00 0.00 521.00 522.00 522.00 526.00 6 1 80 
0:2:13 149.36 0.00000000 0.00000000 0.00 0.00 0.00 521.00 522.00 522.00 526.00 6 1 80 
0:2:13 149.56 0.00000000 0.00000000 0.00 0.00 0.00 521.00 523.00 522.00 526.00 6 1 80 
0:2:14 149.76 0.00000000 0.00000000 0.00 0.00 0.00 521.00 522.00 522.00 526.00 6 1 80 
0:2:14 149.96 0.00000000 0.00000000 0.00 0.00 0.00 521.00 523.00 522.00 526.00 6 1 80 
0:2:14 150.16 0.00000000 0.00000000 0.00 0.00 0.00 521.00 523.00 522.00 526.00 6 1 80 
0:2:14 150.36 0.00000000 0.00000000 0.00 0.00 0.00 521.00 523.00 522.00 526.00 6 1 80 
0:2:14 150.56 0.00000000 0.00000000 0.00 0.00 0.00 521.00 523.00 522.00 526.00 6 1 80 
0:2:15 150.76 0.00000000 0.00000000 0.00 0.00 0.00 521.00 522.00 523.00 527.00 6 1 80 
0:2:15 150.96 0.00000000 0.00000000 0.00 0.00 0.00 521.00 522.00 522.00 526.00 6 1 80 
0:2:15 151.16 0.00000000 0.00000000 0.00 0.00 0.00 521.00 522.00 522.00 526.00 6 1 80 
0:2:15 151.36 0.00000000 0.00000000 0.00 0.00 0.00 521.00 523.00 522.00 526.00 6 1 80 
0:2:15 151.56 0.00000000 0.00000000 0.00 0.00 0.00 521.00 522.00 522.00 526.00 6 1 80 
0:2:15 151.76 0.00000000 0.00000000 0.00 0.00 0.00 521.00 522.00 522.00 527.00 6 1 80 
0:2:15 151.97 0.00000000 0.00000000 0.00 0.00 0.00 521.00 523.00 522.00 527.00 6 1 80 
0:2:15 152.17 0.00000000 0.00000000 0.00 0.00 0.00 521.00 522.00 522.00 526.00 6 1 80 
0:2:15 152.37 0.00000000 0.00000000 0.00 0.00 0.00 521.00 522.00 522.00 526.00 6 1 80 
0:2:15 152.57 0.00000000 0.00000000 0.00 0.00 0.00 521.00 522.00 522.00 526.00 6 1 80 
0:2:15 152.81 0.00000000 0.00000000 0.00 0.00 0.00 521.00 523.00 522.00 526.00 6 1 80 
0:2:15 153.01 0.00000000 0.00000000 0.00 0.00 0.00 521.00 522.00 522.00 526.00 6 1 80 
0:2:15 153.21 0.00000000 0.00000000 0.00 0.00 0.00 521.00 522.00 522.00 526.00 6 1 80 
0:2:15 153.41 0.00000000 0.00000000 0.00 0.00 0.00 521.00 523.00 522.00 525.00 6 1 80 
0:2:15 153.61 0.00000000 0.00000000 0.00 0.00 0.00 521.00 522.00 522.00 526.00 6 1 80 
0:2:18 153.81 0.00000000 0.00000000 0.00 0.00 0.00 521.00 522.00 522.00 526.00 6 1 80 
0:2:18 154.01 0.00000000 0.00000000 0.00 0.00 0.00 521.00 522.00 522.00 526.00 6 1 80 
0:2:18 154.22 0.00000000 0.00000000 0.00 0.00 0.00 521.00 522.00 522.00 527.00 6 1 80 
0:2:18 154.42 0.00000000 0.00000000 0.00 0.00 0.00 521.00 522.00 522.00 526.00 6 1 80 
0:2:18 154.62 0.00000000 0.00000000 0.00 0.00 0.00 521.00 522.00 522.00 526.00 6 1 80 
0:2:19 154.82 0.00000000 0.00000000 0.00 0.00 0.00 521.00 522.00 522.00 527.00 6 1 80 
0:2:19 155.02 0.00000000 0.00000000 0.00 0.00 0.00 521.00 522.00 522.00 526.00 6 1 80 
0:2:19 155.22 0.00000000 0.00000000 0.00 0.00 0.00 521.00 523.00 522.00 526.00 6 1 80 
0:2:19 155.42 0.00000000 0.00000000 0.00 0.00 0.00 521.00 522.00 522.00 527.00 6 1 80 
0:2:20 155.63 0.00000000 0.00000000 0.00 0.00 0.00 521.00 523.00 522.00 526.00 6 1 80 
0:2:20 155.83 0.00000000 0.00000000 0.00 0.00 0.00 521.00 522.00 522.00 526.00 6 1 80 
0:2:20 156.03 0.00000000 0.00000000 0.00 0.00 0.00 521.00 522.00 522.00 526.00 6 1 80 
0:2:20 156.23 0.00000000 0.00000000 0.00 0.00 0.00 521.00 522.00 522.00 526.00 6 1 80 
0:2:20 156.43 0.00000000 0.00000000 0.00 0.00 0.00 521.00 522.00 522.00 526.00 6 1 80 
0:2:21 156.63 0.00000000 0.00000000 0.00 0.00 0.00 521.00 522.00 522.00 526.00 6 1 80 
0:2:21 156.83 0.00000000 0.00000000 0.00 0.00 0.00 521.00 522.00 522.00 526.00 6 1 80 
0:2:21 157.04 0.00000000 0.00000000 0.00 0.00 0.00 521.00 523.00 522.00 526.00 6 1 80 
0:2:21 157.24 0.00000000 0.00000000 0.00 0.00 0.00 521.00 522.00 522.00 526.00 6 1 80 
0:2:21 157.44 0.00000000 0.00000000 0.00 0.00 0.00 521.00 523.00 522.00 526.00 6 1 80 
0:2:22 157.64 0.00000000 0.00000000 0.00 0.00 0.00 521.00 522.00 522.00 527.00 6 1 80 
0:2:22 157.84 0.00000000 0.00000000 0.00 0.00 0.00 521.00 523.00 522.00 527.00 6 1 80 
0:2:22 158.04 0.00000000 0.00000000 0.00 0.00 0.00 521.00 522.00 522.00 526.00 6 1 80 
0:2:22 158.24 0.00000000 0.00000000 0.00 0.00 0.00 522.00 523.00 522.00 526.00 6 1 80 
0:2:22 158.44 0.00000000 0.00000000 0.00 0.00 0.00 521.00 522.00 522.00 526.00 6 1 80 
0:2:23 158.64 0.00000000 0.00000000 0.00 0.00 0.00 521.00 523.00 522.00 527.00 6 1 80 
0:2:23 158.84 0.00000000 0.00000000 0.00 0.00 0.00 521.00 523.00 522.00 526.00 6 1 80 
0:2:23 159.04 0.00000000 0.00000000 0.00 0.00 0.00 521.00 522.00 522.00 526.00 6 1 80 
0:2:23 159.24 0.00000000 0.00000000 0.00 0.00 0.00 521.00 523.00 522.00 526.00 6 1 80 
0:2:23 159.44 0.00000000 0.00000000 0.00 0.00 0.00 521.00 522.00 522.00 526.00 6 1 80 
0:2:24 159.65 0.00000000 0.00000000 0.00 0.00 0.00 521.00 522.00 522.00 526.00 6 1 80 
0:2:24 159.85 0.00000000 0.00000000 0.00 0.00 0.00 521.00 523.00 522.00 526.00 6 1 80 
0:2:24 160.05 0.00000000 0.00000000 0.00 0.00 0.00 521.00 523.00 523.00 526.00 6 1 80 
0:2:24 160.25 0.00000000 0.00000000 0.00 0.00 0.00 521.00 522.00 522.00 526.00 6 1 80 
0:2:24 160.45 0.00000000 0.00000000 0.00 0.00 0.00 521.00 523.00 523.00 526.00 6 1 80 
0:2:25 160.65 0.00000000 0.00000000 0.00 0.00 0.00 521.00 522.00 522.00 527.00 6 1 80 
0:2:25 160.85 0.00000000 0.00000000 0.00 0.00 0.00 522.00 522.00 522.00 526.00 6 1 80 
0:2:25 161.05 0.00000000 0.00000000 0.00 0.00 0.00 521.00 522.00 522.00 527.00 6 1 80 
0:2:25 161.25 0.00000000 0.00000000 0.00 0.00 0.00 521.00 522.00 522.00 526.00 6 1 80 
0:2:25 161.45 0.00000000 0.00000000 0.00 0.00 0.00 521.00 523.00 522.00 526.00 6 1 80 
0:2:26 161.65 0.00000000 0.00000000 0.00 0.00 0.00 521.00 522.00 522.00 526.00 6 1 80 
0:2:26 161.85 0.00000000 0.00000000 0.00 0.00 0.00 521.00 523.00 522.00 526.00 6 1 80 
0:2:26 162.05 0.00000000 0.00000000 0.00 0.00 0.00 521.00 523.00 522.00 526.00 6 1 80 
0:2:26 162.25 0.00000000 0.00000000 0.00 0.00 0.00 522.00 522.00 522.00 526.00 6 1 80 
0:2:26 162.45 0.00000000 0.00000000 0.00 0.00 0.00 521.00 522.00 522.00 526.00 6 1 80 
0:2:27 162.66 0.00000000 0.00000000 0.00 0.00 0.00 521.00 522.00 522.00 526.00 6 1 80 
0:2:27 162.86 0.00000000 0.00000000 0.00 0.00 0.00 521.00 522.00 522.00 526.00 6 1 80 
0:2:27 163.06 0.00000000 0.00000000 0.00 0.00 0.00 521.00 522.00 522.00 526.00 6 1 80 
0:2:27 163.26 0.00000000 0.00000000 0.00 0.00 0.00 521.00 523.00 523.00 526.00 6 1 80 
0:2:27 163.46 0.00000000 0.00000000 0.00 0.00 0.00 521.00 522.00 522.00 526.00 6 1 80 
0:2:28 163.66 0.00000000 0.00000000 0.00 0.00 0.00 521.00 522.00 522.00 527.00 6 1 80 
0:2:28 163.86 0.00000000 0.00000000 0.00 0.00 0.00 522.00 522.00 522.00 526.00 6 1 80 
0:2:28 164.06 0.00000000 0.00000000 0.00 0.00 0.00 521.00 522.00 522.00 526.00 6 1 80 
0:2:28 164.26 0.00000000 0.00000000 0.00 0.00 0.00 521.00 522.00 522.00 526.00 6 1 80 
0:2:28 164.46 0.00000000 0.00000000 0.00 0.00 0.00 521.00 522.00 522.00 526.00 6 1 80 
0:2:29 164.66 0.00000000 0.00000000 0.00 0.00 0.00 521.00 523.00 522.00 526.00 6 1 80 
0:2:29 164.87 0.00000000 0.00000000 0.00 0.00 0.00 521.00 522.00 522.00 527.00 6 1 80 
0:2:29 165.07 0.00000000 0.00000000 0.00 0.00 0.00 521.00 523.00 522.00 526.00 6 1 80 
0:2:29 165.27 0.00000000 0.00000000 0.00 0.00 0.00 521.00 523.00 522.00 527.00 6 1 80 
0:2:29 165.47 0.00000000 0.00000000 0.00 0.00 0.00 521.00 522.00 522.00 526.00 6 1 80 
0:2:30 165.67 0.00000000 0.00000000 0.00 0.00 0.00 521.00 522.00 523.00 526.00 6 1 80 
0:2:30 165.87 0.00000000 0.00000000 0.00 0.00 0.00 521.00 522.00 522.00 526.00 6 1 80 
0:2:30 166.07 0.00000000 0.00000000 0.00 0.00 0.00 521.00 522.00 522.00 526.00 6 1 80 
0:2:30 166.27 0.00000000 0.00000000 0.00 0.00 0.00 521.00 522.00 522.00 526.00 6 1 80 
0:2:30 166.47 0.00000000 0.00000000 0.00 0.00 0.00 520.00 523.00 522.00 526.00 6 1 80 
0:2:31 166.67 0.00000000 0.00000000 0.00 0.00 0.00 521.00 523.00 522.00 527.00 6 1 80 
