23:59:45 0.75 0.00000000 0.00000000 0.00 0.00 0.00 595.00 519.00 530.00 478.00 5 1 80 
23:59:45 0.95 0.00000000 0.00000000 0.00 0.00 0.00 594.00 519.00 530.00 478.00 5 1 80 
23:59:45 1.16 0.00000000 0.00000000 0.00 0.00 0.00 593.00 519.00 530.00 479.00 5 1 80 
23:59:45 1.36 0.00000000 0.00000000 0.00 0.00 0.00 593.00 519.00 530.00 479.00 5 1 80 
23:59:45 1.56 0.00000000 0.00000000 0.00 0.00 0.00 592.00 519.00 530.00 478.00 5 1 80 
23:59:46 1.76 0.00000000 0.00000000 0.00 0.00 0.00 592.00 519.00 529.00 479.00 5 1 80 
23:59:46 1.96 0.00000000 0.00000000 0.00 0.00 0.00 591.00 519.00 529.00 479.00 5 1 80 
23:59:46 2.16 0.00000000 0.00000000 0.00 0.00 0.00 590.00 519.00 529.00 479.00 5 1 80 
23:59:46 2.36 0.00000000 0.00000000 0.00 0.00 0.00 590.00 519.00 529.00 480.00 5 1 80 
23:59:46 2.56 0.00000000 0.00000000 0.00 0.00 0.00 590.00 519.00 529.00 480.00 5 1 80 
23:59:47 2.77 0.00000000 0.00000000 0.00 0.00 0.00 589.00 519.00 529.00 480.00 5 1 80 
23:59:47 2.97 0.00000000 0.00000000 0.00 0.00 0.00 588.00 519.00 529.00 480.00 5 1 80 
23:59:47 3.17 0.00000000 0.00000000 0.00 0.00 0.00 588.00 519.00 529.00 480.00 5 1 80 
23:59:47 3.37 0.00000000 0.00000000 0.00 0.00 0.00 587.00 518.00 529.00 480.00 5 1 80 
23:59:47 3.57 0.00000000 0.00000000 0.00 0.00 0.00 587.00 519.00 528.00 480.00 5 1 80 
23:59:48 3.77 0.00000000 0.00000000 0.00 0.00 0.00 586.00 519.00 528.00 480.00 5 1 80 
23:59:48 3.97 0.00000000 0.00000000 0.00 0.00 0.00 585.00 519.00 528.00 481.00 5 1 80 
23:59:48 4.17 0.00000000 0.00000000 0.00 0.00 0.00 585.00 517.00 528.00 480.00 5 1 80 
23:59:48 4.37 0.00000000 0.00000000 0.00 0.00 0.00 585.00 519.00 528.00 480.00 5 1 80 
23:59:48 4.57 0.00000000 0.00000000 0.00 0.00 0.00 584.00 519.00 527.00 481.00 5 1 80 
23:59:49 4.77 0.00000000 0.00000000 0.00 0.00 0.00 584.00 519.00 527.00 480.00 5 1 80 
23:59:49 4.98 0.00000000 0.00000000 0.00 0.00 0.00 583.00 519.00 527.00 479.00 5 1 80 
23:59:49 5.18 0.00000000 0.00000000 0.00 0.00 0.00 583.00 519.00 527.00 478.00 5 1 80 
23:59:49 5.38 0.00000000 0.00000000 0.00 0.00 0.00 582.00 519.00 527.00 479.00 5 1 80 
23:59:49 5.58 0.00000000 0.00000000 0.00 0.00 0.00 582.00 519.00 527.00 479.00 5 1 80 
23:59:50 5.78 0.00000000 0.00000000 0.00 0.00 0.00 582.00 519.00 527.00 478.00 5 1 80 
23:59:50 5.98 0.00000000 0.00000000 0.00 0.00 0.00 581.00 519.00 527.00 478.00 5 1 80 
23:59:50 6.18 0.00000000 0.00000000 0.00 0.00 0.00 581.00 519.00 527.00 477.00 5 1 80 
23:59:50 6.38 0.00000000 0.00000000 0.00 0.00 0.00 580.00 518.00 527.00 475.00 5 1 80 
23:59:50 6.58 0.00000000 0.00000000 0.00 0.00 0.00 580.00 519.00 527.00 476.00 5 1 80 
23:59:51 6.78 0.00000000 0.00000000 0.00 0.00 0.00 580.00 519.00 527.00 476.00 5 1 80 
23:59:51 6.98 0.00000000 0.00000000 0.00 0.00 0.00 579.00 519.00 526.00 472.00 5 1 80 
23:59:51 7.18 0.00000000 0.00000000 0.00 0.00 0.00 579.00 519.00 526.00 474.00 5 1 80 
23:59:51 7.38 0.00000000 0.00000000 0.00 0.00 0.00 579.00 519.00 526.00 474.00 5 1 80 
23:59:51 7.58 0.00000000 0.00000000 0.00 0.00 0.00 579.00 519.00 526.00 473.00 5 1 80 
23:59:52 7.78 0.00000000 0.00000000 0.00 0.00 0.00 578.00 519.00 526.00 472.00 5 1 80 
23:59:52 7.98 0.00000000 0.00000000 0.00 0.00 0.00 578.00 519.00 526.00 459.00 5 1 80 
23:59:52 8.19 0.00000000 0.00000000 0.00 0.00 0.00 577.00 519.00 526.00 462.00 5 1 80 
23:59:52 8.39 0.00000000 0.00000000 0.00 0.00 0.00 578.00 519.00 526.00 463.00 5 1 80 
23:59:52 8.59 0.00000000 0.00000000 0.00 0.00 0.00 577.00 519.00 525.00 456.00 5 1 80 
23:59:53 8.79 0.00000000 0.00000000 0.00 0.00 0.00 578.00 519.00 525.00 481.00 5 1 80 
23:59:53 8.99 0.00000000 0.00000000 0.00 0.00 0.00 577.00 519.00 526.00 481.00 5 1 80 
23:59:53 9.19 0.00000000 0.00000000 0.00 0.00 0.00 577.00 518.00 525.00 481.00 5 1 80 
23:59:53 9.39 0.00000000 0.00000000 0.00 0.00 0.00 577.00 519.00 526.00 482.00 5 1 80 
23:59:53 9.59 0.00000000 0.00000000 0.00 0.00 0.00 576.00 519.00 525.00 482.00 5 1 80 
23:59:54 9.79 0.00000000 0.00000000 0.00 0.00 0.00 576.00 519.00 525.00 481.00 5 1 80 
23:59:54 9.99 0.00000000 0.00000000 0.00 0.00 0.00 576.00 519.00 525.00 481.00 5 1 80 
23:59:54 10.19 0.00000000 0.00000000 0.00 0.00 0.00 575.00 519.00 525.00 481.00 5 1 80 
23:59:54 10.39 0.00000000 0.00000000 0.00 0.00 0.00 575.00 519.00 525.00 481.00 5 1 80 
23:59:54 10.59 0.00000000 0.00000000 0.00 0.00 0.00 575.00 519.00 525.00 481.00 5 1 80 
23:59:55 10.80 0.00000000 0.00000000 0.00 0.00 0.00 575.00 519.00 525.00 481.00 5 1 80 
23:59:55 11.00 0.00000000 0.00000000 0.00 0.00 0.00 574.00 519.00 525.00 481.00 5 1 80 
23:59:55 11.20 0.00000000 0.00000000 0.00 0.00 0.00 574.00 519.00 524.00 483.00 5 1 80 
23:59:55 11.40 0.00000000 0.00000000 0.00 0.00 0.00 574.00 519.00 524.00 484.00 5 1 80 
23:59:55 11.60 0.00000000 0.00000000 0.00 0.00 0.00 574.00 519.00 524.00 484.00 5 1 80 
23:59:56 11.80 0.00000000 0.00000000 0.00 0.00 0.00 573.00 519.00 524.00 484.00 5 1 80 
23:59:56 12.00 0.00000000 0.00000000 0.00 0.00 0.00 573.00 519.00 525.00 484.00 5 1 80 
23:59:56 12.20 0.00000000 0.00000000 0.00 0.00 0.00 573.00 519.00 524.00 484.00 5 1 80 
23:59:56 12.40 0.00000000 0.00000000 0.00 0.00 0.00 573.00 519.00 523.00 483.00 5 1 80 
23:59:56 12.60 0.00000000 0.00000000 0.00 0.00 0.00 572.00 519.00 524.00 483.00 5 1 80 
23:59:57 12.80 0.00000000 0.00000000 0.00 0.00 0.00 573.00 519.00 524.00 486.00 5 1 80 
23:59:57 13.00 0.00000000 0.00000000 0.00 0.00 0.00 572.00 519.00 524.00 485.00 5 1 80 
23:59:57 13.20 0.00000000 0.00000000 0.00 0.00 0.00 572.00 519.00 524.00 485.00 5 1 80 
23:59:57 13.40 0.00000000 0.00000000 0.00 0.00 0.00 573.00 519.00 524.00 484.00 5 1 80 
23:59:57 13.60 0.00000000 0.00000000 0.00 0.00 0.00 571.00 519.00 523.00 482.00 5 1 80 
23:59:58 13.80 0.00000000 0.00000000 0.00 0.00 0.00 572.00 519.00 523.00 480.00 5 1 80 
23:59:58 14.00 0.00000000 0.00000000 0.00 0.00 0.00 572.00 519.00 523.00 479.00 5 1 80 
23:59:58 14.20 0.00000000 0.00000000 0.00 0.00 0.00 572.00 519.00 523.00 478.00 5 1 80 
23:59:58 14.40 0.00000000 0.00000000 0.00 0.00 0.00 571.00 519.00 523.00 476.00 5 1 80 
23:59:58 14.61 0.00000000 0.00000000 0.00 0.00 0.00 571.00 519.00 523.00 458.00 5 1 80 
23:59:59 14.81 0.00000000 0.00000000 0.00 0.00 0.00 571.00 519.00 523.00 449.00 5 1 80 
23:59:59 15.01 0.00000000 0.00000000 0.00 0.00 0.00 571.00 519.00 523.00 464.00 5 1 80 
23:59:59 15.21 0.00000000 0.00000000 0.00 0.00 0.00 571.00 519.00 523.00 465.00 5 1 80 
23:59:59 15.41 0.00000000 0.00000000 0.00 0.00 0.00 570.00 519.00 523.00 467.00 5 1 80 
23:59:59 15.61 0.00000000 0.00000000 0.00 0.00 0.00 571.00 519.00 523.00 465.00 5 1 80 
0:0:0 15.81 0.00000000 0.00000000 0.00 0.00 0.00 570.00 519.00 523.00 464.00 6 1 80 
0:0:0 16.01 0.00000000 0.00000000 0.00 0.00 0.00 570.00 519.00 523.00 463.00 6 1 80 
0:0:0 16.21 0.00000000 0.00000000 0.00 0.00 0.00 570.00 519.00 523.00 464.00 6 1 80 
0:0:0 16.41 0.00000000 0.00000000 0.00 0.00 0.00 569.00 519.00 522.00 462.00 6 1 80 
0:0:0 16.61 0.00000000 0.00000000 0.00 0.00 0.00 570.00 519.00 523.00 464.00 6 1 80 
0:0:1 16.81 0.00000000 0.00000000 0.00 0.00 0.00 569.00 519.00 522.00 466.00 6 1 80 
0:0:1 17.02 0.00000000 0.00000000 0.00 0.00 0.00 569.00 519.00 522.00 466.00 6 1 80 
0:0:1 17.22 0.00000000 0.00000000 0.00 0.00 0.00 569.00 519.00 522.00 467.00 6 1 80 
0:0:1 17.42 0.00000000 0.00000000 0.00 0.00 0.00 569.00 519.00 522.00 474.00 6 1 80 
0:0:1 17.62 0.00000000 0.00000000 0.00 0.00 0.00 569.00 519.00 522.00 475.00 6 1 80 
0:0:2 17.82 0.00000000 0.00000000 0.00 0.00 0.00 569.00 519.00 522.00 475.00 6 1 80 
0:0:2 18.02 0.00000000 0.00000000 0.00 0.00 0.00 568.00 519.00 522.00 476.00 6 1 80 
0:0:2 18.22 0.00000000 0.00000000 0.00 0.00 0.00 568.00 519.00 522.00 477.00 6 1 80 
0:0:2 18.42 0.00000000 0.00000000 0.00 0.00 0.00 568.00 519.00 521.00 477.00 6 1 80 
0:0:2 18.62 0.00000000 0.00000000 0.00 0.00 0.00 568.00 519.00 522.00 476.00 6 1 80 
0:0:3 18.82 0.00000000 0.00000000 0.00 0.00 0.00 568.00 519.00 521.00 475.00 6 1 80 
0:0:3 19.03 0.00000000 0.00000000 0.00 0.00 0.00 568.00 519.00 522.00 473.00 6 1 80 
0:0:3 19.23 0.00000000 0.00000000 0.00 0.00 0.00 567.00 519.00 522.00 472.00 6 1 80 
0:0:3 19.43 0.00000000 0.00000000 0.00 0.00 0.00 568.00 519.00 521.00 471.00 6 1 80 
0:0:3 19.63 0.00000000 0.00000000 0.00 0.00 0.00 567.00 519.00 521.00 469.00 6 1 80 
0:0:4 19.83 0.00000000 0.00000000 0.00 0.00 0.00 567.00 519.00 521.00 468.00 6 1 80 
0:0:4 20.03 0.00000000 0.00000000 0.00 0.00 0.00 567.00 519.00 521.00 471.00 6 1 80 
