0:0:0 1.38 0.00000000 0.00000000 -99.00 -99.00 0.00 526.00 525.00 524.00 530.00 29.11 1007.57 71.43 0 0 0 17 
14:29:48 1.58 30.69438552 -88.19458007 -99.00 -99.00 56.10 525.00 525.00 525.00 530.00 29.13 1007.52 71.43 0 0 0 17 
14:29:48 1.78 30.69438552 -88.19458007 -99.00 -99.00 56.10 525.00 526.00 525.00 530.00 29.15 1007.51 71.45 0 0 0 17 
14:29:48 1.98 30.69438552 -88.19458007 -99.00 -99.00 56.10 525.00 526.00 525.00 530.00 29.17 1007.57 71.45 0 0 0 17 
14:29:48 2.18 30.69438552 -88.19458007 -99.00 -99.00 56.10 524.00 525.00 524.00 530.00 29.19 1007.54 71.49 0 0 0 17 
14:29:48 2.38 30.69438552 -88.19458007 -99.00 -99.00 56.10 525.00 526.00 525.00 530.00 29.20 1007.55 71.50 0 0 0 17 
14:29:48 2.58 0.00005000 -125.81666564 -99.00 -99.00 0.00 525.00 525.00 525.00 530.00 29.21 1007.57 71.52 0 0 0 17 
14:29:48 2.78 0.00005000 -125.81666564 -99.00 -99.00 0.00 526.00 526.00 525.00 531.00 29.23 1007.58 71.66 0 0 0 17 
14:29:48 2.98 0.00005000 -125.81666564 -99.00 -99.00 0.00 526.00 526.00 524.00 530.00 29.23 1007.53 71.69 0 0 0 17 
14:29:48 3.19 0.00005000 -125.81666564 -99.00 -99.00 0.00 525.00 526.00 525.00 530.00 29.24 1007.58 71.71 0 0 0 17 
14:29:48 3.39 0.00005000 -125.81666564 -99.00 -99.00 0.00 525.00 526.00 525.00 530.00 29.25 1007.52 71.76 0 0 0 17 
14:29:48 3.59 0.00005000 -125.81666564 -99.00 -99.00 0.00 525.00 526.00 525.00 530.00 29.26 1007.54 71.82 0 0 0 17 
14:29:48 3.79 0.00005000 -125.81666564 -99.00 -99.00 0.00 525.00 526.00 525.00 530.00 29.26 1007.57 71.92 0 0 0 17 
14:29:48 3.99 0.00005000 -125.81666564 -99.00 -99.00 0.00 525.00 525.00 524.00 530.00 29.27 1007.54 72.01 0 0 0 17 
