0:0:0 0.37 0.00000000 0.00000000 0.00 0.00 0.00 521.00 522.00 522.00 422.00 0 0 0 
0:0:0 0.57 0.00000000 0.00000000 0.00 0.00 0.00 521.00 522.00 522.00 470.00 0 0 0 
0:0:0 0.77 0.00000000 0.00000000 0.00 0.00 0.00 521.00 522.00 522.00 490.00 0 0 0 
14:48:53 0.98 0.00000000 0.00000000 0.00 0.00 0.00 521.00 522.00 522.00 502.00 0 0 0 
14:48:53 1.18 0.00000000 0.00000000 0.00 0.00 0.00 521.00 522.00 522.00 506.00 0 0 0 
14:48:53 1.38 0.00000000 0.00000000 0.00 0.00 0.00 521.00 522.00 522.00 508.00 0 0 0 
14:48:53 1.58 0.00000000 0.00000000 0.00 0.00 0.00 521.00 522.00 521.00 508.00 0 0 0 
14:48:53 1.78 0.00000000 0.00000000 0.00 0.00 0.00 521.00 522.00 522.00 507.00 0 0 0 
14:48:53 1.98 0.00000000 0.00000000 0.00 0.00 0.00 521.00 522.00 522.00 510.00 0 0 0 
14:48:53 2.18 0.00000000 0.00000000 0.00 0.00 0.00 521.00 522.00 522.00 509.00 0 0 0 
14:48:53 2.38 0.00000000 0.00000000 0.00 0.00 0.00 521.00 522.00 522.00 509.00 0 0 0 
14:48:53 2.58 0.00000000 0.00000000 0.00 0.00 0.00 521.00 522.00 522.00 509.00 0 0 0 
14:48:53 2.79 0.00000000 0.00000000 0.00 0.00 0.00 521.00 522.00 521.00 507.00 0 0 0 
14:48:53 2.99 0.00000000 0.00000000 0.00 0.00 0.00 521.00 522.00 522.00 510.00 0 0 0 
14:48:53 3.19 0.00000000 0.00000000 0.00 0.00 0.00 521.00 522.00 522.00 509.00 0 0 0 
14:48:53 3.39 0.00000000 0.00000000 0.00 0.00 0.00 521.00 522.00 522.00 509.00 0 0 0 
14:48:53 3.59 0.00000000 0.00000000 0.00 0.00 0.00 521.00 522.00 522.00 509.00 0 0 0 
14:48:53 3.79 0.00000000 0.00000000 0.00 0.00 0.00 521.00 522.00 522.00 508.00 0 0 0 
14:48:53 3.99 0.00000000 0.00000000 0.00 0.00 0.00 521.00 522.00 522.00 510.00 0 0 0 
14:48:53 4.19 0.00000000 0.00000000 0.00 0.00 0.00 521.00 522.00 521.00 509.00 0 0 0 
14:48:53 4.40 0.00000000 0.00000000 0.00 0.00 0.00 521.00 522.00 522.00 509.00 0 0 0 
14:48:53 4.60 0.00000000 0.00000000 0.00 0.00 0.00 521.00 522.00 522.00 509.00 0 0 0 
14:48:53 4.80 0.00000000 0.00000000 0.00 0.00 0.00 521.00 522.00 522.00 508.00 0 0 0 
14:48:57 5.00 0.00000000 0.00000000 0.00 0.00 0.00 521.00 522.00 522.00 510.00 10 1 80 
14:48:57 5.20 0.00000000 0.00000000 0.00 0.00 0.00 521.00 522.00 522.00 509.00 10 1 80 
14:48:57 5.40 0.00000000 0.00000000 0.00 0.00 0.00 521.00 522.00 522.00 509.00 10 1 80 
14:48:57 5.60 0.00000000 0.00000000 0.00 0.00 0.00 521.00 522.00 522.00 509.00 10 1 80 
14:48:57 5.80 0.00000000 0.00000000 0.00 0.00 0.00 521.00 522.00 522.00 508.00 10 1 80 
14:48:58 6.00 0.00000000 0.00000000 0.00 0.00 0.00 520.00 522.00 522.00 510.00 10 1 80 
14:48:58 6.20 0.00000000 0.00000000 0.00 0.00 0.00 520.00 522.00 521.00 509.00 10 1 80 
14:48:58 6.40 0.00000000 0.00000000 0.00 0.00 0.00 521.00 522.00 521.00 509.00 10 1 80 
14:48:58 6.60 0.00000000 0.00000000 0.00 0.00 0.00 521.00 522.00 522.00 509.00 10 1 80 
14:48:58 6.80 0.00000000 0.00000000 0.00 0.00 0.00 521.00 522.00 521.00 508.00 10 1 80 
14:48:59 7.00 0.00000000 0.00000000 0.00 0.00 0.00 521.00 522.00 522.00 510.00 10 1 80 
14:48:59 7.21 0.00000000 0.00000000 0.00 0.00 0.00 520.00 522.00 522.00 509.00 10 1 80 
14:48:59 7.41 0.00000000 0.00000000 0.00 0.00 0.00 521.00 522.00 522.00 509.00 10 1 80 
14:48:59 7.61 0.00000000 0.00000000 0.00 0.00 0.00 521.00 523.00 522.00 509.00 10 1 80 
14:48:59 7.81 0.00000000 0.00000000 0.00 0.00 0.00 521.00 522.00 522.00 508.00 10 1 80 
14:49:0 8.01 0.00000000 0.00000000 0.00 0.00 0.00 521.00 522.00 522.00 510.00 10 1 80 
14:49:0 8.21 0.00000000 0.00000000 0.00 0.00 0.00 520.00 522.00 522.00 509.00 10 1 80 
14:49:0 8.41 0.00000000 0.00000000 0.00 0.00 0.00 521.00 522.00 522.00 509.00 10 1 80 
14:49:0 8.61 0.00000000 0.00000000 0.00 0.00 0.00 520.00 522.00 522.00 509.00 10 1 80 
14:49:1 8.81 0.00000000 0.00000000 0.00 0.00 0.00 521.00 522.00 522.00 509.00 10 1 80 
14:49:1 9.01 0.00000000 0.00000000 0.00 0.00 0.00 521.00 522.00 522.00 510.00 10 1 80 
14:49:1 9.22 0.00000000 0.00000000 0.00 0.00 0.00 521.00 522.00 522.00 509.00 10 1 80 
14:49:1 9.42 0.00000000 0.00000000 0.00 0.00 0.00 521.00 522.00 522.00 509.00 10 1 80 
14:49:1 9.62 0.00000000 0.00000000 0.00 0.00 0.00 521.00 522.00 522.00 509.00 10 1 80 
14:49:1 9.82 0.00000000 0.00000000 0.00 0.00 0.00 520.00 522.00 522.00 509.00 10 1 80 
14:49:2 10.02 0.00000000 0.00000000 0.00 0.00 0.00 521.00 522.00 522.00 509.00 2 3 17 
14:49:2 10.22 0.00000000 0.00000000 0.00 0.00 0.00 521.00 522.00 522.00 509.00 2 3 17 
14:49:2 10.42 0.00000000 0.00000000 0.00 0.00 0.00 521.00 523.00 522.00 509.00 2 3 17 
14:49:2 10.62 0.00000000 0.00000000 0.00 0.00 0.00 521.00 521.00 522.00 509.00 2 3 17 
14:49:3 10.82 0.00000000 0.00000000 0.00 0.00 0.00 521.00 522.00 522.00 509.00 2 3 17 
14:49:3 11.02 0.00000000 0.00000000 0.00 0.00 0.00 521.00 522.00 522.00 509.00 2 3 17 
14:49:3 11.22 0.00000000 0.00000000 0.00 0.00 0.00 521.00 522.00 521.00 509.00 2 3 17 
14:49:3 11.42 0.00000000 0.00000000 0.00 0.00 0.00 521.00 522.00 522.00 509.00 2 3 17 
14:49:3 11.62 0.00000000 0.00000000 0.00 0.00 0.00 520.00 522.00 522.00 509.00 2 3 17 
14:49:4 11.82 0.00000000 0.00000000 0.00 0.00 0.00 521.00 522.00 521.00 509.00 2 3 17 
14:49:4 12.02 0.00000000 0.00000000 0.00 0.00 0.00 521.00 522.00 522.00 509.00 2 3 17 
14:49:4 12.23 0.00000000 0.00000000 0.00 0.00 0.00 521.00 522.00 522.00 509.00 2 3 17 
14:49:4 12.43 0.00000000 0.00000000 0.00 0.00 0.00 521.00 522.00 522.00 509.00 2 3 17 
14:49:4 12.63 0.00000000 0.00000000 0.00 0.00 0.00 521.00 523.00 522.00 509.00 2 3 17 
14:49:5 12.83 0.00000000 0.00000000 0.00 0.00 0.00 521.00 522.00 522.00 509.00 2 3 17 
14:49:5 13.03 0.00000000 0.00000000 0.00 0.00 0.00 521.00 522.00 522.00 509.00 2 3 17 
14:49:5 13.23 0.00000000 0.00000000 0.00 0.00 0.00 521.00 522.00 522.00 509.00 2 3 17 
14:49:5 13.43 0.00000000 0.00000000 0.00 0.00 0.00 521.00 522.00 522.00 509.00 2 3 17 
14:49:5 13.63 0.00000000 0.00000000 0.00 0.00 0.00 520.00 522.00 522.00 509.00 2 3 17 
14:49:6 13.83 0.00000000 0.00000000 0.00 0.00 0.00 521.00 522.00 522.00 509.00 2 3 17 
14:49:6 14.03 0.00000000 0.00000000 0.00 0.00 0.00 521.00 522.00 521.00 509.00 2 3 17 
14:49:6 14.23 0.00000000 0.00000000 0.00 0.00 0.00 521.00 522.00 522.00 509.00 2 3 17 
14:49:6 14.43 0.00000000 0.00000000 0.00 0.00 0.00 521.00 522.00 522.00 508.00 2 3 17 
14:49:6 14.63 0.00000000 0.00000000 0.00 0.00 0.00 521.00 522.00 522.00 509.00 2 3 17 
14:49:7 14.83 0.00000000 0.00000000 0.00 0.00 0.00 521.00 522.00 522.00 509.00 2 3 17 
14:49:7 15.03 0.00000000 0.00000000 0.00 0.00 0.00 521.00 522.00 522.00 509.00 2 3 17 
14:49:7 15.23 0.00000000 0.00000000 0.00 0.00 0.00 521.00 522.00 522.00 509.00 2 3 17 
14:49:7 15.44 0.00000000 0.00000000 0.00 0.00 0.00 521.00 522.00 522.00 509.00 2 3 17 
14:49:7 15.64 0.00000000 0.00000000 0.00 0.00 0.00 521.00 522.00 521.00 509.00 2 3 17 
14:49:8 15.84 0.00000000 0.00000000 0.00 0.00 0.00 521.00 522.00 522.00 509.00 2 3 17 
14:49:8 16.04 0.00000000 0.00000000 0.00 0.00 0.00 521.00 522.00 522.00 509.00 2 3 17 
14:49:8 16.24 0.00000000 0.00000000 0.00 0.00 0.00 520.00 522.00 522.00 509.00 2 3 17 
14:49:8 16.44 0.00000000 0.00000000 0.00 0.00 0.00 521.00 522.00 521.00 509.00 2 3 17 
14:49:8 16.64 0.00000000 0.00000000 0.00 0.00 0.00 521.00 522.00 522.00 509.00 2 3 17 
14:49:9 16.84 0.00000000 0.00000000 0.00 0.00 0.00 521.00 522.00 521.00 509.00 2 3 17 
14:49:9 17.04 0.00000000 0.00000000 0.00 0.00 0.00 520.00 523.00 522.00 509.00 2 3 17 
14:49:9 17.24 0.00000000 0.00000000 0.00 0.00 0.00 521.00 522.00 522.00 509.00 2 3 17 
14:49:9 17.44 0.00000000 0.00000000 0.00 0.00 0.00 520.00 522.00 522.00 509.00 2 3 17 
14:49:9 17.64 0.00000000 0.00000000 0.00 0.00 0.00 521.00 522.00 522.00 509.00 2 3 17 
14:49:10 17.85 0.00000000 0.00000000 0.00 0.00 0.00 521.00 522.00 522.00 509.00 2 3 17 
14:49:10 18.05 0.00000000 0.00000000 0.00 0.00 0.00 521.00 522.00 522.00 509.00 2 3 17 
14:49:10 18.25 0.00000000 0.00000000 0.00 0.00 0.00 521.00 522.00 521.00 509.00 2 3 17 
14:49:10 18.45 0.00000000 0.00000000 0.00 0.00 0.00 520.00 522.00 521.00 509.00 2 3 17 
14:49:10 18.65 0.00000000 0.00000000 0.00 0.00 0.00 521.00 522.00 522.00 509.00 2 3 17 
14:49:11 18.85 0.00000000 0.00000000 0.00 0.00 0.00 521.00 522.00 522.00 509.00 2 3 17 
14:49:11 19.05 0.00000000 0.00000000 0.00 0.00 0.00 521.00 522.00 522.00 509.00 2 3 17 
14:49:11 19.25 0.00000000 0.00000000 0.00 0.00 0.00 521.00 522.00 522.00 509.00 2 3 17 
14:49:11 19.46 0.00000000 0.00000000 0.00 0.00 0.00 521.00 522.00 522.00 509.00 2 3 17 
14:49:11 19.66 0.00000000 0.00000000 0.00 0.00 0.00 521.00 522.00 522.00 509.00 2 3 17 
14:49:12 19.86 0.00000000 0.00000000 0.00 0.00 0.00 521.00 522.00 522.00 509.00 2 3 17 
14:49:12 20.06 0.00000000 0.00000000 0.00 0.00 0.00 521.00 522.00 522.00 509.00 2 3 17 
14:49:12 20.26 0.00000000 0.00000000 0.00 0.00 0.00 521.00 522.00 522.00 509.00 2 3 17 
14:49:12 20.46 0.00000000 0.00000000 0.00 0.00 0.00 521.00 522.00 522.00 509.00 2 3 17 
14:49:12 20.66 0.00000000 0.00000000 0.00 0.00 0.00 521.00 522.00 522.00 510.00 2 3 17 
14:49:13 20.86 0.00000000 0.00000000 0.00 0.00 0.00 521.00 522.00 522.00 509.00 2 3 17 
14:49:13 21.06 0.00000000 0.00000000 0.00 0.00 0.00 521.00 522.00 522.00 509.00 2 3 17 
14:49:13 21.27 0.00000000 0.00000000 0.00 0.00 0.00 521.00 522.00 522.00 510.00 2 3 17 
14:49:13 21.47 0.00000000 0.00000000 0.00 0.00 0.00 521.00 522.00 522.00 509.00 2 3 17 
14:49:13 21.67 0.00000000 0.00000000 0.00 0.00 0.00 521.00 523.00 522.00 509.00 2 3 17 
14:49:14 21.87 0.00000000 0.00000000 0.00 0.00 0.00 520.00 522.00 522.00 509.00 2 3 17 
14:49:14 22.07 0.00000000 0.00000000 0.00 0.00 0.00 521.00 522.00 522.00 509.00 2 3 17 
14:49:14 22.27 0.00000000 0.00000000 0.00 0.00 0.00 521.00 522.00 522.00 509.00 2 3 17 
14:49:14 22.47 0.00000000 0.00000000 0.00 0.00 0.00 521.00 522.00 522.00 509.00 2 3 17 
14:49:14 22.67 0.00000000 0.00000000 0.00 0.00 0.00 521.00 522.00 521.00 509.00 2 3 17 
14:49:15 22.87 0.00000000 0.00000000 0.00 0.00 0.00 521.00 522.00 522.00 509.00 2 3 17 
14:49:15 23.08 0.00000000 0.00000000 0.00 0.00 0.00 521.00 522.00 522.00 509.00 2 3 17 
14:49:15 23.28 0.00000000 0.00000000 0.00 0.00 0.00 521.00 522.00 522.00 509.00 2 3 17 
14:49:15 23.48 0.00000000 0.00000000 0.00 0.00 0.00 521.00 522.00 522.00 509.00 2 3 17 
14:49:15 23.68 0.00000000 0.00000000 0.00 0.00 0.00 521.00 522.00 522.00 509.00 2 3 17 
14:49:16 23.88 0.00000000 0.00000000 0.00 0.00 0.00 521.00 522.00 522.00 509.00 2 3 17 
14:49:16 24.08 0.00000000 0.00000000 0.00 0.00 0.00 521.00 522.00 521.00 509.00 2 3 17 
14:49:16 24.28 0.00000000 0.00000000 0.00 0.00 0.00 521.00 522.00 522.00 509.00 2 3 17 
14:49:16 24.48 0.00000000 0.00000000 0.00 0.00 0.00 521.00 522.00 521.00 509.00 2 3 17 
14:49:16 24.68 0.00000000 0.00000000 0.00 0.00 0.00 521.00 522.00 522.00 510.00 2 3 17 
14:49:17 24.89 0.00000000 0.00000000 0.00 0.00 0.00 521.00 523.00 522.00 509.00 2 3 17 
14:49:17 25.09 0.00000000 0.00000000 0.00 0.00 0.00 521.00 522.00 522.00 509.00 2 3 17 
14:49:17 25.29 0.00000000 0.00000000 0.00 0.00 0.00 521.00 522.00 522.00 510.00 2 3 17 
14:49:17 25.49 0.00000000 0.00000000 0.00 0.00 0.00 521.00 523.00 522.00 509.00 2 3 17 
14:49:17 25.69 0.00000000 0.00000000 0.00 0.00 0.00 520.00 522.00 522.00 508.00 2 3 17 
14:49:18 25.89 0.00000000 0.00000000 0.00 0.00 0.00 521.00 522.00 522.00 509.00 2 3 17 
14:49:18 26.09 0.00000000 0.00000000 0.00 0.00 0.00 521.00 522.00 522.00 509.00 2 3 17 
14:49:18 26.29 0.00000000 0.00000000 0.00 0.00 0.00 520.00 523.00 522.00 509.00 2 3 17 
14:49:18 26.50 0.00000000 0.00000000 0.00 0.00 0.00 521.00 522.00 522.00 509.00 2 3 17 
14:49:18 26.70 0.00000000 0.00000000 0.00 0.00 0.00 521.00 522.00 521.00 508.00 2 3 17 
14:49:18 26.90 0.00000000 0.00000000 0.00 0.00 0.00 521.00 522.00 522.00 510.00 2 3 17 
14:49:18 27.10 0.00000000 0.00000000 0.00 0.00 0.00 521.00 522.00 522.00 509.00 2 3 17 
14:49:18 27.30 0.00000000 0.00000000 0.00 0.00 0.00 520.00 522.00 522.00 509.00 2 3 17 
14:49:18 27.50 0.00000000 0.00000000 0.00 0.00 0.00 521.00 522.00 521.00 509.00 2 3 17 
14:49:18 27.70 0.00000000 0.00000000 0.00 0.00 0.00 521.00 522.00 522.00 509.00 2 3 17 
14:49:18 27.90 0.00000000 0.00000000 0.00 0.00 0.00 521.00 522.00 522.00 508.00 2 3 17 
14:49:20 28.10 0.00000000 0.00000000 0.00 0.00 0.00 521.00 522.00 522.00 510.00 2 3 17 
14:49:20 28.31 0.00000000 0.00000000 0.00 0.00 0.00 521.00 522.00 522.00 510.00 2 3 17 
14:49:20 28.51 0.00000000 0.00000000 0.00 0.00 0.00 521.00 522.00 522.00 508.00 2 3 17 
14:49:20 28.71 0.00000000 0.00000000 0.00 0.00 0.00 521.00 522.00 522.00 510.00 2 3 17 
14:49:21 28.91 0.00000000 0.00000000 0.00 0.00 0.00 520.00 522.00 522.00 509.00 2 3 17 
14:49:21 29.11 0.00000000 0.00000000 0.00 0.00 0.00 521.00 523.00 522.00 509.00 2 3 17 
14:49:21 29.31 0.00000000 0.00000000 0.00 0.00 0.00 520.00 522.00 522.00 509.00 2 3 17 
14:49:21 29.51 0.00000000 0.00000000 0.00 0.00 0.00 521.00 523.00 521.00 509.00 2 3 17 
14:49:21 29.71 0.00000000 0.00000000 0.00 0.00 0.00 520.00 522.00 522.00 509.00 2 3 17 
14:49:22 29.92 0.00000000 0.00000000 0.00 0.00 0.00 521.00 522.00 522.00 508.00 2 3 17 
14:49:22 30.12 0.00000000 0.00000000 0.00 0.00 0.00 521.00 522.00 522.00 509.00 2 3 17 
14:49:22 30.32 0.00000000 0.00000000 0.00 0.00 0.00 521.00 522.00 522.00 509.00 2 3 17 
14:49:22 30.52 0.00000000 0.00000000 0.00 0.00 0.00 521.00 522.00 522.00 509.00 2 3 17 
14:49:22 30.72 0.00000000 0.00000000 0.00 0.00 0.00 521.00 522.00 522.00 509.00 2 3 17 
14:49:22 30.92 0.00000000 0.00000000 0.00 0.00 0.00 521.00 522.00 521.00 508.00 2 3 17 
14:49:23 31.12 0.00000000 0.00000000 0.00 0.00 0.00 521.00 522.00 522.00 510.00 2 3 17 
14:49:23 31.32 0.00000000 0.00000000 0.00 0.00 0.00 521.00 522.00 522.00 509.00 2 3 17 
14:49:23 31.52 0.00000000 0.00000000 0.00 0.00 0.00 520.00 522.00 522.00 509.00 2 3 17 
14:49:23 31.73 0.00000000 0.00000000 0.00 0.00 0.00 521.00 522.00 522.00 509.00 2 3 17 
14:49:23 31.93 0.00000000 0.00000000 0.00 0.00 0.00 521.00 522.00 522.00 508.00 2 3 17 
14:49:24 32.13 0.00000000 0.00000000 0.00 0.00 0.00 521.00 522.00 522.00 509.00 2 3 17 
14:49:24 32.33 0.00000000 0.00000000 0.00 0.00 0.00 521.00 522.00 522.00 509.00 2 3 17 
14:49:24 32.53 0.00000000 0.00000000 0.00 0.00 0.00 520.00 522.00 522.00 509.00 2 3 17 
14:49:24 32.73 0.00000000 0.00000000 0.00 0.00 0.00 521.00 522.00 522.00 509.00 2 3 17 
14:49:25 32.93 0.00000000 0.00000000 0.00 0.00 0.00 521.00 522.00 522.00 509.00 2 3 17 
14:49:25 33.13 0.00000000 0.00000000 0.00 0.00 0.00 521.00 522.00 522.00 509.00 2 3 17 
14:49:25 33.34 0.00000000 0.00000000 0.00 0.00 0.00 521.00 522.00 522.00 509.00 2 3 17 
14:49:25 33.54 0.00000000 0.00000000 0.00 0.00 0.00 521.00 522.00 522.00 509.00 2 3 17 
14:49:25 33.74 0.00000000 0.00000000 0.00 0.00 0.00 521.00 522.00 522.00 509.00 2 3 17 
14:49:26 33.94 0.00000000 0.00000000 0.00 0.00 0.00 522.00 523.00 521.00 509.00 2 3 17 
14:49:26 34.14 0.00000000 0.00000000 0.00 0.00 0.00 521.00 522.00 521.00 509.00 2 3 17 
14:49:26 34.34 0.00000000 0.00000000 0.00 0.00 0.00 521.00 522.00 522.00 509.00 2 3 17 
14:49:26 34.54 0.00000000 0.00000000 0.00 0.00 0.00 521.00 522.00 522.00 509.00 2 3 17 
14:49:26 34.74 0.00000000 0.00000000 0.00 0.00 0.00 521.00 522.00 522.00 509.00 2 3 17 
14:49:27 34.94 0.00000000 0.00000000 0.00 0.00 0.00 521.00 522.00 522.00 509.00 2 3 17 
14:49:27 35.15 0.00000000 0.00000000 0.00 0.00 0.00 521.00 522.00 522.00 509.00 2 3 17 
14:49:27 35.35 0.00000000 0.00000000 0.00 0.00 0.00 521.00 522.00 522.00 509.00 2 3 17 
14:49:27 35.55 0.00000000 0.00000000 0.00 0.00 0.00 521.00 522.00 520.00 509.00 2 3 17 
14:49:27 35.75 0.00000000 0.00000000 0.00 0.00 0.00 520.00 522.00 522.00 509.00 2 3 17 
14:49:28 35.95 0.00000000 0.00000000 0.00 0.00 0.00 521.00 522.00 522.00 509.00 2 3 17 
14:49:28 36.15 0.00000000 0.00000000 0.00 0.00 0.00 521.00 522.00 522.00 509.00 2 3 17 
14:49:28 36.35 0.00000000 0.00000000 0.00 0.00 0.00 521.00 522.00 521.00 509.00 2 3 17 
14:49:28 36.55 0.00000000 0.00000000 0.00 0.00 0.00 521.00 523.00 522.00 509.00 2 3 17 
14:49:28 36.75 0.00000000 0.00000000 0.00 0.00 0.00 520.00 522.00 522.00 509.00 2 3 17 
14:49:29 36.96 0.00000000 0.00000000 0.00 0.00 0.00 521.00 522.00 522.00 509.00 2 3 17 
14:49:29 37.16 0.00000000 0.00000000 0.00 0.00 0.00 521.00 522.00 522.00 509.00 2 3 17 
14:49:29 37.36 0.00000000 0.00000000 0.00 0.00 0.00 521.00 522.00 522.00 509.00 2 3 17 
14:49:29 37.56 0.00000000 0.00000000 0.00 0.00 0.00 521.00 522.00 522.00 509.00 2 3 17 
14:49:29 37.76 0.00000000 0.00000000 0.00 0.00 0.00 521.00 522.00 522.00 509.00 2 3 17 
14:49:30 37.96 0.00000000 0.00000000 0.00 0.00 0.00 521.00 522.00 521.00 509.00 2 3 17 
14:49:30 38.16 0.00000000 0.00000000 0.00 0.00 0.00 522.00 522.00 522.00 509.00 2 3 17 
14:49:30 38.36 0.00000000 0.00000000 0.00 0.00 0.00 521.00 522.00 522.00 509.00 2 3 17 
14:49:30 38.56 0.00000000 0.00000000 0.00 0.00 0.00 521.00 522.00 522.00 509.00 2 3 17 
14:49:30 38.77 0.00000000 0.00000000 0.00 0.00 0.00 521.00 522.00 522.00 509.00 2 3 17 
14:49:31 38.97 0.00000000 0.00000000 0.00 0.00 0.00 521.00 522.00 522.00 510.00 2 3 17 
14:49:31 39.17 0.00000000 0.00000000 0.00 0.00 0.00 521.00 522.00 522.00 509.00 2 3 17 
14:49:31 39.37 0.00000000 0.00000000 0.00 0.00 0.00 521.00 522.00 522.00 509.00 2 3 17 
14:49:31 39.57 0.00000000 0.00000000 0.00 0.00 0.00 521.00 522.00 522.00 509.00 2 3 17 
14:49:31 39.77 0.00000000 0.00000000 0.00 0.00 0.00 521.00 522.00 522.00 511.00 2 3 17 
14:49:32 39.97 0.00000000 0.00000000 0.00 0.00 0.00 521.00 523.00 522.00 511.00 2 3 17 
14:49:32 40.17 0.00000000 0.00000000 0.00 0.00 0.00 521.00 522.00 522.00 517.00 2 3 17 
14:49:32 40.37 0.00000000 0.00000000 0.00 0.00 0.00 521.00 522.00 522.00 508.00 2 3 17 
14:49:32 40.58 0.00000000 0.00000000 0.00 0.00 0.00 521.00 522.00 522.00 507.00 2 3 17 
14:49:32 40.78 0.00000000 0.00000000 0.00 0.00 0.00 521.00 522.00 522.00 507.00 2 3 17 
14:49:33 40.98 0.00000000 0.00000000 0.00 0.00 0.00 521.00 522.00 521.00 508.00 2 3 17 
