0:0:0 0.93 0.00000000 0.00000000 -99.00 -99.00 0.00 523.00 523.00 523.00 528.00 23.65 1010.55 57.32 0 0 0 17 
0:0:0 1.13 0.00000000 0.00000000 -99.00 -99.00 0.00 524.00 524.00 525.00 528.00 23.69 1010.55 57.25 0 0 0 17 
15:16:45 1.34 0.00000000 0.00000000 -99.00 -99.00 0.00 523.00 524.00 525.00 528.00 23.70 1010.54 57.30 0 0 0 17 
15:16:45 1.54 0.00000000 0.00000000 -99.00 -99.00 0.00 523.00 524.00 524.00 528.00 23.71 1010.50 57.33 0 0 0 17 
15:16:45 1.74 0.00000000 0.00000000 -99.00 -99.00 0.00 524.00 524.00 521.00 528.00 23.71 1010.57 57.33 0 0 0 17 
15:16:45 1.94 0.00000000 0.00000000 -99.00 -99.00 0.00 523.00 524.00 524.00 529.00 23.72 1010.55 57.33 0 0 0 17 
15:16:45 2.14 0.00000000 0.00000000 -99.00 -99.00 0.00 524.00 524.00 524.00 529.00 23.72 1010.57 57.34 0 0 0 17 
15:16:46 2.34 0.00000000 0.00000000 -99.00 -99.00 0.00 524.00 523.00 524.00 528.00 23.72 1010.52 57.35 0 28 3 17 
15:16:46 2.54 0.00000000 0.00000000 -99.00 -99.00 0.00 523.00 523.00 525.00 529.00 23.72 1010.54 57.37 0 28 3 17 
15:16:46 2.74 0.00000000 0.00000000 -99.00 -99.00 0.00 524.00 524.00 524.00 528.00 23.72 1010.56 57.41 0 28 3 17 
15:16:46 2.94 0.00000000 0.00000000 -99.00 -99.00 0.00 524.00 524.00 524.00 528.00 23.72 1010.53 57.46 0 28 3 17 
