0:0:57 0.44 0.00000000 0.00000000 0.00 0.00 0.00 521.00 522.00 522.00 526.00 0 0 0 
0:0:57 0.64 0.00000000 0.00000000 0.00 0.00 0.00 521.00 522.00 522.00 526.00 6 1 80 
0:0:57 0.84 0.00000000 0.00000000 0.00 0.00 0.00 521.00 522.00 522.00 527.00 6 1 80 
0:0:57 1.04 0.00000000 0.00000000 0.00 0.00 0.00 521.00 522.00 522.00 526.00 6 1 80 
0:0:57 1.24 0.00000000 0.00000000 0.00 0.00 0.00 520.00 522.00 522.00 526.00 6 1 80 
0:0:58 1.44 0.00000000 0.00000000 0.00 0.00 0.00 521.00 522.00 522.00 527.00 6 1 80 
0:0:58 1.64 0.00000000 0.00000000 0.00 0.00 0.00 521.00 522.00 521.00 526.00 6 1 80 
0:0:58 1.84 0.00000000 0.00000000 0.00 0.00 0.00 520.00 522.00 522.00 526.00 6 1 80 
0:0:58 2.04 0.00000000 0.00000000 0.00 0.00 0.00 521.00 522.00 521.00 526.00 6 1 80 
0:0:58 2.25 0.00000000 0.00000000 0.00 0.00 0.00 520.00 522.00 522.00 527.00 6 1 80 
0:0:59 2.45 0.00000000 0.00000000 0.00 0.00 0.00 520.00 522.00 522.00 526.00 6 1 80 
0:0:59 2.65 0.00000000 0.00000000 0.00 0.00 0.00 521.00 522.00 521.00 526.00 6 1 80 
0:0:59 2.85 0.00000000 0.00000000 0.00 0.00 0.00 521.00 522.00 521.00 526.00 6 1 80 
0:0:59 3.05 0.00000000 0.00000000 0.00 0.00 0.00 521.00 522.00 521.00 526.00 6 1 80 
0:0:59 3.25 0.00000000 0.00000000 0.00 0.00 0.00 521.00 522.00 522.00 527.00 6 1 80 
0:1:0 3.45 0.00000000 0.00000000 0.00 0.00 0.00 520.00 522.00 521.00 526.00 6 1 80 
0:1:0 3.65 0.00000000 0.00000000 0.00 0.00 0.00 521.00 522.00 522.00 526.00 6 1 80 
0:1:0 3.85 0.00000000 0.00000000 0.00 0.00 0.00 521.00 522.00 522.00 527.00 6 1 80 
0:1:0 4.05 0.00000000 0.00000000 0.00 0.00 0.00 520.00 522.00 521.00 526.00 6 1 80 
0:1:0 4.26 0.00000000 0.00000000 0.00 0.00 0.00 521.00 522.00 522.00 526.00 6 1 80 
0:1:1 4.46 0.00000000 0.00000000 0.00 0.00 0.00 521.00 522.00 522.00 527.00 6 1 80 
0:1:1 4.66 0.00000000 0.00000000 0.00 0.00 0.00 520.00 522.00 522.00 527.00 6 1 80 
0:1:1 4.86 0.00000000 0.00000000 0.00 0.00 0.00 520.00 523.00 522.00 526.00 6 1 80 
0:1:1 5.06 0.00000000 0.00000000 0.00 0.00 0.00 521.00 522.00 522.00 526.00 6 1 80 
0:1:1 5.26 0.00000000 0.00000000 0.00 0.00 0.00 520.00 522.00 521.00 526.00 6 1 80 
0:1:2 5.46 0.00000000 0.00000000 0.00 0.00 0.00 521.00 523.00 522.00 526.00 6 1 80 
0:1:2 5.66 0.00000000 0.00000000 0.00 0.00 0.00 520.00 522.00 522.00 526.00 6 1 80 
