0:0:0 0.76 0.00000000 0.00000000 0.00 0.00 0.00 517.00 522.00 478.00 510.00 0 0 0 
0:0:0 0.96 0.00000000 0.00000000 0.00 0.00 0.00 516.00 522.00 478.00 510.00 0 0 0 
0:0:0 1.16 0.00000000 0.00000000 0.00 0.00 0.00 516.00 522.00 478.00 509.00 0 0 0 
0:0:0 1.36 0.00000000 0.00000000 0.00 0.00 0.00 515.00 522.00 479.00 509.00 0 0 0 
23:59:46 1.57 0.00000000 0.00000000 0.00 0.00 0.00 514.00 522.00 479.00 508.00 0 0 0 
23:59:46 1.77 0.00000000 0.00000000 0.00 0.00 0.00 514.00 522.00 479.00 508.00 0 0 0 
23:59:46 1.97 0.00000000 0.00000000 0.00 0.00 0.00 513.00 522.00 479.00 507.00 0 0 0 
23:59:46 2.17 0.00000000 0.00000000 0.00 0.00 0.00 512.00 522.00 479.00 506.00 0 0 0 
23:59:46 2.37 0.00000000 0.00000000 0.00 0.00 0.00 512.00 522.00 480.00 506.00 0 0 0 
23:59:46 2.57 0.00000000 0.00000000 0.00 0.00 0.00 511.00 522.00 480.00 506.00 0 0 0 
23:59:46 2.77 0.00000000 0.00000000 0.00 0.00 0.00 510.00 522.00 480.00 505.00 0 0 0 
23:59:46 2.97 0.00000000 0.00000000 0.00 0.00 0.00 510.00 522.00 480.00 505.00 0 0 0 
23:59:46 3.17 0.00000000 0.00000000 0.00 0.00 0.00 509.00 522.00 480.00 504.00 0 0 0 
23:59:46 3.37 0.00000000 0.00000000 0.00 0.00 0.00 509.00 522.00 481.00 504.00 0 0 0 
23:59:46 3.58 0.00000000 0.00000000 0.00 0.00 0.00 508.00 522.00 481.00 504.00 0 0 0 
23:59:46 3.78 0.00000000 0.00000000 0.00 0.00 0.00 508.00 521.00 481.00 503.00 0 0 0 
23:59:46 3.98 0.00000000 0.00000000 0.00 0.00 0.00 508.00 522.00 481.00 503.00 0 0 0 
23:59:46 4.18 0.00000000 0.00000000 0.00 0.00 0.00 507.00 522.00 481.00 502.00 0 0 0 
23:59:46 4.38 0.00000000 0.00000000 0.00 0.00 0.00 506.00 522.00 481.00 502.00 0 0 0 
23:59:46 4.58 0.00000000 0.00000000 0.00 0.00 0.00 506.00 522.00 481.00 502.00 0 0 0 
23:59:46 4.78 0.00000000 0.00000000 0.00 0.00 0.00 506.00 522.00 481.00 501.00 0 0 0 
23:59:46 4.98 0.00000000 0.00000000 0.00 0.00 0.00 506.00 522.00 481.00 500.00 0 0 0 
23:59:46 5.18 0.00000000 0.00000000 0.00 0.00 0.00 505.00 522.00 482.00 501.00 0 0 0 
23:59:46 5.38 0.00000000 0.00000000 0.00 0.00 0.00 504.00 522.00 481.00 500.00 0 0 0 
23:59:46 5.58 0.00000000 0.00000000 0.00 0.00 0.00 504.00 522.00 482.00 500.00 0 0 0 
23:59:46 5.78 0.00000000 0.00000000 0.00 0.00 0.00 504.00 522.00 482.00 499.00 0 0 0 
23:59:46 5.98 0.00000000 0.00000000 0.00 0.00 0.00 504.00 522.00 481.00 499.00 0 0 0 
23:59:46 6.19 0.00000000 0.00000000 0.00 0.00 0.00 503.00 522.00 481.00 499.00 0 0 0 
23:59:46 6.39 0.00000000 0.00000000 0.00 0.00 0.00 503.00 522.00 481.00 498.00 0 0 0 
23:59:46 6.59 0.00000000 0.00000000 0.00 0.00 0.00 503.00 522.00 481.00 498.00 0 0 0 
23:59:46 6.79 0.00000000 0.00000000 0.00 0.00 0.00 502.00 522.00 481.00 498.00 0 0 0 
23:59:46 6.99 0.00000000 0.00000000 0.00 0.00 0.00 502.00 522.00 481.00 497.00 0 0 0 
23:59:46 7.19 0.00000000 0.00000000 0.00 0.00 0.00 501.00 522.00 481.00 497.00 0 0 0 
23:59:46 7.39 0.00000000 0.00000000 0.00 0.00 0.00 501.00 522.00 481.00 497.00 0 0 0 
23:59:52 7.59 0.00000000 0.00000000 0.00 0.00 0.00 501.00 522.00 481.00 497.00 5 1 80 
23:59:52 7.79 0.00000000 0.00000000 0.00 0.00 0.00 500.00 522.00 481.00 496.00 5 1 80 
23:59:52 7.99 0.00000000 0.00000000 0.00 0.00 0.00 500.00 522.00 481.00 496.00 5 1 80 
23:59:52 8.19 0.00000000 0.00000000 0.00 0.00 0.00 500.00 522.00 481.00 496.00 5 1 80 
23:59:52 8.39 0.00000000 0.00000000 0.00 0.00 0.00 500.00 522.00 481.00 496.00 5 1 80 
23:59:53 8.59 0.00000000 0.00000000 0.00 0.00 0.00 499.00 522.00 481.00 496.00 5 1 80 
23:59:53 8.79 0.00000000 0.00000000 0.00 0.00 0.00 499.00 522.00 480.00 495.00 5 1 80 
23:59:53 8.99 0.00000000 0.00000000 0.00 0.00 0.00 498.00 522.00 479.00 495.00 5 1 80 
23:59:53 9.19 0.00000000 0.00000000 0.00 0.00 0.00 498.00 521.00 480.00 495.00 5 1 80 
23:59:53 9.40 0.00000000 0.00000000 0.00 0.00 0.00 499.00 522.00 480.00 495.00 5 1 80 
23:59:53 9.60 0.00000000 0.00000000 0.00 0.00 0.00 498.00 522.00 481.00 495.00 5 1 80 
23:59:53 9.80 0.00000000 0.00000000 0.00 0.00 0.00 498.00 522.00 480.00 495.00 5 1 80 
23:59:53 10.00 0.00000000 0.00000000 0.00 0.00 0.00 498.00 522.00 480.00 494.00 5 1 80 
23:59:53 10.20 0.00000000 0.00000000 0.00 0.00 0.00 497.00 521.00 480.00 494.00 5 1 80 
23:59:53 10.40 0.00000000 0.00000000 0.00 0.00 0.00 498.00 522.00 480.00 493.00 5 1 80 
23:59:53 10.60 0.00000000 0.00000000 0.00 0.00 0.00 497.00 522.00 480.00 493.00 5 1 80 
23:59:53 10.80 0.00000000 0.00000000 0.00 0.00 0.00 497.00 522.00 480.00 493.00 5 1 80 
23:59:53 11.00 0.00000000 0.00000000 0.00 0.00 0.00 496.00 522.00 480.00 493.00 5 1 80 
23:59:53 11.20 0.00000000 0.00000000 0.00 0.00 0.00 496.00 522.00 479.00 493.00 5 1 80 
23:59:53 11.40 0.00000000 0.00000000 0.00 0.00 0.00 496.00 522.00 480.00 493.00 5 1 80 
23:59:53 11.61 0.00000000 0.00000000 0.00 0.00 0.00 496.00 522.00 479.00 492.00 5 1 80 
23:59:53 11.81 0.00000000 0.00000000 0.00 0.00 0.00 496.00 522.00 479.00 492.00 5 1 80 
23:59:53 12.01 0.00000000 0.00000000 0.00 0.00 0.00 495.00 522.00 479.00 492.00 5 1 80 
23:59:53 12.21 0.00000000 0.00000000 0.00 0.00 0.00 495.00 522.00 479.00 492.00 5 1 80 
23:59:53 12.41 0.00000000 0.00000000 0.00 0.00 0.00 495.00 522.00 479.00 492.00 5 1 80 
23:59:57 12.61 0.00000000 0.00000000 0.00 0.00 0.00 495.00 522.00 478.00 492.00 5 1 80 
23:59:57 12.81 0.00000000 0.00000000 0.00 0.00 0.00 494.00 522.00 478.00 491.00 5 1 80 
23:59:57 13.01 0.00000000 0.00000000 0.00 0.00 0.00 494.00 522.00 478.00 492.00 5 1 80 
23:59:57 13.22 0.00000000 0.00000000 0.00 0.00 0.00 494.00 522.00 478.00 491.00 5 1 80 
23:59:57 13.42 0.00000000 0.00000000 0.00 0.00 0.00 494.00 522.00 478.00 491.00 5 1 80 
23:59:58 13.62 0.00000000 0.00000000 0.00 0.00 0.00 494.00 522.00 478.00 492.00 5 1 80 
23:59:58 13.82 0.00000000 0.00000000 0.00 0.00 0.00 495.00 522.00 478.00 491.00 5 1 80 
23:59:58 14.02 0.00000000 0.00000000 0.00 0.00 0.00 494.00 522.00 478.00 491.00 5 1 80 
23:59:58 14.22 0.00000000 0.00000000 0.00 0.00 0.00 493.00 522.00 477.00 491.00 5 1 80 
23:59:58 14.42 0.00000000 0.00000000 0.00 0.00 0.00 493.00 522.00 477.00 490.00 5 1 80 
23:59:59 14.62 0.00000000 0.00000000 0.00 0.00 0.00 493.00 522.00 477.00 490.00 5 1 80 
23:59:59 14.82 0.00000000 0.00000000 0.00 0.00 0.00 493.00 522.00 477.00 490.00 5 1 80 
23:59:59 15.02 0.00000000 0.00000000 0.00 0.00 0.00 493.00 522.00 477.00 491.00 5 1 80 
23:59:59 15.22 0.00000000 0.00000000 0.00 0.00 0.00 493.00 522.00 477.00 490.00 5 1 80 
0:0:0 15.42 0.00000000 0.00000000 0.00 0.00 0.00 493.00 522.00 477.00 490.00 5 1 80 
0:0:0 15.62 0.00000000 0.00000000 0.00 0.00 0.00 493.00 522.00 477.00 490.00 6 1 80 
0:0:0 15.82 0.00000000 0.00000000 0.00 0.00 0.00 493.00 522.00 476.00 490.00 6 1 80 
0:0:0 16.02 0.00000000 0.00000000 0.00 0.00 0.00 493.00 522.00 476.00 489.00 6 1 80 
0:0:0 16.23 0.00000000 0.00000000 0.00 0.00 0.00 492.00 522.00 476.00 490.00 6 1 80 
0:0:1 16.43 0.00000000 0.00000000 0.00 0.00 0.00 492.00 521.00 476.00 490.00 6 1 80 
0:0:1 16.63 0.00000000 0.00000000 0.00 0.00 0.00 492.00 522.00 476.00 490.00 6 1 80 
0:0:1 16.83 0.00000000 0.00000000 0.00 0.00 0.00 492.00 522.00 476.00 490.00 6 1 80 
0:0:1 17.03 0.00000000 0.00000000 0.00 0.00 0.00 492.00 522.00 475.00 490.00 6 1 80 
0:0:1 17.23 0.00000000 0.00000000 0.00 0.00 0.00 491.00 522.00 475.00 489.00 6 1 80 
0:0:2 17.44 0.00000000 0.00000000 0.00 0.00 0.00 492.00 521.00 475.00 489.00 6 1 80 
0:0:2 17.64 0.00000000 0.00000000 0.00 0.00 0.00 491.00 522.00 475.00 489.00 6 1 80 
0:0:2 17.84 0.00000000 0.00000000 0.00 0.00 0.00 491.00 522.00 475.00 489.00 6 1 80 
0:0:2 18.04 0.00000000 0.00000000 0.00 0.00 0.00 491.00 522.00 475.00 489.00 6 1 80 
0:0:2 18.24 0.00000000 0.00000000 0.00 0.00 0.00 491.00 522.00 474.00 489.00 6 1 80 
0:0:3 18.44 0.00000000 0.00000000 0.00 0.00 0.00 491.00 522.00 474.00 489.00 6 1 80 
0:0:3 18.64 0.00000000 0.00000000 0.00 0.00 0.00 490.00 522.00 474.00 489.00 6 1 80 
