0:0:0 0.82 0.00000000 0.00000000 -99.00 -99.00 0.00 521.00 523.00 523.00 526.00 22.72 1017.40 60.83 0 0 0 17 
19:17:33 1.02 0.00000000 0.00000000 -99.00 -99.00 0.00 521.00 522.00 523.00 526.00 22.76 1017.41 60.83 0 0 0 17 
19:17:33 1.22 0.00000000 0.00000000 -99.00 -99.00 0.00 521.00 522.00 523.00 527.00 22.79 1017.44 60.80 0 0 0 17 
19:17:33 1.42 0.00000000 0.00000000 -99.00 -99.00 0.00 521.00 522.00 523.00 526.00 22.81 1017.45 60.80 0 0 0 17 
19:17:33 1.62 0.00000000 0.00000000 -99.00 -99.00 0.00 522.00 522.00 521.00 527.00 22.82 1017.41 60.78 0 0 0 17 
19:17:33 1.83 0.00000000 0.00000000 -99.00 -99.00 0.00 521.00 522.00 523.00 527.00 22.84 1017.38 60.75 0 0 0 17 
19:17:34 2.03 0.00000000 0.00000000 -99.00 -99.00 0.00 521.00 522.00 522.00 526.00 22.84 1017.41 60.74 0 6 3 17 
19:17:34 2.23 0.00000000 0.00000000 -99.00 -99.00 0.00 521.00 523.00 523.00 526.00 22.85 1017.43 60.72 0 6 3 17 
19:17:34 2.43 0.00000000 0.00000000 -99.00 -99.00 0.00 521.00 522.00 523.00 527.00 22.86 1017.42 60.71 0 6 3 17 
19:17:34 2.63 0.00000000 0.00000000 -99.00 -99.00 0.00 521.00 523.00 522.00 527.00 22.86 1017.40 60.69 0 6 3 17 
19:17:34 2.83 0.00000000 0.00000000 -99.00 -99.00 0.00 521.00 523.00 523.00 527.00 22.86 1017.36 60.70 0 6 3 17 
19:17:35 3.03 0.00000000 0.00000000 -99.00 -99.00 0.00 521.00 522.00 523.00 526.00 22.87 1017.34 60.65 0 6 3 17 
19:17:35 3.23 0.00000000 0.00000000 -99.00 -99.00 0.00 521.00 523.00 523.00 526.00 22.87 1017.36 60.63 0 6 3 17 
19:17:35 3.43 0.00000000 0.00000000 -99.00 -99.00 0.00 521.00 523.00 523.00 526.00 22.87 1017.38 60.59 0 6 3 17 
19:17:35 3.64 0.00000000 0.00000000 -99.00 -99.00 0.00 521.00 522.00 523.00 526.00 22.87 1017.35 60.61 0 6 3 17 
19:17:36 3.84 0.00000000 0.00000000 -99.00 -99.00 0.00 521.00 522.00 523.00 527.00 22.88 1017.38 60.60 0 6 3 17 
19:17:36 4.04 0.00000000 0.00000000 -99.00 -99.00 0.00 521.00 523.00 522.00 526.00 22.88 1017.39 60.60 0 6 3 17 
19:17:36 4.24 0.00000000 0.00000000 -99.00 -99.00 0.00 521.00 522.00 523.00 527.00 22.88 1017.38 60.58 0 6 3 17 
19:17:36 4.45 0.00000000 0.00000000 -99.00 -99.00 0.00 521.00 522.00 522.00 527.00 22.88 1017.34 60.58 0 6 3 17 
19:17:36 4.65 0.00000000 0.00000000 -99.00 -99.00 0.00 521.00 523.00 523.00 526.00 22.88 1017.40 60.57 0 6 3 17 
19:17:36 4.85 0.00000000 0.00000000 -99.00 -99.00 0.00 521.00 523.00 522.00 526.00 22.88 1017.39 60.55 0 6 3 17 
19:17:37 5.05 0.00000000 0.00000000 -99.00 -99.00 0.00 521.00 522.00 523.00 527.00 22.89 1017.38 60.55 0 6 3 17 
19:17:37 5.25 0.00000000 0.00000000 -99.00 -99.00 0.00 521.00 522.00 523.00 527.00 22.89 1017.38 60.55 0 6 3 17 
19:17:37 5.45 0.00000000 0.00000000 -99.00 -99.00 0.00 521.00 522.00 523.00 526.00 22.89 1017.34 60.54 0 6 3 17 
19:17:37 5.65 0.00000000 0.00000000 -99.00 -99.00 0.00 521.00 522.00 523.00 526.00 22.89 1017.32 60.57 0 6 3 17 
19:17:38 5.85 0.00000000 0.00000000 -99.00 -99.00 0.00 522.00 523.00 523.00 527.00 22.89 1017.36 60.53 0 6 3 17 
19:17:38 6.05 0.00000000 0.00000000 -99.00 -99.00 0.00 521.00 522.00 523.00 526.00 22.89 1017.38 60.52 0 6 3 17 
19:17:38 6.25 0.00000000 0.00000000 -99.00 -99.00 0.00 521.00 522.00 522.00 527.00 22.89 1017.34 60.52 0 6 3 17 
19:17:38 6.45 0.00000000 0.00000000 -99.00 -99.00 0.00 521.00 522.00 523.00 527.00 22.89 1017.39 60.52 0 6 3 17 
19:17:38 6.65 0.00000000 0.00000000 -99.00 -99.00 0.00 521.00 522.00 522.00 526.00 22.89 1017.37 60.52 0 6 3 17 
19:17:39 6.85 0.00000000 0.00000000 -99.00 -99.00 0.00 521.00 522.00 523.00 527.00 22.90 1017.41 60.53 0 6 3 17 
19:17:39 7.05 0.00000000 0.00000000 -99.00 -99.00 0.00 521.00 522.00 523.00 526.00 22.89 1017.40 60.53 0 6 3 17 
19:17:39 7.25 0.00000000 0.00000000 -99.00 -99.00 0.00 521.00 522.00 523.00 526.00 22.90 1017.42 60.53 0 6 3 17 
19:17:39 7.46 0.00000000 0.00000000 -99.00 -99.00 0.00 521.00 523.00 523.00 527.00 22.90 1017.39 60.54 0 6 3 17 
19:17:39 7.66 0.00000000 0.00000000 -99.00 -99.00 0.00 521.00 522.00 523.00 526.00 22.90 1017.33 60.53 0 6 3 17 
19:17:40 7.86 0.00000000 0.00000000 -99.00 -99.00 0.00 522.00 522.00 523.00 527.00 22.91 1017.43 60.53 0 6 3 17 
19:17:40 8.06 0.00000000 0.00000000 -99.00 -99.00 0.00 521.00 522.00 522.00 526.00 22.90 1017.42 60.53 0 6 3 17 
19:17:40 8.26 0.00000000 0.00000000 -99.00 -99.00 0.00 521.00 522.00 523.00 526.00 22.91 1017.43 60.53 0 6 3 17 
19:17:40 8.46 0.00000000 0.00000000 -99.00 -99.00 0.00 521.00 523.00 523.00 526.00 22.90 1017.40 60.53 0 6 3 17 
19:17:40 8.66 0.00000000 0.00000000 -99.00 -99.00 0.00 522.00 522.00 523.00 527.00 22.90 1017.42 60.52 0 6 3 17 
19:17:41 8.86 0.00000000 0.00000000 -99.00 -99.00 0.00 521.00 522.00 523.00 527.00 22.90 1017.42 60.52 0 6 3 17 
19:17:41 9.06 0.00000000 0.00000000 -99.00 -99.00 0.00 521.00 523.00 523.00 526.00 22.91 1017.47 60.52 0 6 3 17 
19:17:41 9.26 0.00000000 0.00000000 -99.00 -99.00 0.00 521.00 522.00 523.00 527.00 22.91 1017.44 60.51 0 6 3 17 
19:17:41 9.46 0.00000000 0.00000000 -99.00 -99.00 0.00 521.00 522.00 523.00 526.00 22.90 1017.42 60.51 0 6 3 17 
19:17:41 9.66 0.00000000 0.00000000 -99.00 -99.00 0.00 521.00 523.00 523.00 526.00 22.90 1017.44 60.50 0 6 3 17 
19:17:42 9.86 0.00000000 0.00000000 -99.00 -99.00 0.00 521.00 523.00 523.00 527.00 22.90 1017.44 60.50 0 6 3 17 
19:17:42 10.06 0.00000000 0.00000000 -99.00 -99.00 0.00 521.00 522.00 522.00 526.00 22.90 1017.41 60.49 0 6 3 17 
19:17:42 10.27 0.00000000 0.00000000 -99.00 -99.00 0.00 521.00 523.00 523.00 526.00 22.90 1017.47 60.49 0 6 3 17 
19:17:42 10.47 0.00000000 0.00000000 -99.00 -99.00 0.00 521.00 522.00 523.00 527.00 22.90 1017.42 60.49 0 6 3 17 
19:17:42 10.67 0.00000000 0.00000000 -99.00 -99.00 0.00 521.00 522.00 523.00 526.00 22.90 1017.42 60.49 0 6 3 17 
19:17:43 10.87 0.00000000 0.00000000 -99.00 -99.00 0.00 521.00 522.00 522.00 527.00 22.90 1017.44 60.48 0 6 3 17 
19:17:43 11.07 0.00000000 0.00000000 -99.00 -99.00 0.00 521.00 522.00 522.00 526.00 22.91 1017.44 60.48 0 6 3 17 
19:17:43 11.27 0.00000000 0.00000000 -99.00 -99.00 0.00 521.00 522.00 523.00 527.00 22.90 1017.37 60.48 0 6 3 17 
19:17:43 11.47 0.00000000 0.00000000 -99.00 -99.00 0.00 521.00 522.00 523.00 527.00 22.90 1017.38 60.48 0 6 3 17 
19:17:43 11.67 0.00000000 0.00000000 -99.00 -99.00 0.00 521.00 522.00 522.00 526.00 22.90 1017.38 60.46 0 6 3 17 
19:17:44 11.87 0.00000000 0.00000000 -99.00 -99.00 0.00 521.00 523.00 522.00 527.00 22.90 1017.37 60.46 0 6 3 17 
19:17:44 12.07 0.00000000 0.00000000 -99.00 -99.00 0.00 521.00 522.00 523.00 527.00 22.91 1017.37 60.46 0 6 3 17 
19:17:44 12.28 0.00000000 0.00000000 -99.00 -99.00 0.00 521.00 522.00 523.00 527.00 22.91 1017.40 60.46 0 6 3 17 
19:17:44 12.48 0.00000000 0.00000000 -99.00 -99.00 0.00 521.00 522.00 522.00 526.00 22.91 1017.38 60.44 0 6 3 17 
19:17:44 12.68 0.00000000 0.00000000 -99.00 -99.00 0.00 521.00 522.00 522.00 527.00 22.91 1017.35 60.44 0 6 3 17 
19:17:45 12.88 0.00000000 0.00000000 -99.00 -99.00 0.00 521.00 523.00 522.00 526.00 22.91 1017.37 60.44 0 6 3 17 
19:17:45 13.08 0.00000000 0.00000000 -99.00 -99.00 0.00 521.00 523.00 523.00 527.00 22.91 1017.36 60.44 0 6 3 17 
19:17:45 13.28 0.00000000 0.00000000 -99.00 -99.00 0.00 521.00 522.00 522.00 527.00 22.91 1017.36 60.46 0 6 3 17 
19:17:45 13.48 0.00000000 0.00000000 -99.00 -99.00 0.00 522.00 522.00 522.00 527.00 22.91 1017.33 60.46 0 6 3 17 
19:17:45 13.68 0.00000000 0.00000000 -99.00 -99.00 0.00 521.00 523.00 523.00 527.00 22.91 1017.37 60.45 0 6 3 17 
19:17:46 13.88 0.00000000 0.00000000 -99.00 -99.00 0.00 521.00 522.00 523.00 527.00 22.91 1017.41 60.45 0 6 3 17 
19:17:46 14.08 0.00000000 0.00000000 -99.00 -99.00 0.00 521.00 522.00 523.00 526.00 22.91 1017.40 60.45 0 6 3 17 
19:17:46 14.28 0.00000000 0.00000000 -99.00 -99.00 0.00 521.00 522.00 523.00 526.00 22.91 1017.38 60.45 0 6 3 17 
19:17:46 14.48 0.00000000 0.00000000 -99.00 -99.00 0.00 521.00 522.00 523.00 526.00 22.91 1017.39 60.46 0 6 3 17 
19:17:46 14.69 0.00000000 0.00000000 -99.00 -99.00 0.00 521.00 523.00 523.00 527.00 22.92 1017.46 60.46 0 6 3 17 
19:17:47 14.89 0.00000000 0.00000000 -99.00 -99.00 0.00 521.00 522.00 523.00 527.00 22.92 1017.40 60.46 0 6 3 17 
19:17:47 15.09 0.00000000 0.00000000 -99.00 -99.00 0.00 522.00 522.00 522.00 526.00 22.92 1017.36 60.46 0 6 3 17 
19:17:47 15.29 0.00000000 0.00000000 -99.00 -99.00 0.00 521.00 522.00 522.00 527.00 22.92 1017.41 60.46 0 6 3 17 
19:17:47 15.49 0.00000000 0.00000000 -99.00 -99.00 0.00 521.00 523.00 523.00 527.00 22.92 1017.38 60.46 0 6 3 17 
19:17:47 15.69 0.00000000 0.00000000 -99.00 -99.00 0.00 521.00 523.00 522.00 527.00 22.92 1017.44 60.46 0 6 3 17 
19:17:48 15.89 0.00000000 0.00000000 -99.00 -99.00 0.00 522.00 522.00 522.00 526.00 22.92 1017.44 60.45 0 6 3 17 
19:17:48 16.09 0.00000000 0.00000000 -99.00 -99.00 0.00 521.00 523.00 522.00 526.00 22.92 1017.41 60.45 0 6 3 17 
19:17:48 16.29 0.00000000 0.00000000 -99.00 -99.00 0.00 521.00 522.00 523.00 527.00 22.92 1017.42 60.45 0 6 3 17 
19:17:48 16.49 0.00000000 0.00000000 -99.00 -99.00 0.00 521.00 523.00 523.00 526.00 22.92 1017.42 60.45 0 6 3 17 
19:17:48 16.69 0.00000000 0.00000000 -99.00 -99.00 0.00 521.00 522.00 523.00 526.00 22.92 1017.41 60.44 0 6 3 17 
19:17:49 16.90 0.00000000 0.00000000 -99.00 -99.00 0.00 521.00 522.00 523.00 527.00 22.92 1017.37 60.42 0 6 3 17 
19:17:49 17.10 0.00000000 0.00000000 -99.00 -99.00 0.00 521.00 522.00 522.00 527.00 22.93 1017.39 60.44 0 6 3 17 
19:17:49 17.30 0.00000000 0.00000000 -99.00 -99.00 0.00 521.00 522.00 523.00 526.00 22.92 1017.37 60.42 0 6 3 17 
19:17:49 17.50 0.00000000 0.00000000 -99.00 -99.00 0.00 521.00 522.00 523.00 526.00 22.93 1017.41 60.43 0 6 3 17 
19:17:49 17.70 0.00000000 0.00000000 -99.00 -99.00 0.00 521.00 522.00 523.00 527.00 22.93 1017.38 60.43 0 6 3 17 
19:17:50 17.90 0.00000000 0.00000000 -99.00 -99.00 0.00 521.00 523.00 522.00 527.00 22.93 1017.35 60.42 0 6 3 17 
19:17:50 18.10 0.00000000 0.00000000 -99.00 -99.00 0.00 521.00 523.00 523.00 526.00 22.93 1017.31 60.43 0 6 3 17 
19:17:50 18.30 0.00000000 0.00000000 -99.00 -99.00 0.00 521.00 522.00 524.00 527.00 22.93 1017.32 60.43 0 6 3 17 
19:17:50 18.50 0.00000000 0.00000000 -99.00 -99.00 0.00 521.00 522.00 523.00 527.00 22.93 1017.36 60.43 0 6 3 17 
19:17:50 18.71 0.00000000 0.00000000 -99.00 -99.00 0.00 521.00 522.00 522.00 527.00 22.93 1017.36 60.42 0 6 3 17 
19:17:51 18.91 0.00000000 0.00000000 -99.00 -99.00 0.00 521.00 522.00 523.00 526.00 22.93 1017.34 60.42 0 6 3 17 
19:17:51 19.11 0.00000000 0.00000000 -99.00 -99.00 0.00 522.00 523.00 523.00 526.00 22.93 1017.34 60.42 0 6 3 17 
19:17:51 19.31 0.00000000 0.00000000 -99.00 -99.00 0.00 521.00 522.00 522.00 527.00 22.93 1017.30 60.42 0 6 3 17 
19:17:51 19.51 0.00000000 0.00000000 -99.00 -99.00 0.00 521.00 522.00 522.00 527.00 22.93 1017.35 60.42 0 6 3 17 
19:17:51 19.71 0.00000000 0.00000000 -99.00 -99.00 0.00 521.00 522.00 522.00 527.00 22.93 1017.31 60.42 0 6 3 17 
19:17:52 19.91 0.00000000 0.00000000 -99.00 -99.00 0.00 521.00 523.00 523.00 527.00 22.94 1017.31 60.41 0 6 3 17 
19:17:52 20.11 0.00000000 0.00000000 -99.00 -99.00 0.00 521.00 522.00 523.00 527.00 22.94 1017.31 60.41 0 6 3 17 
19:17:52 20.31 0.00000000 0.00000000 -99.00 -99.00 0.00 521.00 522.00 522.00 526.00 22.93 1017.29 60.40 0 6 3 17 
19:17:52 20.52 0.00000000 0.00000000 -99.00 -99.00 0.00 521.00 523.00 523.00 526.00 22.93 1017.31 60.41 0 6 3 17 
19:17:52 20.72 0.00000000 0.00000000 -99.00 -99.00 0.00 521.00 522.00 522.00 527.00 22.93 1017.32 60.39 0 6 3 17 
19:17:53 20.92 0.00000000 0.00000000 -99.00 -99.00 0.00 521.00 522.00 523.00 526.00 22.93 1017.33 60.39 0 6 3 17 
19:17:53 21.12 0.00000000 0.00000000 -99.00 -99.00 0.00 521.00 522.00 523.00 527.00 22.94 1017.34 60.39 0 6 3 17 
19:17:53 21.32 0.00000000 0.00000000 -99.00 -99.00 0.00 521.00 522.00 522.00 526.00 22.94 1017.33 60.38 0 6 3 17 
19:17:53 21.52 0.00000000 0.00000000 -99.00 -99.00 0.00 521.00 522.00 522.00 526.00 22.94 1017.29 60.38 0 6 3 17 
19:17:53 21.72 0.00000000 0.00000000 -99.00 -99.00 0.00 521.00 522.00 523.00 527.00 22.94 1017.28 60.38 0 6 3 17 
19:17:54 21.92 0.00000000 0.00000000 -99.00 -99.00 0.00 521.00 522.00 523.00 526.00 22.94 1017.30 60.38 0 6 3 17 
19:17:54 22.12 0.00000000 0.00000000 -99.00 -99.00 0.00 521.00 523.00 523.00 526.00 22.94 1017.31 60.38 0 6 3 17 
19:17:54 22.33 0.00000000 0.00000000 -99.00 -99.00 0.00 521.00 522.00 524.00 527.00 22.94 1017.33 60.38 0 6 3 17 
19:17:54 22.53 0.00000000 0.00000000 -99.00 -99.00 0.00 521.00 523.00 523.00 527.00 22.94 1017.33 nan 0 6 3 17 
19:17:54 22.73 0.00000000 0.00000000 -99.00 -99.00 0.00 521.00 523.00 523.00 527.00 22.94 1017.31 60.38 0 6 3 17 
19:17:55 22.93 0.00000000 0.00000000 -99.00 -99.00 0.00 521.00 522.00 523.00 527.00 22.94 1017.39 60.38 0 6 3 17 
19:17:55 23.13 0.00000000 0.00000000 -99.00 -99.00 0.00 521.00 522.00 522.00 526.00 22.94 1017.33 60.37 0 6 3 17 
19:17:55 23.33 0.00000000 0.00000000 -99.00 -99.00 0.00 522.00 523.00 523.00 526.00 22.95 1017.32 60.37 0 6 3 17 
19:17:55 23.53 0.00000000 0.00000000 -99.00 -99.00 0.00 521.00 522.00 523.00 527.00 22.95 1017.36 nan 0 6 3 17 
19:17:55 23.73 0.00000000 0.00000000 -99.00 -99.00 0.00 521.00 522.00 523.00 526.00 22.95 1017.35 nan 0 6 3 17 
19:17:56 23.94 0.00000000 0.00000000 -99.00 -99.00 0.00 521.00 522.00 523.00 527.00 22.95 1017.30 60.36 0 6 3 17 
19:17:56 24.14 0.00000000 0.00000000 -99.00 -99.00 0.00 521.00 522.00 523.00 527.00 22.95 1017.34 60.36 0 6 3 17 
19:17:56 24.34 0.00000000 0.00000000 -99.00 -99.00 0.00 521.00 523.00 522.00 527.00 22.95 1017.35 60.35 0 6 3 17 
19:17:56 24.54 0.00000000 0.00000000 -99.00 -99.00 0.00 521.00 523.00 523.00 527.00 22.95 1017.34 60.33 0 6 3 17 
19:17:56 24.74 0.00000000 0.00000000 -99.00 -99.00 0.00 521.00 522.00 523.00 526.00 22.95 1017.37 60.34 0 6 3 17 
19:17:57 24.94 0.00000000 0.00000000 -99.00 -99.00 0.00 521.00 522.00 523.00 527.00 22.95 1017.34 60.34 0 6 3 17 
19:17:57 25.14 0.00000000 0.00000000 -99.00 -99.00 0.00 521.00 523.00 523.00 526.00 22.94 1017.36 60.33 0 6 3 17 
19:17:57 25.34 0.00000000 0.00000000 -99.00 -99.00 0.00 521.00 523.00 523.00 526.00 22.94 1017.31 60.33 0 6 3 17 
19:17:57 25.54 0.00000000 0.00000000 -99.00 -99.00 0.00 521.00 523.00 523.00 527.00 22.95 1017.34 60.33 0 6 3 17 
19:17:57 25.75 0.00000000 0.00000000 -99.00 -99.00 0.00 521.00 522.00 523.00 527.00 22.95 1017.35 60.33 0 6 3 17 
19:17:58 25.95 0.00000000 0.00000000 -99.00 -99.00 0.00 521.00 522.00 523.00 526.00 22.95 1017.34 60.32 0 6 3 17 
19:17:58 26.15 0.00000000 0.00000000 -99.00 -99.00 0.00 521.00 523.00 522.00 526.00 22.94 1017.36 60.32 0 6 3 17 
19:17:58 26.35 0.00000000 0.00000000 -99.00 -99.00 0.00 521.00 522.00 524.00 527.00 22.95 1017.36 60.31 0 6 3 17 
19:17:58 26.55 0.00000000 0.00000000 -99.00 -99.00 0.00 521.00 522.00 523.00 527.00 22.95 1017.39 60.31 0 6 3 17 
19:17:58 26.75 0.00000000 0.00000000 -99.00 -99.00 0.00 521.00 522.00 523.00 527.00 22.95 1017.40 60.32 0 6 3 17 
19:17:59 26.95 0.00000000 0.00000000 -99.00 -99.00 0.00 521.00 522.00 522.00 527.00 22.95 1017.36 60.31 0 6 3 17 
19:17:59 27.15 0.00000000 0.00000000 -99.00 -99.00 0.00 521.00 522.00 523.00 527.00 22.95 1017.41 60.30 0 6 3 17 
19:17:59 27.35 0.00000000 0.00000000 -99.00 -99.00 0.00 521.00 523.00 523.00 527.00 22.95 1017.42 60.30 0 6 3 17 
19:17:59 27.56 0.00000000 0.00000000 -99.00 -99.00 0.00 522.00 523.00 522.00 527.00 22.95 1017.45 60.30 0 6 3 17 
19:17:59 27.76 0.00000000 0.00000000 -99.00 -99.00 0.00 522.00 522.00 522.00 526.00 22.95 1017.47 60.30 0 6 3 17 
19:18:0 27.96 0.00000000 0.00000000 -99.00 -99.00 0.00 521.00 522.00 522.00 527.00 22.95 1017.45 60.30 0 6 3 17 
19:18:0 28.16 0.00000000 0.00000000 -99.00 -99.00 0.00 521.00 522.00 522.00 527.00 22.95 1017.49 60.29 0 6 3 17 
19:18:0 28.36 0.00000000 0.00000000 -99.00 -99.00 0.00 521.00 523.00 523.00 526.00 22.95 1017.39 60.29 0 6 3 17 
19:18:0 28.56 0.00000000 0.00000000 -99.00 -99.00 0.00 521.00 522.00 523.00 526.00 22.95 1017.44 60.29 0 6 3 17 
19:18:0 28.76 0.00000000 0.00000000 -99.00 -99.00 0.00 520.00 522.00 523.00 526.00 22.96 1017.46 60.29 0 6 3 17 
19:18:1 28.96 0.00000000 0.00000000 -99.00 -99.00 0.00 521.00 523.00 523.00 527.00 22.96 1017.45 60.29 0 6 3 17 
19:18:1 29.17 0.00000000 0.00000000 -99.00 -99.00 0.00 521.00 522.00 523.00 527.00 22.96 1017.44 60.29 0 6 3 17 
19:18:1 29.37 0.00000000 0.00000000 -99.00 -99.00 0.00 521.00 522.00 524.00 527.00 22.96 1017.45 60.29 0 6 3 17 
19:18:1 29.57 0.00000000 0.00000000 -99.00 -99.00 0.00 521.00 522.00 523.00 526.00 22.96 1017.46 60.29 0 6 3 17 
19:18:1 29.77 0.00000000 0.00000000 -99.00 -99.00 0.00 521.00 523.00 522.00 526.00 22.96 1017.42 60.29 0 6 3 17 
19:18:2 29.97 0.00000000 0.00000000 -99.00 -99.00 0.00 521.00 522.00 522.00 526.00 22.96 1017.39 60.29 0 6 3 17 
19:18:2 30.17 0.00000000 0.00000000 -99.00 -99.00 0.00 521.00 522.00 523.00 527.00 22.97 1017.44 60.28 0 6 3 17 
19:18:2 30.37 0.00000000 0.00000000 -99.00 -99.00 0.00 521.00 522.00 523.00 527.00 22.96 1017.42 60.28 0 6 3 17 
19:18:2 30.57 0.00000000 0.00000000 -99.00 -99.00 0.00 521.00 522.00 523.00 526.00 22.96 1017.43 60.27 0 6 3 17 
19:18:2 30.77 0.00000000 0.00000000 -99.00 -99.00 0.00 521.00 523.00 523.00 526.00 22.96 1017.45 60.27 0 6 3 17 
19:18:3 30.98 0.00000000 0.00000000 -99.00 -99.00 0.00 521.00 523.00 523.00 527.00 22.96 1017.45 60.27 0 6 3 17 
19:18:3 31.18 0.00000000 0.00000000 -99.00 -99.00 0.00 521.00 522.00 523.00 526.00 22.96 1017.42 60.26 0 6 3 17 
19:18:3 31.38 0.00000000 0.00000000 -99.00 -99.00 0.00 521.00 523.00 523.00 526.00 22.96 1017.42 60.26 0 6 3 17 
19:18:3 31.58 0.00000000 0.00000000 -99.00 -99.00 0.00 521.00 522.00 522.00 526.00 22.97 1017.43 60.25 0 6 3 17 
19:18:3 31.78 0.00000000 0.00000000 -99.00 -99.00 0.00 521.00 522.00 523.00 527.00 22.97 1017.44 60.25 0 6 3 17 
19:18:4 31.98 0.00000000 0.00000000 -99.00 -99.00 0.00 521.00 523.00 523.00 527.00 22.96 1017.38 60.25 0 6 3 17 
19:18:4 32.18 0.00000000 0.00000000 -99.00 -99.00 0.00 521.00 523.00 523.00 527.00 22.97 1017.40 60.24 0 6 3 17 
19:18:4 32.38 0.00000000 0.00000000 -99.00 -99.00 0.00 521.00 523.00 522.00 527.00 22.97 1017.40 60.24 0 6 3 17 
19:18:4 32.59 0.00000000 0.00000000 -99.00 -99.00 0.00 521.00 522.00 523.00 526.00 22.97 1017.43 60.24 0 6 3 17 
19:18:4 32.79 0.00000000 0.00000000 -99.00 -99.00 0.00 521.00 522.00 523.00 526.00 22.97 1017.44 60.24 0 6 3 17 
19:18:5 32.99 0.00000000 0.00000000 -99.00 -99.00 0.00 521.00 522.00 523.00 526.00 22.97 1017.41 60.23 0 6 3 17 
19:18:5 33.19 0.00000000 0.00000000 -99.00 -99.00 0.00 521.00 522.00 522.00 527.00 22.97 1017.40 60.23 0 6 3 17 
19:18:5 33.39 0.00000000 0.00000000 -99.00 -99.00 0.00 521.00 522.00 523.00 527.00 22.97 1017.43 60.21 0 6 3 17 
19:18:5 33.59 0.00000000 0.00000000 -99.00 -99.00 0.00 521.00 523.00 523.00 526.00 22.96 1017.36 60.23 0 6 3 17 
19:18:5 33.79 0.00000000 0.00000000 -99.00 -99.00 0.00 521.00 522.00 523.00 526.00 22.97 1017.37 60.21 0 6 3 17 
19:18:6 33.99 0.00000000 0.00000000 -99.00 -99.00 0.00 521.00 522.00 523.00 526.00 22.96 1017.37 60.21 0 6 3 17 
19:18:6 34.19 0.00000000 0.00000000 -99.00 -99.00 0.00 522.00 522.00 523.00 526.00 22.96 1017.38 60.21 0 6 3 17 
19:18:6 34.40 0.00000000 0.00000000 -99.00 -99.00 0.00 521.00 522.00 522.00 527.00 22.96 1017.33 60.21 0 6 3 17 
19:18:6 34.60 0.00000000 0.00000000 -99.00 -99.00 0.00 522.00 522.00 523.00 527.00 22.97 1017.40 60.20 0 6 3 17 
19:18:6 34.80 0.00000000 0.00000000 -99.00 -99.00 0.00 521.00 522.00 523.00 527.00 22.97 1017.39 60.21 0 6 3 17 
19:18:6 35.00 0.00000000 0.00000000 -99.00 -99.00 0.00 521.00 522.00 522.00 527.00 22.97 1017.44 60.21 0 6 3 17 
19:18:6 35.20 0.00000000 0.00000000 -99.00 -99.00 0.00 519.00 522.00 523.00 527.00 22.97 1017.44 60.21 0 6 3 17 
19:18:6 35.40 0.00000000 0.00000000 -99.00 -99.00 0.00 520.00 523.00 523.00 527.00 22.97 1017.46 60.21 0 6 3 17 
19:18:6 35.60 0.00000000 0.00000000 -99.00 -99.00 0.00 521.00 523.00 523.00 527.00 22.97 1017.49 60.20 0 6 3 17 
19:18:6 35.80 0.00000000 0.00000000 -99.00 -99.00 0.00 522.00 523.00 523.00 527.00 22.97 1017.42 60.23 0 6 3 17 
19:18:6 36.00 0.00000000 0.00000000 -99.00 -99.00 0.00 521.00 523.00 523.00 526.00 22.97 1017.42 60.20 0 6 3 17 
19:18:6 36.21 0.00000000 0.00000000 -99.00 -99.00 0.00 521.00 523.00 522.00 526.00 22.97 1017.41 60.20 0 6 3 17 
19:18:6 36.41 0.00000000 0.00000000 -99.00 -99.00 0.00 521.00 522.00 523.00 526.00 22.97 1017.44 60.20 0 6 3 17 
19:18:6 36.61 0.00000000 0.00000000 -99.00 -99.00 0.00 521.00 522.00 523.00 526.00 22.97 1017.41 60.21 0 6 3 17 
19:18:6 36.81 0.00000000 0.00000000 -99.00 -99.00 0.00 521.00 522.00 522.00 527.00 22.97 1017.44 60.23 0 6 3 17 
19:18:6 37.01 0.00000000 0.00000000 -99.00 -99.00 0.00 521.00 520.00 523.00 527.00 22.97 1017.36 60.23 0 6 3 17 
19:18:6 37.21 0.00000000 0.00000000 -99.00 -99.00 0.00 521.00 522.00 523.00 527.00 22.97 1017.34 60.23 0 6 3 17 
19:18:6 37.41 0.00000000 0.00000000 -99.00 -99.00 0.00 521.00 522.00 523.00 527.00 22.97 1017.38 60.23 0 6 3 17 
19:18:6 37.61 0.00000000 0.00000000 -99.00 -99.00 0.00 521.00 522.00 523.00 527.00 22.97 1017.36 60.23 0 6 3 17 
19:18:6 37.81 0.00000000 0.00000000 -99.00 -99.00 0.00 521.00 522.00 522.00 527.00 22.97 1017.35 60.26 0 6 3 17 
19:18:6 38.02 0.00000000 0.00000000 -99.00 -99.00 0.00 522.00 522.00 522.00 526.00 22.97 1017.34 60.23 0 6 3 17 
19:18:6 38.22 0.00000000 0.00000000 -99.00 -99.00 0.00 521.00 523.00 523.00 527.00 22.97 1017.37 60.23 0 6 3 17 
19:18:6 38.42 0.00000000 0.00000000 -99.00 -99.00 0.00 521.00 523.00 523.00 527.00 22.97 1017.38 60.23 0 6 3 17 
19:18:6 38.62 0.00000000 0.00000000 -99.00 -99.00 0.00 521.00 522.00 523.00 526.00 22.98 1017.42 60.23 0 6 3 17 
19:18:6 38.82 0.00000000 0.00000000 -99.00 -99.00 0.00 521.00 522.00 520.00 526.00 22.97 1017.42 60.21 0 6 3 17 
19:18:10 39.02 0.00000000 0.00000000 -99.00 -99.00 0.00 521.00 523.00 523.00 527.00 22.97 1017.39 60.21 0 6 3 17 
19:18:10 39.22 0.00000000 0.00000000 -99.00 -99.00 0.00 521.00 522.00 524.00 526.00 22.97 1017.42 60.21 0 6 3 17 
19:18:10 39.42 0.00000000 0.00000000 -99.00 -99.00 0.00 521.00 522.00 523.00 526.00 22.97 1017.44 60.21 0 6 3 17 
19:18:10 39.63 0.00000000 0.00000000 -99.00 -99.00 0.00 521.00 522.00 524.00 527.00 22.97 1017.41 60.25 0 6 3 17 
19:18:10 39.83 0.00000000 0.00000000 -99.00 -99.00 0.00 521.00 523.00 522.00 526.00 22.97 1017.40 60.28 0 6 3 17 
19:18:11 40.03 0.00000000 0.00000000 -99.00 -99.00 0.00 522.00 523.00 523.00 526.00 22.98 1017.42 60.28 0 6 3 17 
19:18:11 40.23 0.00000000 0.00000000 -99.00 -99.00 0.00 521.00 522.00 522.00 527.00 22.97 1017.43 60.29 0 6 3 17 
19:18:11 40.43 0.00000000 0.00000000 -99.00 -99.00 0.00 522.00 522.00 523.00 527.00 22.97 1017.41 60.30 0 6 3 17 
19:18:11 40.63 0.00000000 0.00000000 -99.00 -99.00 0.00 521.00 522.00 521.00 527.00 22.98 1017.42 60.31 0 6 3 17 
19:18:11 40.83 0.00000000 0.00000000 -99.00 -99.00 0.00 521.00 523.00 523.00 527.00 22.98 1017.36 60.30 0 6 3 17 
19:18:12 41.03 0.00000000 191.00013732 -99.00 -99.00 0.00 521.00 523.00 523.00 526.00 22.97 1017.34 60.30 0 6 3 17 
19:18:12 41.24 0.00000000 191.00013732 -99.00 -99.00 0.00 521.00 523.00 523.00 526.00 22.98 1017.42 60.30 0 6 3 17 
19:18:12 41.44 0.00000000 191.00013732 -99.00 -99.00 0.00 521.00 522.00 523.00 527.00 22.97 1017.40 60.29 0 6 3 17 
19:18:12 41.64 0.00000000 191.00013732 -99.00 -99.00 0.00 521.00 523.00 522.00 526.00 22.98 1017.43 60.29 0 6 3 17 
19:18:12 41.84 0.00000000 191.00013732 -99.00 -99.00 0.00 521.00 522.00 522.00 527.00 22.97 1017.40 60.28 0 6 3 17 
19:18:14 42.04 0.00000000 0.00000000 -99.00 -99.00 0.00 521.00 522.00 522.00 527.00 22.98 1017.43 60.28 0 6 3 17 
19:18:14 42.24 0.00000000 0.00000000 -99.00 -99.00 0.00 521.00 523.00 523.00 527.00 22.98 1017.43 60.28 0 6 3 17 
19:18:14 42.44 0.00000000 0.00000000 -99.00 -99.00 0.00 518.00 522.00 522.00 526.00 22.98 1017.43 60.28 0 6 3 17 
19:18:14 42.64 0.00000000 0.00000000 -99.00 -99.00 0.00 521.00 522.00 523.00 526.00 22.98 1017.43 60.28 0 6 3 17 
19:18:14 42.84 0.00000000 0.00000000 -99.00 -99.00 0.00 521.00 522.00 522.00 527.00 22.98 1017.39 60.29 0 6 3 17 
19:18:15 43.04 0.00000000 0.00000000 -99.00 -99.00 0.00 521.00 522.00 524.00 527.00 22.98 1017.43 60.29 0 6 3 17 
19:18:15 43.25 0.00000000 0.00000000 -99.00 -99.00 0.00 521.00 522.00 523.00 526.00 22.98 1017.41 60.29 0 6 3 17 
19:18:15 43.45 0.00000000 0.00000000 -99.00 -99.00 0.00 521.00 522.00 523.00 526.00 22.98 1017.40 60.30 0 6 3 17 
19:18:15 43.65 0.00000000 0.00000000 -99.00 -99.00 0.00 521.00 522.00 523.00 527.00 22.98 1017.43 60.30 0 6 3 17 
19:18:16 43.85 0.00000000 0.00000000 -99.00 -99.00 0.00 521.00 522.00 523.00 526.00 22.98 1017.40 60.31 0 6 3 17 
19:18:16 44.05 0.00000000 0.00000000 -99.00 -99.00 0.00 521.00 523.00 523.00 526.00 22.98 1017.41 60.33 0 6 3 17 
19:18:16 44.25 0.00000000 0.00000000 -99.00 -99.00 0.00 519.00 523.00 522.00 527.00 22.98 1017.45 60.31 0 6 3 17 
19:18:16 44.45 0.00000000 0.00000000 -99.00 -99.00 0.00 521.00 522.00 523.00 527.00 22.98 1017.37 60.33 0 6 3 17 
19:18:16 44.65 0.00000000 0.00000000 -99.00 -99.00 0.00 522.00 523.00 522.00 527.00 22.98 1017.39 60.33 0 6 3 17 
19:18:16 44.86 0.00000000 0.00000000 -99.00 -99.00 0.00 521.00 522.00 523.00 527.00 22.98 1017.42 60.32 0 6 3 17 
19:18:17 45.06 0.00000000 0.00000000 -99.00 -99.00 0.00 521.00 522.00 523.00 526.00 22.98 1017.48 60.33 0 6 3 17 
19:18:17 45.26 0.00000000 0.00000000 -99.00 -99.00 0.00 521.00 523.00 522.00 526.00 22.98 1017.45 60.31 0 6 3 17 
19:18:17 45.46 0.00000000 0.00000000 -99.00 -99.00 0.00 521.00 522.00 523.00 527.00 22.98 1017.46 60.31 0 6 3 17 
19:18:17 45.66 0.00000000 0.00000000 -99.00 -99.00 0.00 521.00 522.00 523.00 526.00 22.98 1017.49 60.30 0 6 3 17 
19:18:18 45.86 0.00000000 0.00000000 -99.00 -99.00 0.00 521.00 522.00 523.00 526.00 22.99 1017.46 60.29 0 6 3 17 
19:18:18 46.06 0.00000000 0.00000000 -99.00 -99.00 0.00 520.00 522.00 522.00 526.00 22.98 1017.43 60.29 0 6 3 17 
19:18:18 46.27 0.00000000 0.00000000 -99.00 -99.00 0.00 521.00 522.00 523.00 527.00 22.99 1017.50 60.28 0 6 3 17 
19:18:18 46.47 0.00000000 0.00000000 -99.00 -99.00 0.00 521.00 523.00 523.00 527.00 22.99 1017.49 60.28 0 6 3 17 
19:18:18 46.67 0.00000000 0.00000000 -99.00 -99.00 0.00 521.00 523.00 522.00 526.00 22.99 1017.46 60.27 0 6 3 17 
19:18:19 46.87 0.00000000 0.00000000 -99.00 -99.00 0.00 521.00 522.00 523.00 527.00 22.99 1017.47 60.27 0 6 3 17 
19:18:19 47.07 0.00000000 0.00000000 -99.00 -99.00 0.00 521.00 523.00 523.00 527.00 22.99 1017.47 60.26 0 6 3 17 
19:18:19 47.27 0.00000000 0.00000000 -99.00 -99.00 0.00 521.00 523.00 522.00 526.00 22.98 1017.44 60.25 0 6 3 17 
19:18:19 47.47 0.00000000 0.00000000 -99.00 -99.00 0.00 521.00 522.00 523.00 526.00 22.98 1017.47 60.25 0 6 3 17 
19:18:19 47.67 0.00000000 0.00000000 -99.00 -99.00 0.00 521.00 522.00 523.00 526.00 22.98 1017.47 60.24 0 6 3 17 
19:18:20 47.88 0.00000000 0.00000000 -99.00 -99.00 0.00 521.00 523.00 522.00 526.00 22.98 1017.50 60.23 0 6 3 17 
19:18:20 48.08 0.00000000 0.00000000 -99.00 -99.00 0.00 521.00 522.00 523.00 527.00 22.99 1017.53 60.22 0 6 3 17 
19:18:20 48.28 0.00000000 0.00000000 -99.00 -99.00 0.00 521.00 522.00 523.00 527.00 22.99 1017.49 60.22 0 6 3 17 
19:18:20 48.48 0.00000000 0.00000000 -99.00 -99.00 0.00 521.00 522.00 523.00 526.00 22.99 1017.47 60.22 0 6 3 17 
19:18:20 48.68 0.00000000 0.00000000 -99.00 -99.00 0.00 521.00 523.00 524.00 526.00 22.98 1017.50 60.21 0 6 3 17 
19:18:21 48.88 0.00000000 0.00000000 -99.00 -99.00 0.00 521.00 523.00 523.00 527.00 22.99 1017.42 60.21 0 6 3 17 
19:18:21 49.08 0.00000000 0.00000000 -99.00 -99.00 0.00 521.00 522.00 523.00 526.00 22.99 1017.52 60.21 0 6 3 17 
19:18:21 49.28 0.00000000 0.00000000 -99.00 -99.00 0.00 521.00 522.00 522.00 527.00 22.99 1017.49 60.21 0 6 3 17 
19:18:21 49.48 0.00000000 0.00000000 -99.00 -99.00 0.00 522.00 522.00 523.00 527.00 22.99 1017.53 60.20 0 6 3 17 
19:18:21 49.69 0.00000000 0.00000000 -99.00 -99.00 0.00 521.00 522.00 523.00 526.00 22.99 1017.49 60.20 0 6 3 17 
19:18:22 49.89 0.00000000 0.00000000 -99.00 -99.00 0.00 521.00 522.00 523.00 526.00 22.98 1017.48 60.20 0 6 3 17 
19:18:22 50.09 0.00000000 0.00000000 -99.00 -99.00 0.00 522.00 523.00 522.00 527.00 22.98 1017.48 60.20 0 6 3 17 
19:18:22 50.29 0.00000000 0.00000000 -99.00 -99.00 0.00 521.00 522.00 523.00 527.00 22.98 1017.51 60.18 0 6 3 17 
19:18:22 50.49 0.00000000 0.00000000 -99.00 -99.00 0.00 521.00 523.00 523.00 527.00 22.99 1017.52 60.20 0 6 3 17 
19:18:22 50.69 0.00000000 0.00000000 -99.00 -99.00 0.00 521.00 522.00 523.00 527.00 22.99 1017.43 60.16 0 6 3 17 
19:18:23 50.89 0.00000000 0.00000000 -99.00 -99.00 0.00 521.00 522.00 523.00 527.00 22.99 1017.49 60.18 0 6 3 17 
19:18:23 51.09 0.00000000 0.00000000 -99.00 -99.00 0.00 521.00 523.00 523.00 526.00 22.98 1017.47 60.18 0 6 3 17 
19:18:23 51.29 0.00000000 0.00000000 -99.00 -99.00 0.00 521.00 522.00 522.00 526.00 22.99 1017.51 60.18 0 6 3 17 
19:18:23 51.50 0.00000000 0.00000000 -99.00 -99.00 0.00 521.00 523.00 522.00 526.00 23.00 1017.45 60.19 0 6 3 17 
19:18:23 51.70 0.00000000 0.00000000 -99.00 -99.00 0.00 521.00 523.00 523.00 527.00 23.00 1017.49 60.18 0 6 3 17 
19:18:24 51.90 0.00000000 0.00000000 -99.00 -99.00 0.00 521.00 523.00 523.00 526.00 23.00 1017.45 60.18 0 6 3 17 
19:18:24 52.10 0.00000000 0.00000000 -99.00 -99.00 0.00 522.00 523.00 523.00 526.00 22.99 1017.51 60.17 0 6 3 17 
19:18:24 52.30 0.00000000 0.00000000 -99.00 -99.00 0.00 521.00 523.00 523.00 526.00 23.00 1017.51 60.16 0 6 3 17 
19:18:24 52.50 0.00000000 0.00000000 -99.00 -99.00 0.00 521.00 523.00 523.00 527.00 22.99 1017.49 60.16 0 6 3 17 
19:18:24 52.70 0.00000000 0.00000000 -99.00 -99.00 0.00 521.00 522.00 523.00 527.00 23.00 1017.49 60.16 0 6 3 17 
19:18:25 52.90 0.00000000 0.00000000 -99.00 -99.00 0.00 521.00 522.00 523.00 526.00 22.99 1017.48 60.20 0 6 3 17 
19:18:25 53.10 0.00000000 0.00000000 -99.00 -99.00 0.00 521.00 522.00 523.00 526.00 23.00 1017.53 60.16 0 6 3 17 
19:18:25 53.31 0.00000000 0.00000000 -99.00 -99.00 0.00 521.00 523.00 523.00 527.00 23.00 1017.51 60.18 0 6 3 17 
19:18:25 53.51 0.00000000 0.00000000 -99.00 -99.00 0.00 521.00 522.00 523.00 527.00 23.00 1017.51 60.19 0 6 3 17 
19:18:25 53.71 0.00000000 0.00000000 -99.00 -99.00 0.00 522.00 522.00 522.00 527.00 23.00 1017.50 60.19 0 6 3 17 
19:18:26 53.91 0.00000000 0.00000000 -99.00 -99.00 0.00 521.00 523.00 523.00 527.00 23.00 1017.48 60.19 0 6 3 17 
19:18:26 54.11 0.00000000 0.00000000 -99.00 -99.00 0.00 521.00 522.00 522.00 527.00 23.00 1017.47 60.20 0 6 3 17 
19:18:26 54.31 0.00000000 0.00000000 -99.00 -99.00 0.00 521.00 522.00 522.00 527.00 23.00 1017.49 60.20 0 6 3 17 
19:18:26 54.51 0.00000000 0.00000000 -99.00 -99.00 0.00 521.00 522.00 523.00 527.00 23.00 1017.45 60.20 0 6 3 17 
19:18:26 54.71 0.00000000 0.00000000 -99.00 -99.00 0.00 521.00 523.00 523.00 526.00 23.00 1017.48 60.20 0 6 3 17 
19:18:27 54.91 0.00000000 0.00000000 -99.00 -99.00 0.00 521.00 523.00 522.00 526.00 23.00 1017.45 60.21 0 6 3 17 
19:18:27 55.12 0.00000000 0.00000000 -99.00 -99.00 0.00 521.00 522.00 523.00 527.00 23.00 1017.49 60.16 0 6 3 17 
19:18:27 55.32 0.00000000 0.00000000 -99.00 -99.00 0.00 521.00 523.00 523.00 526.00 23.00 1017.49 60.21 0 6 3 17 
19:18:27 55.52 0.00000000 0.00000000 -99.00 -99.00 0.00 521.00 523.00 523.00 526.00 22.99 1017.42 60.20 0 6 3 17 
19:18:27 55.72 0.00000000 0.00000000 -99.00 -99.00 0.00 521.00 523.00 523.00 526.00 23.00 1017.48 60.19 0 6 3 17 
19:18:28 55.92 0.00000000 0.00000000 -99.00 -99.00 0.00 521.00 523.00 523.00 526.00 23.00 1017.49 60.18 0 6 3 17 
19:18:28 56.12 0.00000000 0.00000000 -99.00 -99.00 0.00 521.00 522.00 523.00 526.00 23.00 1017.47 60.16 0 6 3 17 
19:18:28 56.32 0.00000000 0.00000000 -99.00 -99.00 0.00 521.00 523.00 523.00 527.00 23.00 1017.47 60.17 0 6 3 17 
19:18:28 56.52 0.00000000 0.00000000 -99.00 -99.00 0.00 521.00 522.00 523.00 527.00 23.00 1017.50 60.16 0 6 3 17 
19:18:28 56.72 0.00000000 0.00000000 -99.00 -99.00 0.00 521.00 523.00 523.00 527.00 23.00 1017.48 60.16 0 6 3 17 
19:18:29 56.92 0.00000000 0.00000000 -99.00 -99.00 0.00 521.00 522.00 523.00 526.00 23.00 1017.45 60.16 0 6 3 17 
19:18:29 57.13 0.00000000 0.00000000 -99.00 -99.00 0.00 521.00 522.00 523.00 527.00 23.00 1017.50 60.14 0 6 3 17 
19:18:29 57.33 0.00000000 0.00000000 -99.00 -99.00 0.00 521.00 523.00 523.00 526.00 23.00 1017.48 60.16 0 6 3 17 
19:18:29 57.53 0.00000000 0.00000000 -99.00 -99.00 0.00 522.00 522.00 522.00 527.00 23.00 1017.50 60.14 0 6 3 17 
19:18:29 57.73 0.00000000 0.00000000 -99.00 -99.00 0.00 522.00 522.00 523.00 527.00 23.00 1017.48 60.14 0 6 3 17 
19:18:30 57.93 0.00000000 0.00000000 -99.00 -99.00 0.00 521.00 523.00 523.00 526.00 23.01 1017.47 60.13 0 6 3 17 
19:18:30 58.13 0.00000000 0.00000000 -99.00 -99.00 0.00 521.00 523.00 523.00 527.00 23.01 1017.52 60.13 0 6 3 17 
19:18:30 58.33 0.00000000 0.00000000 -99.00 -99.00 0.00 521.00 523.00 523.00 527.00 23.00 1017.46 60.13 0 6 3 17 
19:18:30 58.53 0.00000000 0.00000000 -99.00 -99.00 0.00 521.00 523.00 523.00 527.00 23.01 1017.50 60.13 0 6 3 17 
19:18:30 58.73 0.00000000 0.00000000 -99.00 -99.00 0.00 521.00 522.00 523.00 526.00 23.00 1017.51 60.12 0 6 3 17 
19:18:31 58.93 0.00000000 0.00000000 -99.00 -99.00 0.00 521.00 523.00 522.00 527.00 23.01 1017.45 60.12 0 6 3 17 
19:18:31 59.14 0.00000000 0.00000000 -99.00 -99.00 0.00 521.00 523.00 523.00 527.00 23.00 1017.48 60.12 0 6 3 17 
19:18:31 59.34 0.00000000 0.00000000 -99.00 -99.00 0.00 521.00 522.00 523.00 527.00 23.00 1017.44 60.14 0 6 3 17 
19:18:31 59.54 0.00000000 0.00000000 -99.00 -99.00 0.00 521.00 522.00 523.00 526.00 23.00 1017.49 60.11 0 6 3 17 
19:18:31 59.74 0.00000000 0.00000000 -99.00 -99.00 0.00 521.00 522.00 523.00 526.00 23.01 1017.49 60.11 0 6 3 17 
19:18:32 59.94 0.00000000 0.00000000 -99.00 -99.00 0.00 521.00 522.00 523.00 527.00 23.01 1017.48 60.11 0 6 3 17 
19:18:32 60.14 0.00000000 0.00000000 -99.00 -99.00 0.00 521.00 522.00 522.00 526.00 23.01 1017.54 60.10 0 6 3 17 
19:18:32 60.34 0.00000000 0.00000000 -99.00 -99.00 0.00 521.00 523.00 523.00 527.00 23.01 1017.48 60.10 0 6 3 17 
19:18:32 60.54 0.00000000 0.00000000 -99.00 -99.00 0.00 521.00 522.00 523.00 526.00 23.01 1017.50 60.10 0 6 3 17 
19:18:32 60.75 0.00000000 0.00000000 -99.00 -99.00 0.00 521.00 523.00 523.00 526.00 23.01 1017.46 60.10 0 6 3 17 
19:18:33 60.95 0.00000000 0.00000000 -99.00 -99.00 0.00 521.00 523.00 523.00 527.00 23.01 1017.48 60.11 0 6 3 17 
19:18:33 61.15 0.00000000 0.00000000 -99.00 -99.00 0.00 521.00 523.00 523.00 527.00 23.01 1017.46 60.11 0 6 3 17 
19:18:33 61.35 0.00000000 0.00000000 -99.00 -99.00 0.00 521.00 523.00 523.00 526.00 23.01 1017.46 60.12 0 6 3 17 
19:18:33 61.55 0.00000000 0.00000000 -99.00 -99.00 0.00 521.00 522.00 522.00 527.00 23.01 1017.46 60.12 0 6 3 17 
19:18:33 61.75 0.00000000 0.00000000 -99.00 -99.00 0.00 521.00 522.00 523.00 527.00 23.01 1017.48 60.12 0 6 3 17 
19:18:34 61.95 0.00000000 0.00000000 -99.00 -99.00 0.00 522.00 523.00 522.00 527.00 23.01 1017.47 60.13 0 6 3 17 
19:18:34 62.15 0.00000000 0.00000000 -99.00 -99.00 0.00 521.00 522.00 523.00 527.00 23.01 1017.48 60.13 0 6 3 17 
19:18:34 62.35 0.00000000 0.00000000 -99.00 -99.00 0.00 521.00 522.00 523.00 526.00 23.01 1017.47 60.14 0 6 3 17 
19:18:34 62.56 0.00000000 0.00000000 -99.00 -99.00 0.00 521.00 523.00 523.00 527.00 23.01 1017.47 60.14 0 6 3 17 
19:18:34 62.76 0.00000000 0.00000000 -99.00 -99.00 0.00 521.00 522.00 522.00 527.00 23.01 1017.49 60.16 0 6 3 17 
19:18:35 62.96 0.00000000 0.00000000 -99.00 -99.00 0.00 521.00 522.00 523.00 526.00 23.01 1017.49 60.16 0 6 3 17 
19:18:35 63.16 0.00000000 0.00000000 -99.00 -99.00 0.00 521.00 523.00 523.00 527.00 23.01 1017.49 60.17 0 6 3 17 
19:18:35 63.36 0.00000000 0.00000000 -99.00 -99.00 0.00 521.00 523.00 523.00 526.00 23.01 1017.45 60.17 0 6 3 17 
19:18:35 63.56 0.00000000 0.00000000 -99.00 -99.00 0.00 521.00 523.00 523.00 526.00 23.01 1017.48 60.17 0 6 3 17 
19:18:35 63.76 0.00000000 0.00000000 -99.00 -99.00 0.00 521.00 523.00 523.00 526.00 23.01 1017.49 60.18 0 6 3 17 
19:18:36 63.96 0.00000000 0.00000000 -99.00 -99.00 0.00 521.00 522.00 523.00 527.00 23.01 1017.51 60.19 0 6 3 17 
19:18:36 64.16 0.00000000 0.00000000 -99.00 -99.00 0.00 521.00 523.00 523.00 526.00 23.01 1017.48 60.19 0 6 3 17 
19:18:36 64.36 0.00000000 0.00000000 -99.00 -99.00 0.00 521.00 522.00 523.00 527.00 23.01 1017.49 60.20 0 6 3 17 
19:18:36 64.56 0.00000000 0.00000000 -99.00 -99.00 0.00 521.00 522.00 523.00 527.00 23.02 1017.49 60.19 0 6 3 17 
19:18:36 64.77 0.00000000 0.00000000 -99.00 -99.00 0.00 521.00 522.00 523.00 527.00 23.02 1017.51 60.20 0 6 3 17 
19:18:37 64.97 0.00000000 0.00000000 -99.00 -99.00 0.00 521.00 523.00 523.00 527.00 23.02 1017.48 60.19 0 6 3 17 
19:18:37 65.17 0.00000000 0.00000000 -99.00 -99.00 0.00 522.00 522.00 522.00 526.00 23.02 1017.51 60.19 0 6 3 17 
19:18:37 65.37 0.00000000 0.00000000 -99.00 -99.00 0.00 521.00 522.00 522.00 527.00 23.02 1017.49 60.19 0 6 3 17 
19:18:37 65.57 0.00000000 0.00000000 -99.00 -99.00 0.00 521.00 522.00 523.00 527.00 23.01 1017.47 60.19 0 6 3 17 
19:18:37 65.77 0.00000000 0.00000000 -99.00 -99.00 0.00 521.00 522.00 522.00 526.00 23.02 1017.52 60.18 0 6 3 17 
19:18:38 65.97 0.00000000 0.00000000 -99.00 -99.00 0.00 521.00 522.00 523.00 527.00 23.02 1017.47 60.18 0 6 3 17 
19:18:38 66.17 0.00000000 0.00000000 -99.00 -99.00 0.00 521.00 523.00 523.00 527.00 23.02 1017.47 60.17 0 6 3 17 
19:18:38 66.37 0.00000000 0.00000000 -99.00 -99.00 0.00 521.00 522.00 522.00 527.00 23.02 1017.50 60.17 0 6 3 17 
19:18:38 66.57 0.00000000 0.00000000 -99.00 -99.00 0.00 521.00 523.00 523.00 527.00 23.02 1017.45 60.16 0 6 3 17 
19:18:38 66.77 0.00000000 0.00000000 -99.00 -99.00 0.00 521.00 523.00 522.00 527.00 23.02 1017.52 60.16 0 6 3 17 
19:18:39 66.97 0.00000000 0.00000000 -99.00 -99.00 0.00 521.00 523.00 523.00 526.00 23.02 1017.49 60.16 0 6 3 17 
19:18:39 67.17 0.00000000 0.00000000 -99.00 -99.00 0.00 521.00 523.00 523.00 527.00 23.02 1017.45 60.16 0 6 3 17 
19:18:39 67.37 0.00000000 0.00000000 -99.00 -99.00 0.00 521.00 522.00 523.00 526.00 23.02 1017.44 60.15 0 6 3 17 
19:18:39 67.57 0.00000000 0.00000000 -99.00 -99.00 0.00 522.00 523.00 523.00 527.00 23.02 1017.46 60.16 0 6 3 17 
19:18:39 67.77 0.00000000 0.00000000 -99.00 -99.00 0.00 521.00 522.00 522.00 527.00 23.02 1017.52 60.15 0 6 3 17 
19:18:40 67.97 0.00000000 0.00000000 -99.00 -99.00 0.00 521.00 522.00 523.00 527.00 23.02 1017.44 60.15 0 6 3 17 
19:18:40 68.18 0.00000000 0.00000000 -99.00 -99.00 0.00 521.00 523.00 523.00 527.00 23.02 1017.44 60.15 0 6 3 17 
19:18:40 68.38 0.00000000 0.00000000 -99.00 -99.00 0.00 521.00 523.00 523.00 527.00 23.02 1017.48 60.13 0 6 3 17 
19:18:40 68.58 0.00000000 0.00000000 -99.00 -99.00 0.00 521.00 523.00 523.00 527.00 23.02 1017.44 60.13 0 6 3 17 
19:18:40 68.78 0.00000000 0.00000000 -99.00 -99.00 0.00 521.00 523.00 523.00 527.00 23.02 1017.44 60.13 0 6 3 17 
19:18:41 68.98 0.00000000 0.00000000 -99.00 -99.00 0.00 521.00 523.00 523.00 526.00 23.02 1017.48 60.11 0 6 3 17 
19:18:41 69.18 0.00000000 0.00000000 -99.00 -99.00 0.00 521.00 522.00 523.00 526.00 23.02 1017.41 60.10 0 6 3 17 
19:18:41 69.38 0.00000000 0.00000000 -99.00 -99.00 0.00 521.00 523.00 523.00 527.00 23.02 1017.46 60.10 0 6 3 17 
19:18:41 69.58 0.00000000 0.00000000 -99.00 -99.00 0.00 521.00 522.00 522.00 526.00 23.02 1017.50 60.09 0 6 3 17 
19:18:41 69.78 0.00000000 0.00000000 -99.00 -99.00 0.00 521.00 522.00 523.00 526.00 23.02 1017.49 60.09 0 6 3 17 
19:18:42 69.98 0.00000000 0.00000000 -99.00 -99.00 0.00 521.00 522.00 523.00 527.00 23.02 1017.47 60.09 0 6 3 17 
19:18:42 70.18 0.00000000 0.00000000 -99.00 -99.00 0.00 521.00 522.00 523.00 527.00 23.02 1017.44 60.09 0 6 3 17 
19:18:42 70.38 0.00000000 0.00000000 -99.00 -99.00 0.00 522.00 523.00 523.00 527.00 23.02 1017.47 60.08 0 6 3 17 
19:18:42 70.59 0.00000000 0.00000000 -99.00 -99.00 0.00 521.00 522.00 522.00 527.00 23.03 1017.46 60.08 0 6 3 17 
19:18:42 70.79 0.00000000 0.00000000 -99.00 -99.00 0.00 521.00 522.00 522.00 527.00 23.02 1017.47 60.08 0 6 3 17 
19:18:43 70.99 0.00000000 0.00000000 -99.00 -99.00 0.00 521.00 523.00 523.00 527.00 23.02 1017.48 60.07 0 6 3 17 
19:18:43 71.19 0.00000000 0.00000000 -99.00 -99.00 0.00 521.00 522.00 523.00 526.00 23.02 1017.42 60.08 0 6 3 17 
19:18:43 71.39 0.00000000 0.00000000 -99.00 -99.00 0.00 522.00 523.00 523.00 526.00 23.02 1017.49 60.08 0 6 3 17 
19:18:43 71.59 0.00000000 0.00000000 -99.00 -99.00 0.00 521.00 523.00 523.00 526.00 23.02 1017.48 60.08 0 6 3 17 
19:18:43 71.79 0.00000000 0.00000000 -99.00 -99.00 0.00 521.00 522.00 523.00 526.00 23.02 1017.48 60.08 0 6 3 17 
19:18:44 71.99 0.00000000 0.00000000 -99.00 -99.00 0.00 521.00 522.00 523.00 527.00 23.03 1017.51 60.07 0 6 3 17 
19:18:44 72.19 0.00000000 0.00000000 -99.00 -99.00 0.00 521.00 522.00 523.00 527.00 23.02 1017.48 60.07 0 6 3 17 
19:18:44 72.39 0.00000000 0.00000000 -99.00 -99.00 0.00 521.00 522.00 523.00 526.00 23.02 1017.47 60.07 0 6 3 17 
19:18:44 72.59 0.00000000 0.00000000 -99.00 -99.00 0.00 521.00 522.00 523.00 527.00 23.03 1017.43 60.07 0 6 3 17 
19:18:44 72.79 0.00000000 0.00000000 -99.00 -99.00 0.00 521.00 523.00 523.00 527.00 23.03 1017.45 60.09 0 6 3 17 
19:18:45 72.99 0.00000000 0.00000000 -99.00 -99.00 0.00 521.00 523.00 523.00 527.00 23.03 1017.46 60.08 0 6 3 17 
19:18:45 73.19 0.00000000 0.00000000 -99.00 -99.00 0.00 521.00 523.00 523.00 527.00 23.03 1017.45 60.07 0 6 3 17 
19:18:45 73.40 0.00000000 0.00000000 -99.00 -99.00 0.00 521.00 522.00 523.00 527.00 23.03 1017.47 60.08 0 6 3 17 
19:18:45 73.60 0.00000000 0.00000000 -99.00 -99.00 0.00 521.00 523.00 523.00 527.00 23.03 1017.46 60.08 0 6 3 17 
19:18:45 73.80 0.00000000 0.00000000 -99.00 -99.00 0.00 521.00 523.00 523.00 526.00 23.03 1017.51 60.11 0 6 3 17 
19:18:45 74.00 0.00000000 0.00000000 -99.00 -99.00 0.00 521.00 523.00 523.00 524.00 23.03 1017.48 60.08 0 6 3 17 
19:18:45 74.20 0.00000000 0.00000000 -99.00 -99.00 0.00 521.00 523.00 522.00 527.00 23.03 1017.48 60.08 0 6 3 17 
19:18:45 74.40 0.00000000 0.00000000 -99.00 -99.00 0.00 521.00 522.00 523.00 527.00 23.03 1017.49 60.07 0 6 3 17 
19:18:45 74.60 0.00000000 0.00000000 -99.00 -99.00 0.00 521.00 522.00 523.00 527.00 23.03 1017.49 60.08 0 6 3 17 
19:18:45 74.80 0.00000000 0.00000000 -99.00 -99.00 0.00 521.00 522.00 523.00 527.00 23.03 1017.51 60.07 0 6 3 17 
19:18:45 75.00 0.00000000 0.00000000 -99.00 -99.00 0.00 521.00 523.00 523.00 527.00 23.03 1017.49 60.07 0 6 3 17 
19:18:45 75.20 0.00000000 0.00000000 -99.00 -99.00 0.00 521.00 522.00 523.00 527.00 23.03 1017.50 60.08 0 6 3 17 
19:18:45 75.40 0.00000000 0.00000000 -99.00 -99.00 0.00 521.00 523.00 523.00 526.00 23.03 1017.50 60.07 0 6 3 17 
19:18:45 75.60 0.00000000 0.00000000 -99.00 -99.00 0.00 521.00 522.00 522.00 527.00 23.03 1017.54 60.07 0 6 3 17 
19:18:45 75.80 0.00000000 0.00000000 -99.00 -99.00 0.00 521.00 522.00 522.00 527.00 23.03 1017.54 60.04 0 6 3 17 
19:18:45 76.00 0.00000000 0.00000000 -99.00 -99.00 0.00 521.00 523.00 523.00 527.00 23.03 1017.49 60.07 0 6 3 17 
19:18:45 76.20 0.00000000 0.00000000 -99.00 -99.00 0.00 521.00 522.00 522.00 527.00 23.02 1017.51 60.07 0 6 3 17 
19:18:45 76.41 0.00000000 0.00000000 -99.00 -99.00 0.00 521.00 523.00 522.00 526.00 23.02 1017.47 60.07 0 6 3 17 
19:18:45 76.61 0.00000000 0.00000000 -99.00 -99.00 0.00 521.00 524.00 523.00 526.00 23.03 1017.48 60.06 0 6 3 17 
19:18:45 76.81 0.00000000 0.00000000 -99.00 -99.00 0.00 521.00 522.00 523.00 526.00 23.03 1017.45 60.06 0 6 3 17 
19:18:45 77.01 0.00000000 0.00000000 -99.00 -99.00 0.00 521.00 522.00 523.00 526.00 23.03 1017.52 60.06 0 6 3 17 
19:18:45 77.21 0.00000000 0.00000000 -99.00 -99.00 0.00 521.00 523.00 523.00 527.00 23.03 1017.47 60.06 0 6 3 17 
19:18:45 77.41 0.00000000 0.00000000 -99.00 -99.00 0.00 521.00 522.00 523.00 527.00 23.02 1017.52 60.06 0 6 3 17 
19:18:45 77.61 0.00000000 0.00000000 -99.00 -99.00 0.00 521.00 522.00 524.00 525.00 23.03 1017.48 60.05 0 6 3 17 
19:18:45 77.81 0.00000000 0.00000000 -99.00 -99.00 0.00 521.00 523.00 523.00 527.00 23.03 1017.52 60.06 0 6 3 17 
19:18:45 78.01 0.00000000 0.00000000 -99.00 -99.00 0.00 521.00 523.00 523.00 527.00 23.03 1017.46 60.06 0 6 3 17 
19:18:45 78.21 0.00000000 0.00000000 -99.00 -99.00 0.00 521.00 523.00 522.00 527.00 23.04 1017.50 60.07 0 6 3 17 
19:18:45 78.41 0.00000000 0.00000000 -99.00 -99.00 0.00 521.00 522.00 522.00 527.00 23.03 1017.50 60.06 0 6 3 17 
19:18:45 78.61 0.00000000 0.00000000 -99.00 -99.00 0.00 522.00 523.00 523.00 527.00 23.03 1017.49 60.06 0 6 3 17 
19:18:45 78.81 0.00000000 0.00000000 -99.00 -99.00 0.00 522.00 522.00 522.00 527.00 23.03 1017.46 60.06 0 6 3 17 
19:18:45 79.01 0.00000000 0.00000000 -99.00 -99.00 0.00 521.00 523.00 523.00 526.00 23.03 1017.51 60.06 0 6 3 17 
19:18:45 79.21 0.00000000 0.00000000 -99.00 -99.00 0.00 521.00 523.00 523.00 526.00 23.03 1017.48 60.05 0 6 3 17 
19:18:45 79.41 0.00000000 0.00000000 -99.00 -99.00 0.00 521.00 522.00 523.00 525.00 23.03 1017.52 60.05 0 6 3 17 
19:18:45 79.62 0.00000000 0.00000000 -99.00 -99.00 0.00 521.00 523.00 523.00 526.00 23.03 1017.51 60.05 0 6 3 17 
19:18:45 79.82 0.00000000 0.00000000 -99.00 -99.00 0.00 521.00 522.00 523.00 527.00 23.03 1017.46 60.06 0 6 3 17 
19:18:51 80.02 0.00000000 191.00013732 -99.00 -99.00 0.00 522.00 523.00 523.00 526.00 23.03 1017.49 60.07 0 6 3 17 
19:18:51 80.22 0.00000000 191.00013732 -99.00 -99.00 0.00 521.00 522.00 523.00 528.00 23.03 1017.53 60.08 0 6 3 17 
19:18:51 80.42 0.00000000 191.00013732 -99.00 -99.00 0.00 521.00 523.00 522.00 526.00 23.03 1017.53 60.08 0 6 3 17 
19:18:51 80.62 0.00000000 191.00013732 -99.00 -99.00 0.00 521.00 523.00 522.00 526.00 23.04 1017.50 60.08 0 6 3 17 
19:18:51 80.82 0.00000000 191.00013732 -99.00 -99.00 0.00 522.00 523.00 522.00 526.00 23.03 1017.49 60.08 0 6 3 17 
19:18:51 81.02 0.00000000 191.00013732 -99.00 -99.00 0.00 521.00 522.00 522.00 526.00 23.03 1017.45 60.08 0 6 3 17 
19:18:51 81.22 0.00000000 191.00013732 -99.00 -99.00 0.00 518.00 522.00 523.00 527.00 23.03 1017.48 60.07 0 6 3 17 
19:18:51 81.42 0.00000000 191.00013732 -99.00 -99.00 0.00 521.00 522.00 523.00 527.00 23.03 1017.49 60.07 0 6 3 17 
19:18:51 81.62 0.00000000 191.00013732 -99.00 -99.00 0.00 521.00 522.00 523.00 526.00 23.03 1017.51 60.07 0 6 3 17 
19:18:51 81.82 0.00000000 191.00013732 -99.00 -99.00 0.00 521.00 522.00 522.00 527.00 23.03 1017.46 60.07 0 6 3 17 
