0:0:0 0.98 0.00000000 0.00000000 -99.00 -99.00 0.00 526.00 526.00 524.00 530.00 29.25 1007.55 71.96 0 0 0 17 
0:0:0 1.19 0.00000000 0.00000000 -99.00 -99.00 0.00 525.00 525.00 524.00 531.00 29.29 1007.56 71.67 0 0 0 17 
0:0:0 1.39 0.00000000 0.00000000 -99.00 -99.00 0.00 526.00 525.00 525.00 530.00 29.30 1007.50 71.67 0 0 0 17 
0:0:0 1.59 0.00000000 0.00000000 -99.00 -99.00 0.00 525.00 526.00 525.00 530.00 29.31 1007.53 71.60 0 0 0 17 
0:0:0 1.79 0.00000000 0.00000000 -99.00 -99.00 0.00 525.00 525.00 526.00 527.00 29.32 1007.56 71.66 0 0 0 17 
0:0:0 1.99 0.00000000 0.00000000 -99.00 -99.00 0.00 525.00 526.00 525.00 530.00 29.32 1007.55 71.92 0 0 0 17 
0:0:0 2.19 0.00000000 0.00000000 -99.00 -99.00 0.00 525.00 526.00 525.00 530.00 29.33 1007.50 72.24 0 0 0 17 
0:0:0 2.39 0.00000000 0.00000000 -99.00 -99.00 0.00 525.00 526.00 526.00 531.00 29.33 1007.54 72.29 0 0 0 17 
0:0:0 2.59 0.00000000 0.00000000 -99.00 -99.00 0.00 525.00 526.00 525.00 530.00 29.33 1007.53 72.38 0 0 0 17 
0:0:0 2.79 0.00000000 0.00000000 -99.00 -99.00 0.00 525.00 526.00 525.00 530.00 29.33 1007.57 72.47 0 0 0 17 
0:0:0 3.00 0.00000000 0.00000000 -99.00 -99.00 0.00 525.00 526.00 525.00 530.00 29.33 1007.59 72.69 0 0 0 17 
0:0:0 3.20 0.00000000 0.00000000 -99.00 -99.00 0.00 526.00 526.00 525.00 530.00 29.34 1007.54 72.87 0 0 0 17 
0:0:0 3.40 0.00000000 0.00000000 -99.00 -99.00 0.00 526.00 526.00 525.00 530.00 29.34 1007.53 72.90 0 0 0 17 
0:0:0 3.60 0.00000000 0.00000000 -99.00 -99.00 0.00 525.00 526.00 525.00 531.00 29.35 1007.53 72.90 0 0 0 17 
0:0:0 3.80 0.00000000 0.00000000 -99.00 -99.00 0.00 525.00 526.00 525.00 530.00 29.34 1007.54 72.75 0 0 0 17 
0:0:0 4.00 0.00000000 0.00000000 -99.00 -99.00 0.00 526.00 526.00 525.00 530.00 29.35 1007.53 72.55 0 0 0 17 
0:0:0 4.20 0.00000000 0.00000000 -99.00 -99.00 0.00 525.00 525.00 525.00 531.00 29.36 1007.54 72.26 0 0 0 17 
0:0:0 4.40 0.00000000 0.00000000 -99.00 -99.00 0.00 526.00 525.00 525.00 530.00 29.36 1007.54 72.16 0 0 0 17 
0:0:0 4.60 0.00000000 0.00000000 -99.00 -99.00 0.00 526.00 526.00 525.00 528.00 29.36 1007.59 71.97 0 0 0 17 
0:0:0 4.80 0.00000000 0.00000000 -99.00 -99.00 0.00 524.00 526.00 526.00 530.00 29.37 1007.58 71.84 0 0 0 17 
0:0:0 5.00 0.00000000 0.00000000 -99.00 -99.00 0.00 525.00 526.00 525.00 530.00 29.36 1007.56 71.69 0 0 0 17 
0:0:0 5.21 0.00000000 0.00000000 -99.00 -99.00 0.00 525.00 526.00 525.00 530.00 29.36 1007.55 71.54 0 0 0 17 
14:29:58 5.41 30.69440078 -88.19456481 -99.00 -99.00 57.40 525.00 525.00 525.00 530.00 29.36 1007.56 71.51 0 0 0 17 
14:29:58 5.61 30.69440078 -88.19456481 -99.00 -99.00 57.40 526.00 526.00 524.00 530.00 29.37 1007.55 71.45 0 0 0 17 
14:29:58 5.81 30.69440078 -88.19456481 -99.00 -99.00 57.40 525.00 526.00 525.00 530.00 29.38 1007.50 71.41 0 0 0 17 
14:29:58 6.01 30.69440078 -88.19456481 -99.00 -99.00 57.40 525.00 525.00 525.00 530.00 29.39 1007.51 71.49 0 0 0 17 
14:29:58 6.21 30.69440078 -88.19456481 -99.00 -99.00 57.40 525.00 526.00 524.00 530.00 29.40 1007.55 71.66 0 0 0 17 
14:30:2 6.41 14.00050449 -0.00146830 -99.00 -99.00 0.00 526.00 526.00 521.00 530.00 29.40 1007.52 71.68 0 0 0 17 
14:30:2 6.61 14.00050449 -0.00146830 -99.00 -99.00 0.00 525.00 526.00 525.00 530.00 29.40 1007.53 71.78 0 0 0 17 
14:30:2 6.81 14.00050449 -0.00146830 -99.00 -99.00 0.00 525.00 525.00 525.00 530.00 29.40 1007.53 71.76 0 0 0 17 
14:30:2 7.01 14.00050449 -0.00146830 -99.00 -99.00 0.00 524.00 526.00 525.00 530.00 29.40 1007.57 71.63 0 0 0 17 
14:30:2 7.21 14.00050449 -0.00146830 -99.00 -99.00 0.00 525.00 526.00 525.00 530.00 29.39 1007.56 71.48 0 0 0 17 
14:30:3 7.41 0.00050160 -125.81666564 -99.00 -99.00 0.00 525.00 526.00 524.00 531.00 29.39 1007.52 71.42 0 0 0 17 
14:30:3 7.61 0.00050160 -125.81666564 -99.00 -99.00 0.00 525.00 526.00 525.00 530.00 29.40 1007.54 71.31 0 0 0 17 
14:30:3 7.81 0.00050160 -125.81666564 -99.00 -99.00 0.00 525.00 525.00 524.00 530.00 29.41 1007.56 71.22 0 0 0 17 
14:30:3 8.01 0.00050160 -125.81666564 -99.00 -99.00 0.00 525.00 526.00 525.00 531.00 29.41 1007.53 71.24 0 0 0 17 
14:30:3 8.22 0.00050160 -125.81666564 -99.00 -99.00 0.00 526.00 523.00 524.00 530.00 29.42 1007.55 71.26 0 0 0 17 
14:30:4 8.42 0.00050160 -125.81666564 -99.00 -99.00 0.00 525.00 526.00 524.00 530.00 29.42 1007.56 71.28 0 0 0 17 
14:30:4 8.62 0.00050160 -125.81666564 -99.00 -99.00 0.00 526.00 525.00 525.00 530.00 29.42 1007.57 71.29 0 0 0 17 
14:30:4 8.82 0.00050160 -125.81666564 -99.00 -99.00 0.00 525.00 525.00 525.00 530.00 29.42 1007.49 71.28 0 0 0 17 
14:30:4 9.02 0.00050160 -125.81666564 -99.00 -99.00 0.00 525.00 526.00 525.00 530.00 29.42 1007.53 71.22 0 0 0 17 
14:30:4 9.22 0.00050160 -125.81666564 -99.00 -99.00 0.00 525.00 525.00 525.00 530.00 29.43 1007.52 71.23 0 0 0 17 
14:30:4 9.42 0.00050160 88.00001525 -99.00 -99.00 0.00 525.00 526.00 525.00 530.00 29.42 1007.53 71.26 0 0 0 17 
14:30:4 9.62 0.00050160 88.00001525 -99.00 -99.00 0.00 525.00 526.00 526.00 531.00 29.41 1007.50 71.23 0 0 0 17 
14:30:4 9.82 0.00050160 88.00001525 -99.00 -99.00 0.00 525.00 526.00 525.00 530.00 29.40 1007.57 71.20 0 0 0 17 
14:30:4 10.02 0.00050160 88.00001525 -99.00 -99.00 0.00 525.00 522.00 524.00 530.00 29.40 1007.54 71.25 0 0 0 17 
14:30:4 10.22 0.00050160 88.00001525 -99.00 -99.00 0.00 525.00 525.00 525.00 531.00 29.41 1007.48 71.25 0 0 0 17 
1:43:0 10.43 14.00051021 -0.00146830 -99.00 -99.00 0.00 526.00 525.00 525.00 530.00 29.41 1007.54 71.24 0 0 0 17 
1:43:0 10.63 14.00051021 -0.00146830 -99.00 -99.00 0.00 525.00 526.00 525.00 530.00 29.42 1007.54 71.19 0 0 0 17 
1:43:0 10.83 14.00051021 -0.00146830 -99.00 -99.00 0.00 526.00 526.00 526.00 530.00 29.42 1007.51 71.14 0 0 0 17 
1:43:0 11.03 14.00051021 -0.00146830 -99.00 -99.00 0.00 525.00 526.00 525.00 530.00 29.43 1007.49 71.15 0 0 0 17 
1:43:0 11.23 14.00051021 -0.00146830 -99.00 -99.00 0.00 526.00 525.00 524.00 530.00 29.43 1007.54 71.24 0 0 0 17 
14:30:8 11.43 30.69440078 -88.19456481 -99.00 -99.00 57.30 525.00 525.00 525.00 530.00 29.43 1007.56 71.25 0 0 0 17 
14:30:8 11.63 30.69440078 -88.19456481 -99.00 -99.00 57.30 526.00 526.00 525.00 530.00 29.44 1007.58 71.29 0 0 0 17 
14:30:8 11.83 30.69440078 -88.19456481 -99.00 -99.00 57.30 524.00 524.00 524.00 530.00 29.44 1007.57 71.35 0 0 0 17 
14:30:8 12.03 30.69440078 -88.19456481 -99.00 -99.00 57.30 525.00 525.00 525.00 530.00 29.44 1007.58 71.41 0 0 0 17 
14:30:8 12.23 30.69440078 -88.19456481 -99.00 -99.00 57.30 526.00 526.00 524.00 530.00 29.44 1007.53 71.44 0 0 0 17 
14:30:8 12.43 0.00050160 88.00000000 -99.00 -99.00 0.00 525.00 525.00 525.00 530.00 29.44 1007.56 71.48 0 0 0 17 
14:30:8 12.64 0.00050160 88.00000000 -99.00 -99.00 0.00 526.00 526.00 525.00 530.00 29.44 1007.56 71.66 0 0 0 17 
14:30:8 12.84 0.00050160 88.00000000 -99.00 -99.00 0.00 525.00 526.00 525.00 530.00 29.44 1007.64 71.95 0 0 0 17 
14:30:8 13.04 0.00050160 88.00000000 -99.00 -99.00 0.00 525.00 525.00 525.00 530.00 29.44 1007.58 72.07 0 0 0 17 
14:30:8 13.24 0.00050160 88.00000000 -99.00 -99.00 0.00 526.00 526.00 525.00 530.00 29.44 1007.57 72.23 0 0 0 17 
14:30:8 13.44 0.00050160 88.00195312 -99.00 -99.00 0.00 525.00 526.00 525.00 530.00 29.44 1007.50 72.22 0 0 0 17 
14:30:8 13.64 0.00050160 88.00195312 -99.00 -99.00 0.00 525.00 525.00 525.00 530.00 29.44 1007.57 72.15 0 0 0 17 
14:30:8 13.84 0.00050160 88.00195312 -99.00 -99.00 0.00 526.00 526.00 525.00 530.00 29.44 1007.51 72.01 0 0 0 17 
14:30:8 14.04 0.00050160 88.00195312 -99.00 -99.00 0.00 525.00 526.00 525.00 530.00 29.45 1007.56 71.89 0 0 0 17 
14:30:8 14.24 0.00050160 88.00195312 -99.00 -99.00 0.00 525.00 525.00 525.00 530.00 29.45 1007.54 71.94 0 0 0 17 
14:30:10 14.44 0.00050160 0.00000000 -99.00 -99.00 0.00 525.00 526.00 525.00 530.00 29.45 1007.51 72.01 0 0 0 17 
14:30:10 14.64 0.00050160 0.00000000 -99.00 -99.00 0.00 525.00 525.00 525.00 530.00 29.45 1007.55 71.94 0 0 0 17 
14:30:10 14.84 0.00050160 0.00000000 -99.00 -99.00 0.00 526.00 526.00 525.00 530.00 29.45 1007.57 71.83 0 0 0 17 
14:30:10 15.04 0.00050160 0.00000000 -99.00 -99.00 0.00 525.00 526.00 525.00 530.00 29.45 1007.56 71.76 0 0 0 17 
14:30:10 15.24 0.00050160 0.00000000 -99.00 -99.00 0.00 526.00 526.00 525.00 530.00 29.45 1007.55 71.54 0 0 0 17 
14:30:11 15.45 0.00050160 -88.19454956 -99.00 -99.00 0.00 525.00 526.00 525.00 530.00 29.45 1007.56 71.44 0 0 0 17 
14:30:11 15.65 0.00050160 -88.19454956 -99.00 -99.00 0.00 526.00 526.00 525.00 531.00 29.45 1007.53 71.34 0 0 0 17 
14:30:11 15.85 0.00050160 -88.19454956 -99.00 -99.00 0.00 525.00 526.00 525.00 531.00 29.45 1007.55 71.33 0 0 0 17 
14:30:11 16.05 0.00050160 -88.19454956 -99.00 -99.00 0.00 525.00 525.00 525.00 530.00 29.45 1007.57 71.36 0 0 0 17 
14:30:11 16.25 0.00050160 -88.19454956 -99.00 -99.00 0.00 526.00 526.00 524.00 531.00 29.46 1007.58 71.45 0 0 0 17 
14:30:12 16.45 0.00050160 -88.19454956 -99.00 -99.00 0.00 525.00 526.00 525.00 530.00 29.46 1007.60 71.46 0 0 0 17 
14:30:12 16.65 0.00050160 -88.19454956 -99.00 -99.00 0.00 525.00 525.00 524.00 530.00 29.46 1007.57 71.40 0 0 0 17 
14:30:12 16.85 0.00050160 -88.19454956 -99.00 -99.00 0.00 525.00 525.00 524.00 530.00 29.46 1007.56 71.28 0 0 0 17 
14:30:12 17.05 0.00050160 -88.19454956 -99.00 -99.00 0.00 525.00 526.00 526.00 531.00 29.46 1007.54 71.21 0 0 0 17 
14:30:12 17.26 0.00050160 -88.19454956 -99.00 -99.00 0.00 525.00 526.00 525.00 530.00 29.47 1007.56 71.14 0 0 0 17 
14:30:12 17.46 0.00050160 88.00001525 -99.00 -99.00 0.00 525.00 525.00 526.00 530.00 29.47 1007.48 71.11 0 0 0 17 
14:30:12 17.66 0.00050160 88.00001525 -99.00 -99.00 0.00 526.00 525.00 525.00 531.00 29.48 1007.57 71.15 0 0 0 17 
14:30:12 17.86 0.00050160 88.00001525 -99.00 -99.00 0.00 525.00 525.00 524.00 530.00 29.48 1007.59 71.21 0 0 0 17 
14:30:12 18.06 0.00050160 88.00001525 -99.00 -99.00 0.00 526.00 526.00 522.00 530.00 29.49 1007.55 71.19 0 0 0 17 
14:30:12 18.26 0.00050160 88.00001525 -99.00 -99.00 0.00 526.00 526.00 525.00 531.00 29.48 1007.55 71.04 0 0 0 17 
14:30:14 18.46 30.69440460 -88.19454956 -99.00 -99.00 0.00 525.00 525.00 525.00 531.00 29.48 1007.57 70.99 1 3 0 17 
14:30:14 18.67 30.69440460 -88.19454956 -99.00 -99.00 0.00 525.00 525.00 525.00 530.00 29.48 1007.56 70.87 1 3 0 17 
14:30:14 18.87 30.69440460 -88.19454956 -99.00 -99.00 0.00 526.00 526.00 525.00 530.00 29.48 1007.56 70.71 1 3 0 17 
14:30:14 19.07 30.69440460 -88.19454956 -99.00 -99.00 0.00 524.00 525.00 525.00 530.00 29.48 1007.52 70.60 1 3 0 17 
14:30:15 19.27 0.00050160 -88.19454956 -99.00 -99.00 0.00 525.00 526.00 525.00 530.00 29.48 1007.53 70.56 1 3 0 17 
14:30:15 19.47 0.00050160 -88.19454956 -99.00 -99.00 0.00 525.00 526.00 525.00 530.00 29.48 1007.53 70.59 1 3 0 17 
14:30:15 19.67 0.00050160 -88.19454956 -99.00 -99.00 0.00 525.00 526.00 524.00 530.00 29.48 1007.58 70.60 1 3 0 17 
14:30:15 19.87 0.00050160 -88.19454956 -99.00 -99.00 0.00 524.00 526.00 525.00 530.00 29.48 1007.55 70.63 1 3 0 17 
14:30:15 20.07 0.00050160 -88.19454956 -99.00 -99.00 0.00 525.00 525.00 525.00 530.00 29.49 1007.49 70.67 1 3 0 17 
14:30:16 20.27 30.69440460 -88.19454956 -99.00 -99.00 0.00 525.00 525.00 525.00 531.00 29.50 1007.52 70.72 1 3 0 17 
14:30:16 20.48 30.69440460 -88.19454956 -99.00 -99.00 0.00 525.00 525.00 525.00 530.00 29.50 1007.52 70.74 1 3 0 17 
14:30:16 20.68 30.69440460 -88.19454956 -99.00 -99.00 0.00 526.00 526.00 525.00 530.00 29.50 1007.58 70.77 1 3 0 17 
14:30:16 20.88 30.69440460 -88.19454956 -99.00 -99.00 0.00 525.00 525.00 525.00 531.00 29.49 1007.58 70.80 1 3 0 17 
14:30:16 21.08 30.69440460 -88.19454956 -99.00 -99.00 0.00 525.00 526.00 525.00 530.00 29.48 1007.59 70.84 1 3 0 17 
14:30:18 21.28 30.69440460 -88.19454956 -99.00 -99.00 57.40 525.00 526.00 525.00 530.00 29.48 1007.58 70.93 1 3 0 17 
14:30:18 21.48 30.69440460 -88.19454956 -99.00 -99.00 57.40 525.00 526.00 525.00 530.00 29.48 1007.52 71.01 1 30 3 17 
14:30:18 21.68 30.69440460 -88.19454956 -99.00 -99.00 57.40 526.00 525.00 524.00 531.00 29.48 1007.52 71.15 1 30 3 17 
14:30:18 21.88 30.69440460 -88.19454956 -99.00 -99.00 57.40 526.00 525.00 525.00 530.00 29.48 1007.55 71.31 1 30 3 17 
14:30:18 22.08 30.69440460 -88.19454956 -99.00 -99.00 57.40 525.00 526.00 525.00 530.00 29.49 1007.57 71.46 1 30 3 17 
14:30:19 22.28 30.69440460 -88.19454956 -99.00 -99.00 57.50 525.00 526.00 524.00 530.00 29.50 1007.53 71.62 1 30 3 17 
14:30:19 22.49 30.69440460 -88.19454956 -99.00 -99.00 57.50 525.00 526.00 525.00 530.00 29.50 1007.56 71.72 1 3 0 17 
14:30:19 22.69 30.69440460 -88.19454956 -99.00 -99.00 57.50 525.00 526.00 525.00 530.00 29.49 1007.58 71.73 1 3 0 17 
14:30:19 22.89 30.69440460 -88.19454956 -99.00 -99.00 57.50 525.00 525.00 525.00 530.00 29.50 1007.61 71.81 1 3 0 17 
14:30:19 23.09 30.69440460 -88.19454956 -99.00 -99.00 57.50 526.00 525.00 525.00 530.00 29.50 1007.56 71.84 1 3 0 17 
14:30:20 23.29 30.69440460 -88.19454956 -99.00 -99.00 57.60 525.00 525.00 525.00 530.00 29.50 1007.53 71.90 1 3 0 17 
14:30:20 23.49 30.69440460 -88.19454956 -99.00 -99.00 57.60 525.00 525.00 525.00 530.00 29.50 1007.56 71.95 1 30 3 17 
14:30:20 23.69 30.69440460 -88.19454956 -99.00 -99.00 57.60 525.00 526.00 525.00 530.00 29.49 1007.57 71.98 1 30 3 17 
14:30:20 23.89 30.69440460 -88.19454956 -99.00 -99.00 57.60 525.00 526.00 525.00 530.00 29.48 1007.56 71.99 1 30 3 17 
14:30:20 24.09 30.69440460 -88.19454956 -99.00 -99.00 57.60 525.00 526.00 525.00 531.00 29.48 1007.57 72.06 1 30 3 17 
14:30:20 24.30 30.69440460 -88.19454956 -99.00 -99.00 57.80 525.00 526.00 525.00 531.00 29.48 1007.60 72.23 1 30 3 17 
14:30:20 24.50 30.69440460 -88.19454956 -99.00 -99.00 57.80 526.00 526.00 525.00 530.00 29.48 1007.61 72.37 1 3 0 17 
14:30:20 24.70 30.69440460 -88.19454956 -99.00 -99.00 57.80 525.00 526.00 525.00 530.00 29.47 1007.59 72.42 1 3 0 17 
14:30:20 24.90 30.69440460 -88.19454956 -99.00 -99.00 57.80 525.00 525.00 524.00 530.00 29.46 1007.56 72.48 1 3 0 17 
14:30:20 25.10 30.69440460 -88.19454956 -99.00 -99.00 57.80 525.00 526.00 525.00 530.00 29.46 1007.60 72.49 1 3 0 17 
14:30:22 25.30 30.69440460 -88.19454956 -99.00 -99.00 57.90 525.00 526.00 525.00 531.00 29.45 1007.58 72.48 1 3 0 17 
14:30:22 25.50 30.69440460 -88.19454956 -99.00 -99.00 57.90 526.00 526.00 525.00 530.00 29.45 1007.55 72.50 1 3 0 17 
14:30:22 25.70 30.69440460 -88.19454956 -99.00 -99.00 57.90 525.00 526.00 525.00 530.00 29.45 1007.57 72.57 1 3 0 17 
14:30:22 25.90 30.69440460 -88.19454956 -99.00 -99.00 57.90 525.00 526.00 525.00 530.00 29.45 1007.57 72.65 1 3 0 17 
14:30:22 26.11 30.69440460 -88.19454956 -99.00 -99.00 57.90 526.00 526.00 525.00 530.00 29.46 1007.57 72.81 1 3 0 17 
14:30:23 26.31 30.69440460 -88.19454956 -99.00 -99.00 58.10 525.00 525.00 525.00 530.00 29.46 1007.60 72.88 1 3 0 17 
14:30:23 26.51 30.69440460 -88.19454956 -99.00 -99.00 58.10 525.00 525.00 525.00 530.00 29.46 1007.56 72.91 1 3 0 17 
14:30:23 26.71 30.69440460 -88.19454956 -99.00 -99.00 58.10 526.00 526.00 525.00 530.00 29.46 1007.54 72.91 1 3 0 17 
14:30:23 26.91 30.69440460 -88.19454956 -99.00 -99.00 58.10 525.00 526.00 524.00 530.00 29.46 1007.60 72.99 1 3 0 17 
14:30:23 27.11 30.69440460 -88.19454956 -99.00 -99.00 58.10 525.00 526.00 525.00 530.00 29.46 1007.58 73.04 1 3 0 17 
14:30:24 27.31 30.69440460 -88.19454956 -99.00 -99.00 58.10 525.00 526.00 525.00 530.00 29.46 1007.53 73.14 1 3 0 17 
14:30:24 27.51 30.69440460 -88.19454956 -99.00 -99.00 58.10 525.00 526.00 525.00 530.00 29.47 1007.57 73.25 1 3 0 17 
14:30:24 27.71 30.69440460 -88.19454956 -99.00 -99.00 58.10 524.00 526.00 525.00 530.00 29.48 1007.55 73.33 1 3 0 17 
14:30:24 27.92 30.69440460 -88.19454956 -99.00 -99.00 58.10 526.00 526.00 523.00 530.00 29.49 1007.51 73.42 1 3 0 17 
14:30:24 28.12 30.69440460 -88.19454956 -99.00 -99.00 58.10 526.00 526.00 525.00 530.00 29.49 1007.53 73.47 1 3 0 17 
14:30:24 28.32 30.69440460 -88.19454956 -99.00 -99.00 58.10 525.00 526.00 525.00 530.00 29.49 1007.55 73.47 1 3 0 17 
14:30:24 28.52 30.69440460 -88.19454956 -99.00 -99.00 58.10 526.00 526.00 525.00 530.00 29.49 1007.57 73.47 1 3 0 17 
14:30:24 28.72 30.69440460 -88.19454956 -99.00 -99.00 58.10 525.00 526.00 525.00 530.00 29.50 1007.56 73.52 1 3 0 17 
14:30:24 28.92 30.69440460 -88.19454956 -99.00 -99.00 58.10 524.00 527.00 525.00 530.00 29.50 1007.59 73.52 1 3 0 17 
14:30:24 29.12 30.69440460 -88.19454956 -99.00 -99.00 58.10 525.00 526.00 525.00 530.00 29.50 1007.58 73.50 1 3 0 17 
14:30:26 29.32 30.69440460 -88.19454956 -99.00 -99.00 58.00 525.00 526.00 525.00 530.00 29.50 1007.55 73.47 1 3 0 17 
14:30:26 29.53 30.69440460 -88.19454956 -99.00 -99.00 58.00 526.00 526.00 524.00 530.00 29.50 1007.53 73.40 1 3 0 17 
14:30:26 29.73 30.69440460 -88.19454956 -99.00 -99.00 58.00 525.00 526.00 525.00 530.00 29.50 1007.54 73.40 1 3 0 17 
14:30:26 29.93 30.69440460 -88.19454956 -99.00 -99.00 58.00 525.00 526.00 525.00 530.00 29.50 1007.58 73.40 1 3 0 17 
14:30:26 30.13 30.69440460 -88.19454956 -99.00 -99.00 58.00 525.00 526.00 525.00 530.00 29.50 1007.54 73.34 1 3 0 17 
14:30:27 30.33 30.69440460 -88.19454956 -99.00 -99.00 58.00 525.00 526.00 524.00 530.00 29.50 1007.57 73.34 1 3 0 17 
14:30:27 30.53 30.69440460 -88.19454956 -99.00 -99.00 58.00 525.00 526.00 525.00 530.00 29.50 1007.56 73.31 1 3 0 17 
14:30:27 30.73 30.69440460 -88.19454956 -99.00 -99.00 58.00 525.00 526.00 525.00 530.00 29.50 1007.56 73.09 1 3 0 17 
14:30:27 30.93 30.69440460 -88.19454956 -99.00 -99.00 58.00 525.00 525.00 525.00 530.00 29.50 1007.57 72.81 1 3 0 17 
14:30:27 31.13 30.69440460 -88.19454956 -99.00 -99.00 58.00 525.00 526.00 525.00 531.00 29.49 1007.56 72.66 1 3 0 17 
14:30:28 31.34 30.69440460 -88.19454956 -99.00 -99.00 58.00 526.00 526.00 525.00 530.00 29.49 1007.55 72.46 1 3 0 17 
14:30:28 31.54 30.69440460 -88.19454956 -99.00 -99.00 58.00 525.00 525.00 525.00 531.00 29.48 1007.58 72.32 1 3 0 17 
14:30:28 31.74 30.69440460 -88.19454956 -99.00 -99.00 58.00 526.00 526.00 525.00 530.00 29.49 1007.60 72.30 1 3 0 17 
14:30:28 31.94 30.69440460 -88.19454956 -99.00 -99.00 58.00 525.00 525.00 525.00 530.00 29.48 1007.58 72.20 1 3 0 17 
14:30:28 32.14 30.69440460 -88.19454956 -99.00 -99.00 58.00 525.00 526.00 525.00 530.00 29.49 1007.55 71.98 1 3 0 17 
14:30:28 32.34 30.69440460 -88.19454956 -99.00 -99.00 58.00 525.00 526.00 525.00 530.00 29.49 1007.52 71.94 1 3 0 17 
14:30:28 32.54 30.69440460 -88.19454956 -99.00 -99.00 58.00 525.00 526.00 525.00 530.00 29.49 1007.55 71.94 1 3 0 17 
14:30:28 32.74 30.69440460 -88.19454956 -99.00 -99.00 58.00 525.00 526.00 525.00 530.00 29.50 1007.57 71.74 1 3 0 17 
14:30:28 32.95 30.69440460 -88.19454956 -99.00 -99.00 58.00 524.00 526.00 525.00 530.00 29.50 1007.57 71.48 1 3 0 17 
14:30:28 33.15 30.69440460 -88.19454956 -99.00 -99.00 58.00 525.00 525.00 525.00 530.00 29.50 1007.57 71.35 1 3 0 17 
14:30:30 33.35 30.69440460 -88.19454956 -99.00 -99.00 58.00 525.00 525.00 525.00 530.00 29.50 1007.58 71.47 1 3 0 17 
14:30:30 33.55 30.69440460 -88.19454956 -99.00 -99.00 58.00 525.00 526.00 525.00 531.00 29.50 1007.53 71.62 1 3 0 17 
14:30:30 33.75 30.69440460 -88.19454956 -99.00 -99.00 58.00 525.00 526.00 525.00 531.00 29.50 1007.55 71.84 1 3 0 17 
14:30:30 33.95 30.69440460 -88.19454956 -99.00 -99.00 58.00 525.00 525.00 524.00 530.00 29.50 1007.57 72.21 1 3 0 17 
14:30:30 34.15 30.69440460 -88.19454956 -99.00 -99.00 58.00 526.00 526.00 525.00 530.00 29.50 1007.54 72.65 1 3 0 17 
14:30:31 34.35 30.69440460 -88.19454956 -99.00 -99.00 58.00 525.00 526.00 525.00 531.00 29.50 1007.57 72.91 1 3 0 17 
14:30:31 34.55 30.69440460 -88.19454956 -99.00 -99.00 58.00 526.00 525.00 525.00 530.00 29.50 1007.57 73.04 1 3 0 17 
14:30:31 34.76 30.69440460 -88.19454956 -99.00 -99.00 58.00 525.00 526.00 525.00 531.00 29.51 1007.56 73.08 1 3 0 17 
14:30:31 34.96 30.69440460 -88.19454956 -99.00 -99.00 58.00 525.00 526.00 525.00 530.00 29.51 1007.56 73.12 1 3 0 17 
14:30:31 35.16 30.69440460 -88.19454956 -99.00 -99.00 58.00 525.00 525.00 525.00 530.00 29.50 1007.54 73.03 1 3 0 17 
14:30:32 35.36 30.69440460 -88.19454956 -99.00 -99.00 58.00 526.00 526.00 525.00 530.00 29.51 1007.55 72.63 1 3 0 17 
14:30:32 35.56 30.69440460 -88.19454956 -99.00 -99.00 58.00 522.00 525.00 524.00 530.00 29.50 1007.60 72.42 1 3 0 17 
14:30:32 35.76 30.69440460 -88.19454956 -99.00 -99.00 58.00 525.00 526.00 525.00 530.00 29.50 1007.58 72.24 1 3 0 17 
14:30:32 35.96 30.69440460 -88.19454956 -99.00 -99.00 58.00 525.00 526.00 525.00 531.00 29.50 1007.58 71.86 1 3 0 17 
14:30:32 36.16 30.69440460 -88.19454956 -99.00 -99.00 58.00 525.00 526.00 525.00 531.00 29.50 1007.54 71.83 1 3 0 17 
14:30:32 36.36 30.69440460 -88.19454956 -99.00 -99.00 58.00 526.00 525.00 525.00 530.00 29.51 1007.56 72.08 1 3 0 17 
14:30:32 36.57 30.69440460 -88.19454956 -99.00 -99.00 58.00 525.00 526.00 526.00 530.00 29.50 1007.56 72.15 1 3 0 17 
14:30:32 36.77 30.69440460 -88.19454956 -99.00 -99.00 58.00 525.00 526.00 525.00 530.00 29.49 1007.53 72.20 1 3 0 17 
14:30:32 36.97 30.69440460 -88.19454956 -99.00 -99.00 58.00 525.00 525.00 525.00 529.00 29.49 1007.57 72.35 1 3 0 17 
14:30:32 37.17 30.69440460 -88.19454956 -99.00 -99.00 58.00 525.00 526.00 525.00 530.00 29.49 1007.62 72.15 1 3 0 17 
14:30:32 37.37 30.69440460 -88.19454956 -99.00 -99.00 58.00 525.00 526.00 525.00 530.00 29.49 1007.55 72.02 1 3 0 17 
14:30:32 37.57 30.69440460 -88.19454956 -99.00 -99.00 58.00 525.00 525.00 525.00 530.00 29.49 1007.52 71.73 1 3 0 17 
14:30:32 37.77 30.69440460 -88.19454956 -99.00 -99.00 58.00 525.00 526.00 526.00 530.00 29.48 1007.52 71.38 1 3 0 17 
14:30:32 37.97 30.69440460 -88.19454956 -99.00 -99.00 58.00 525.00 526.00 525.00 530.00 29.49 1007.51 71.08 1 3 0 17 
14:30:32 38.18 30.69440460 -88.19454956 -99.00 -99.00 58.00 525.00 526.00 525.00 530.00 29.49 1007.55 70.65 1 3 0 17 
14:30:32 38.38 30.69440460 -88.19454956 -99.00 -99.00 58.00 526.00 526.00 525.00 530.00 29.49 1007.55 70.57 1 3 0 17 
14:30:32 38.58 30.69440460 -88.19454956 -99.00 -99.00 58.00 525.00 525.00 525.00 531.00 29.48 1007.58 70.71 1 3 0 17 
14:30:32 38.78 30.69440460 -88.19454956 -99.00 -99.00 58.00 526.00 525.00 525.00 530.00 29.48 1007.53 70.70 1 3 0 17 
14:30:32 38.98 30.69440460 -88.19454956 -99.00 -99.00 58.00 525.00 526.00 525.00 530.00 29.48 1007.54 70.65 1 3 0 17 
14:30:32 39.18 30.69440460 -88.19454956 -99.00 -99.00 58.00 525.00 525.00 525.00 530.00 29.48 1007.51 70.53 1 3 0 17 
14:30:32 39.38 30.69440460 -88.19454956 -99.00 -99.00 58.00 524.00 525.00 525.00 530.00 29.49 1007.56 70.51 1 3 0 17 
14:30:32 39.58 30.69440460 -88.19454956 -99.00 -99.00 58.00 525.00 526.00 525.00 530.00 29.49 1007.52 70.55 1 3 0 17 
14:30:32 39.78 30.69440460 -88.19454956 -99.00 -99.00 58.00 525.00 525.00 525.00 531.00 29.49 1007.58 70.78 1 3 0 17 
14:30:32 39.99 30.69440460 -88.19454956 -99.00 -99.00 58.00 525.00 526.00 525.00 530.00 29.49 1007.53 70.83 1 3 0 17 
14:30:32 40.19 30.69440460 -88.19454956 -99.00 -99.00 58.00 526.00 526.00 525.00 531.00 29.50 1007.54 70.93 1 3 0 17 
14:30:32 40.39 30.69440460 -88.19454956 -99.00 -99.00 58.00 525.00 525.00 525.00 531.00 29.50 1007.54 70.93 1 3 0 17 
14:30:32 40.59 30.69440460 -88.19454956 -99.00 -99.00 58.00 525.00 526.00 525.00 530.00 29.50 1007.56 71.20 1 3 0 17 
14:30:32 40.79 30.69440460 -88.19454956 -99.00 -99.00 58.00 523.00 525.00 526.00 531.00 29.51 1007.55 71.42 1 3 0 17 
14:30:32 40.99 30.69440460 -88.19454956 -99.00 -99.00 58.00 525.00 526.00 525.00 530.00 29.51 1007.61 71.56 1 3 0 17 
14:30:32 41.19 30.69440460 -88.19454956 -99.00 -99.00 58.00 526.00 526.00 525.00 530.00 29.50 1007.57 71.31 1 3 0 17 
14:30:32 41.39 30.69440460 -88.19454956 -99.00 -99.00 58.00 526.00 526.00 525.00 530.00 29.49 1007.54 71.23 1 3 0 17 
14:30:32 41.60 30.69440460 -88.19454956 -99.00 -99.00 58.00 525.00 526.00 525.00 531.00 29.48 1007.52 71.02 1 3 0 17 
14:30:32 41.80 30.69440460 -88.19454956 -99.00 -99.00 58.00 526.00 525.00 525.00 530.00 29.48 1007.54 70.93 1 3 0 17 
14:30:32 42.00 30.69440460 -88.19454956 -99.00 -99.00 58.00 525.00 526.00 525.00 530.00 29.48 1007.59 70.90 1 3 0 17 
14:30:32 42.20 30.69440460 -88.19454956 -99.00 -99.00 58.00 526.00 525.00 525.00 530.00 29.48 1007.53 70.79 1 3 0 17 
14:30:32 42.40 30.69440460 -88.19454956 -99.00 -99.00 58.00 525.00 525.00 525.00 530.00 29.48 1007.52 70.74 1 3 0 17 
14:30:32 42.60 30.69440460 -88.19454956 -99.00 -99.00 58.00 525.00 526.00 525.00 531.00 29.48 1007.58 70.68 1 3 0 17 
14:30:32 42.80 30.69440460 -88.19454956 -99.00 -99.00 58.00 525.00 525.00 525.00 531.00 29.47 1007.56 70.68 1 3 0 17 
14:30:32 43.00 30.69440460 -88.19454956 -99.00 -99.00 58.00 525.00 526.00 525.00 530.00 29.44 1007.55 70.57 1 3 0 17 
14:30:32 43.21 30.69440460 -88.19454956 -99.00 -99.00 58.00 526.00 526.00 525.00 530.00 29.42 1007.58 70.42 1 3 0 17 
14:30:34 43.41 30.69440460 -88.19454956 -99.00 -99.00 58.00 525.00 523.00 524.00 530.00 29.41 1007.57 70.37 1 3 0 17 
14:30:34 43.61 30.69440460 -88.19454956 -99.00 -99.00 58.00 525.00 526.00 525.00 530.00 29.39 1007.53 70.33 1 3 0 17 
14:30:34 43.81 30.69440460 -88.19454956 -99.00 -99.00 58.00 525.00 526.00 525.00 530.00 29.38 1007.53 70.17 1 3 0 17 
14:30:34 44.01 30.69440460 -88.19454956 -99.00 -99.00 58.00 525.00 526.00 525.00 530.00 29.35 1007.57 69.93 1 3 0 17 
14:30:34 44.21 30.69440460 -88.19454956 -99.00 -99.00 58.00 525.00 526.00 525.00 531.00 29.32 1007.58 69.68 1 3 0 17 
14:30:40 44.41 30.69440460 -88.19454956 -99.00 -99.00 57.00 526.00 526.00 525.00 530.00 29.31 1007.55 69.62 1 3 0 17 
14:30:40 44.61 30.69440460 -88.19454956 -99.00 -99.00 57.00 525.00 525.00 525.00 531.00 29.30 1007.57 69.50 1 3 0 17 
14:30:40 44.81 30.69440460 -88.19454956 -99.00 -99.00 57.00 525.00 526.00 525.00 530.00 29.29 1007.53 69.40 1 3 0 17 
14:30:40 45.02 30.69440460 -88.19454956 -99.00 -99.00 57.00 525.00 525.00 525.00 530.00 29.29 1007.54 69.28 1 3 0 17 
14:30:40 45.22 30.69440460 -88.19454956 -99.00 -99.00 57.00 525.00 526.00 525.00 530.00 29.32 1007.57 69.11 1 3 0 17 
14:30:42 45.42 30.69440460 -88.19454956 -99.00 -99.00 57.80 525.00 525.00 525.00 530.00 29.32 1007.58 69.08 1 3 0 17 
14:30:42 45.62 30.69440460 -88.19454956 -99.00 -99.00 57.80 526.00 526.00 525.00 530.00 29.33 1007.57 68.97 1 3 0 17 
14:30:42 45.82 30.69440460 -88.19454956 -99.00 -99.00 57.80 525.00 526.00 525.00 531.00 29.34 1007.52 68.89 1 3 0 17 
14:30:42 46.02 30.69440460 -88.19454956 -99.00 -99.00 57.80 525.00 522.00 524.00 530.00 29.35 1007.57 68.81 1 3 0 17 
14:30:42 46.22 30.69440460 -88.19454956 -99.00 -99.00 57.80 526.00 526.00 525.00 530.00 29.35 1007.55 68.75 1 3 0 17 
0:0:0 46.42 14.00050449 -0.00146830 -99.00 -99.00 57.00 525.00 525.00 525.00 530.00 29.35 1007.55 68.74 1 3 0 17 
0:0:0 46.63 14.00050449 -0.00146830 -99.00 -99.00 57.00 525.00 526.00 526.00 531.00 29.36 1007.58 68.73 1 3 0 17 
0:0:0 46.83 14.00050449 -0.00146830 -99.00 -99.00 57.00 525.00 526.00 526.00 531.00 29.36 1007.52 68.75 1 3 0 17 
0:0:0 47.03 14.00050449 -0.00146830 -99.00 -99.00 57.00 524.00 525.00 525.00 530.00 29.36 1007.55 68.78 1 3 0 17 
0:0:0 47.23 14.00050449 -0.00146830 -99.00 -99.00 57.00 526.00 526.00 525.00 530.00 29.38 1007.56 68.88 1 3 0 17 
14:30:44 47.43 30.69440460 -88.19454956 -99.00 -99.00 57.80 525.00 525.00 525.00 530.00 29.38 1007.54 68.88 1 3 0 17 
14:30:44 47.63 30.69440460 -88.19454956 -99.00 -99.00 57.80 526.00 526.00 525.00 530.00 29.38 1007.52 68.86 1 3 0 17 
14:30:44 47.83 30.69440460 -88.19454956 -99.00 -99.00 57.80 525.00 525.00 524.00 530.00 29.38 1007.56 68.87 1 3 0 17 
14:30:44 48.03 30.69440460 -88.19454956 -99.00 -99.00 57.80 525.00 525.00 524.00 530.00 29.38 1007.52 68.91 1 3 0 17 
14:30:44 48.24 30.69440460 -88.19454956 -99.00 -99.00 57.80 525.00 525.00 525.00 531.00 29.38 1007.58 68.94 1 3 0 17 
14:30:44 48.44 0.00050160 88.00001525 -99.00 -99.00 0.00 525.00 525.00 525.00 530.00 29.39 1007.55 68.98 1 3 0 17 
14:30:44 48.64 0.00050160 88.00001525 -99.00 -99.00 0.00 525.00 525.00 525.00 531.00 29.40 1007.59 69.02 1 3 0 17 
14:30:44 48.84 0.00050160 88.00001525 -99.00 -99.00 0.00 525.00 526.00 525.00 530.00 29.40 1007.52 69.02 1 3 0 17 
14:30:44 49.04 0.00050160 88.00001525 -99.00 -99.00 0.00 525.00 525.00 525.00 530.00 29.40 1007.53 68.95 1 3 0 17 
14:30:44 49.24 0.00050160 88.00001525 -99.00 -99.00 0.00 525.00 526.00 525.00 531.00 29.40 1007.62 68.87 1 3 0 17 
14:30:44 49.44 0.00050160 143.00000000 -99.00 -99.00 0.00 525.00 525.00 525.00 531.00 29.39 1007.55 68.84 1 3 0 17 
14:30:44 49.64 0.00050160 143.00000000 -99.00 -99.00 0.00 525.00 526.00 525.00 531.00 29.39 1007.52 68.83 1 3 0 17 
14:30:44 49.84 0.00050160 143.00000000 -99.00 -99.00 0.00 525.00 526.00 526.00 531.00 29.39 1007.54 68.82 1 3 0 17 
14:30:44 50.04 0.00050160 143.00000000 -99.00 -99.00 0.00 525.00 526.00 525.00 530.00 29.40 1007.51 68.81 1 3 0 17 
14:30:44 50.25 0.00050160 143.00000000 -99.00 -99.00 0.00 526.00 526.00 525.00 531.00 29.40 1007.55 68.84 1 3 0 17 
14:30:46 50.45 0.00050160 88.00001525 -99.00 -99.00 0.00 525.00 526.00 526.00 527.00 29.40 1007.52 68.85 1 3 0 17 
14:30:46 50.65 0.00050160 88.00001525 -99.00 -99.00 0.00 525.00 525.00 525.00 530.00 29.41 1007.56 68.92 1 3 0 17 
14:30:46 50.85 0.00050160 88.00001525 -99.00 -99.00 0.00 525.00 526.00 525.00 530.00 29.42 1007.55 69.02 1 3 0 17 
14:30:46 51.05 0.00050160 88.00001525 -99.00 -99.00 0.00 525.00 526.00 525.00 531.00 29.42 1007.57 69.21 1 3 0 17 
14:30:46 51.25 0.00050160 88.00001525 -99.00 -99.00 0.00 526.00 526.00 526.00 531.00 29.43 1007.57 69.36 1 3 0 17 
14:30:47 51.45 0.00050160 88.01944732 -99.00 -99.00 0.00 525.00 526.00 525.00 530.00 29.43 1007.57 69.36 1 3 0 17 
14:30:47 51.65 0.00050160 88.01944732 -99.00 -99.00 0.00 525.00 526.00 525.00 530.00 29.43 1007.61 69.41 1 3 0 17 
14:30:47 51.85 0.00050160 88.01944732 -99.00 -99.00 0.00 525.00 525.00 525.00 530.00 29.43 1007.56 69.61 1 3 0 17 
14:30:47 52.05 0.00050160 88.01944732 -99.00 -99.00 0.00 525.00 526.00 525.00 530.00 29.44 1007.60 69.78 1 3 0 17 
14:30:47 52.26 0.00050160 88.01944732 -99.00 -99.00 0.00 526.00 523.00 525.00 530.00 29.43 1007.59 69.96 1 3 0 17 
14:30:48 52.46 0.00050160 -88.19454956 -99.00 -99.00 0.00 525.00 526.00 525.00 530.00 29.43 1007.56 69.97 1 3 0 17 
14:30:48 52.66 0.00050160 -88.19454956 -99.00 -99.00 0.00 525.00 526.00 525.00 530.00 29.43 1007.58 70.00 1 3 0 17 
14:30:48 52.86 0.00050160 -88.19454956 -99.00 -99.00 0.00 525.00 525.00 525.00 530.00 29.42 1007.54 69.99 1 3 0 17 
14:30:48 53.06 0.00050160 -88.19454956 -99.00 -99.00 0.00 525.00 525.00 525.00 530.00 29.42 1007.54 69.94 1 3 0 17 
14:30:48 53.26 0.00050160 -88.19454956 -99.00 -99.00 0.00 525.00 525.00 524.00 530.00 29.42 1007.58 69.93 1 3 0 17 
14:30:48 53.46 0.00050160 -125.81666564 -99.00 -99.00 0.00 525.00 526.00 525.00 530.00 29.41 1007.56 69.95 1 3 0 17 
14:30:48 53.66 0.00050160 -125.81666564 -99.00 -99.00 0.00 526.00 525.00 525.00 531.00 29.41 1007.58 69.92 1 3 0 17 
14:30:48 53.87 0.00050160 -125.81666564 -99.00 -99.00 0.00 525.00 525.00 525.00 530.00 29.41 1007.57 69.89 1 3 0 17 
14:30:48 54.07 0.00050160 -125.81666564 -99.00 -99.00 0.00 525.00 526.00 525.00 531.00 29.41 1007.56 69.79 1 3 0 17 
14:30:50 54.28 30.69440841 -88.19454956 -99.00 -99.00 0.00 527.00 526.00 525.00 530.00 29.40 1007.54 69.69 1 0 0 17 
14:30:50 54.48 30.69440841 -88.19454956 -99.00 -99.00 0.00 525.00 526.00 525.00 530.00 29.41 1007.60 69.64 1 0 0 17 
14:30:50 54.68 30.69440841 -88.19454956 -99.00 -99.00 0.00 525.00 525.00 525.00 530.00 29.41 1007.55 69.58 1 0 0 17 
14:30:50 54.88 30.69440841 -88.19454956 -99.00 -99.00 0.00 525.00 526.00 525.00 530.00 29.41 1007.58 69.60 1 0 0 17 
14:30:50 55.09 30.69440841 -88.19454956 -99.00 -99.00 0.00 525.00 526.00 525.00 530.00 29.41 1007.55 69.70 1 0 0 17 
14:30:51 55.30 30.69440841 -88.19454956 -99.00 -99.00 0.00 525.00 527.00 525.00 530.00 29.41 1007.60 69.86 1 3 0 17 
14:30:51 55.50 30.69440841 -88.19454956 -99.00 -99.00 0.00 525.00 526.00 524.00 530.00 29.41 1007.57 69.92 1 3 0 17 
14:30:51 55.70 30.69440841 -88.19454956 -99.00 -99.00 0.00 525.00 526.00 526.00 530.00 29.40 1007.57 70.02 1 3 0 17 
