18:57:1 0.33 0.00000000 0.00000000 0.00 0.00 0.00 511.00 510.00 530.00 517.00 9 1 80 
18:57:1 0.53 0.00000000 0.00000000 0.00 0.00 0.00 511.00 510.00 532.00 517.00 9 1 80 
18:57:1 0.73 0.00000000 0.00000000 0.00 0.00 0.00 511.00 509.00 532.00 517.00 9 1 80 
18:57:1 0.93 0.00000000 0.00000000 0.00 0.00 0.00 511.00 509.00 531.00 517.00 9 1 80 
18:57:1 1.13 0.00000000 0.00000000 0.00 0.00 0.00 511.00 509.00 532.00 517.00 9 1 80 
18:57:2 1.33 0.00000000 0.00000000 0.00 0.00 0.00 511.00 509.00 531.00 521.00 9 1 80 
18:57:2 1.53 0.00000000 0.00000000 0.00 0.00 0.00 509.00 507.00 527.00 514.00 9 1 80 
18:57:2 1.73 0.00000000 0.00000000 0.00 0.00 0.00 509.00 507.00 526.00 513.00 9 1 80 
18:57:2 1.93 0.00000000 0.00000000 0.00 0.00 0.00 509.00 507.00 524.00 516.00 9 1 80 
18:57:2 2.14 0.00000000 0.00000000 0.00 0.00 0.00 509.00 506.00 522.00 517.00 9 1 80 
18:57:3 2.34 0.00000000 0.00000000 0.00 0.00 0.00 510.00 507.00 522.00 522.00 9 1 80 
18:57:3 2.54 0.00000000 0.00000000 0.00 0.00 0.00 509.00 507.00 521.00 521.00 9 1 80 
18:57:3 2.74 0.00000000 0.00000000 0.00 0.00 0.00 510.00 507.00 521.00 521.00 9 1 80 
18:57:3 2.94 0.00000000 0.00000000 0.00 0.00 0.00 509.00 507.00 521.00 522.00 9 1 80 
18:57:3 3.14 0.00000000 0.00000000 0.00 0.00 0.00 509.00 506.00 521.00 521.00 9 1 80 
18:57:4 3.34 0.00000000 0.00000000 0.00 0.00 0.00 509.00 507.00 521.00 521.00 9 1 80 
18:57:4 3.54 0.00000000 0.00000000 0.00 0.00 0.00 510.00 507.00 521.00 520.00 9 1 80 
18:57:4 3.74 0.00000000 0.00000000 0.00 0.00 0.00 513.00 508.00 524.00 502.00 9 1 80 
18:57:4 3.94 0.00000000 0.00000000 0.00 0.00 0.00 512.00 509.00 524.00 518.00 9 1 80 
18:57:4 4.15 0.00000000 0.00000000 0.00 0.00 0.00 512.00 509.00 524.00 513.00 9 1 80 
18:57:5 4.35 0.00000000 0.00000000 0.00 0.00 0.00 512.00 508.00 523.00 508.00 9 1 80 
