0:0:0 0.34 0.00000000 0.00000000 0.00 0.00 0.00 521.00 512.00 402.00 407.00 0 0 0 
0:2:20 0.54 0.00000000 0.00000000 0.00 0.00 0.00 521.00 512.00 425.00 414.00 0 0 0 
0:2:20 0.74 0.00000000 0.00000000 0.00 0.00 0.00 521.00 512.00 444.00 425.00 6 1 80 
0:2:20 0.94 0.00000000 0.00000000 0.00 0.00 0.00 521.00 512.00 452.00 433.00 6 1 80 
0:2:20 1.14 0.00000000 0.00000000 0.00 0.00 0.00 521.00 512.00 458.00 440.00 6 1 80 
0:2:20 1.35 0.00000000 0.00000000 0.00 0.00 0.00 521.00 512.00 461.00 445.00 6 1 80 
0:2:21 1.55 0.00000000 0.00000000 0.00 0.00 0.00 521.00 512.00 461.00 447.00 6 1 80 
0:2:21 1.75 0.00000000 0.00000000 0.00 0.00 0.00 521.00 512.00 465.00 451.00 6 1 80 
0:2:21 1.95 0.00000000 0.00000000 0.00 0.00 0.00 522.00 512.00 466.00 453.00 6 1 80 
0:2:21 2.15 0.00000000 0.00000000 0.00 0.00 0.00 521.00 512.00 466.00 454.00 6 1 80 
0:2:21 2.35 0.00000000 0.00000000 0.00 0.00 0.00 521.00 512.00 466.00 454.00 6 1 80 
0:2:22 2.55 0.00000000 0.00000000 0.00 0.00 0.00 521.00 512.00 464.00 453.00 6 1 80 
0:2:22 2.75 0.00000000 0.00000000 0.00 0.00 0.00 521.00 512.00 465.00 454.00 6 1 80 
0:2:22 2.95 0.00000000 0.00000000 0.00 0.00 0.00 521.00 512.00 465.00 454.00 6 1 80 
0:2:22 3.16 0.00000000 0.00000000 0.00 0.00 0.00 521.00 512.00 465.00 454.00 6 1 80 
0:2:22 3.36 0.00000000 0.00000000 0.00 0.00 0.00 521.00 511.00 465.00 455.00 6 1 80 
0:2:23 3.56 0.00000000 0.00000000 0.00 0.00 0.00 521.00 511.00 463.00 453.00 6 1 80 
0:2:23 3.76 0.00000000 0.00000000 0.00 0.00 0.00 521.00 512.00 465.00 455.00 6 1 80 
0:2:23 3.96 0.00000000 0.00000000 0.00 0.00 0.00 521.00 512.00 465.00 455.00 6 1 80 
0:2:23 4.16 0.00000000 0.00000000 0.00 0.00 0.00 521.00 511.00 464.00 455.00 6 1 80 
0:2:23 4.36 0.00000000 0.00000000 0.00 0.00 0.00 521.00 512.00 464.00 455.00 6 1 80 
0:2:24 4.56 0.00000000 0.00000000 0.00 0.00 0.00 520.00 511.00 462.00 453.00 6 1 80 
0:2:24 4.76 0.00000000 0.00000000 0.00 0.00 0.00 521.00 511.00 465.00 455.00 6 1 80 
0:2:24 4.96 0.00000000 0.00000000 0.00 0.00 0.00 521.00 511.00 465.00 455.00 6 1 80 
0:2:24 5.16 0.00000000 0.00000000 0.00 0.00 0.00 521.00 512.00 464.00 454.00 6 1 80 
0:2:24 5.36 0.00000000 0.00000000 0.00 0.00 0.00 521.00 511.00 464.00 454.00 6 1 80 
0:2:25 5.57 0.00000000 0.00000000 0.00 0.00 0.00 521.00 511.00 462.00 452.00 6 1 80 
0:2:25 5.77 0.00000000 0.00000000 0.00 0.00 0.00 521.00 511.00 465.00 454.00 6 1 80 
0:2:25 5.97 0.00000000 0.00000000 0.00 0.00 0.00 521.00 512.00 464.00 454.00 6 1 80 
0:2:25 6.17 0.00000000 0.00000000 0.00 0.00 0.00 521.00 511.00 464.00 454.00 6 1 80 
0:2:25 6.37 0.00000000 0.00000000 0.00 0.00 0.00 521.00 511.00 462.00 452.00 6 1 80 
0:2:26 6.57 0.00000000 0.00000000 0.00 0.00 0.00 521.00 512.00 459.00 451.00 6 1 80 
0:2:26 6.77 0.00000000 0.00000000 0.00 0.00 0.00 521.00 511.00 461.00 451.00 6 1 80 
0:2:26 6.97 0.00000000 0.00000000 0.00 0.00 0.00 521.00 511.00 459.00 450.00 6 1 80 
0:2:26 7.17 0.00000000 0.00000000 0.00 0.00 0.00 521.00 512.00 458.00 449.00 6 1 80 
0:2:26 7.37 0.00000000 0.00000000 0.00 0.00 0.00 521.00 512.00 457.00 448.00 6 1 80 
0:2:27 7.57 0.00000000 0.00000000 0.00 0.00 0.00 521.00 511.00 457.00 448.00 6 1 80 
0:2:27 7.77 0.00000000 0.00000000 0.00 0.00 0.00 521.00 512.00 459.00 449.00 6 1 80 
0:2:27 7.97 0.00000000 0.00000000 0.00 0.00 0.00 521.00 511.00 459.00 449.00 6 1 80 
0:2:27 8.17 0.00000000 0.00000000 0.00 0.00 0.00 521.00 512.00 459.00 449.00 6 1 80 
0:2:27 8.38 0.00000000 0.00000000 0.00 0.00 0.00 521.00 511.00 459.00 449.00 6 1 80 
0:2:28 8.58 0.00000000 0.00000000 0.00 0.00 0.00 521.00 511.00 460.00 450.00 6 1 80 
0:2:28 8.78 0.00000000 0.00000000 0.00 0.00 0.00 521.00 511.00 461.00 451.00 6 1 80 
0:2:28 8.98 0.00000000 0.00000000 0.00 0.00 0.00 521.00 511.00 463.00 452.00 6 1 80 
0:2:28 9.18 0.00000000 0.00000000 0.00 0.00 0.00 521.00 511.00 464.00 453.00 6 1 80 
0:2:28 9.38 0.00000000 0.00000000 0.00 0.00 0.00 521.00 512.00 467.00 455.00 6 1 80 
0:2:29 9.58 0.00000000 0.00000000 0.00 0.00 0.00 521.00 512.00 468.00 457.00 6 1 80 
0:2:29 9.78 0.00000000 0.00000000 0.00 0.00 0.00 521.00 511.00 469.00 457.00 6 1 80 
0:2:29 9.98 0.00000000 0.00000000 0.00 0.00 0.00 521.00 511.00 468.00 457.00 6 1 80 
0:2:29 10.18 0.00000000 0.00000000 0.00 0.00 0.00 521.00 511.00 468.00 458.00 6 1 80 
0:2:29 10.38 0.00000000 0.00000000 0.00 0.00 0.00 521.00 511.00 468.00 457.00 6 1 80 
0:2:30 10.58 0.00000000 0.00000000 0.00 0.00 0.00 521.00 512.00 468.00 457.00 6 1 80 
0:2:30 10.78 0.00000000 0.00000000 0.00 0.00 0.00 521.00 511.00 467.00 457.00 6 1 80 
0:2:30 10.98 0.00000000 0.00000000 0.00 0.00 0.00 521.00 512.00 467.00 456.00 6 1 80 
0:2:30 11.19 0.00000000 0.00000000 0.00 0.00 0.00 521.00 511.00 466.00 455.00 6 1 80 
0:2:30 11.39 0.00000000 0.00000000 0.00 0.00 0.00 521.00 511.00 466.00 456.00 6 1 80 
0:2:31 11.59 0.00000000 0.00000000 0.00 0.00 0.00 521.00 511.00 466.00 456.00 6 1 80 
0:2:31 11.79 0.00000000 0.00000000 0.00 0.00 0.00 521.00 511.00 466.00 455.00 6 1 80 
0:2:31 11.99 0.00000000 0.00000000 0.00 0.00 0.00 521.00 511.00 466.00 455.00 6 1 80 
0:2:31 12.19 0.00000000 0.00000000 0.00 0.00 0.00 521.00 512.00 465.00 455.00 6 1 80 
0:2:31 12.39 0.00000000 0.00000000 0.00 0.00 0.00 521.00 511.00 465.00 455.00 6 1 80 
0:2:32 12.59 0.00000000 0.00000000 0.00 0.00 0.00 521.00 511.00 465.00 455.00 6 1 80 
0:2:32 12.79 0.00000000 0.00000000 0.00 0.00 0.00 521.00 512.00 465.00 455.00 6 1 80 
0:2:32 12.99 0.00000000 0.00000000 0.00 0.00 0.00 521.00 512.00 465.00 455.00 6 1 80 
0:2:32 13.19 0.00000000 0.00000000 0.00 0.00 0.00 521.00 511.00 465.00 455.00 6 1 80 
0:2:32 13.39 0.00000000 0.00000000 0.00 0.00 0.00 521.00 511.00 465.00 455.00 6 1 80 
0:2:33 13.59 0.00000000 0.00000000 0.00 0.00 0.00 521.00 511.00 465.00 455.00 6 1 80 
0:2:33 13.79 0.00000000 0.00000000 0.00 0.00 0.00 521.00 511.00 465.00 455.00 6 1 80 
0:2:33 14.00 0.00000000 0.00000000 0.00 0.00 0.00 521.00 511.00 465.00 455.00 6 1 80 
0:2:33 14.20 0.00000000 0.00000000 0.00 0.00 0.00 521.00 511.00 466.00 455.00 6 1 80 
0:2:33 14.40 0.00000000 0.00000000 0.00 0.00 0.00 521.00 512.00 466.00 456.00 6 1 80 
0:2:34 14.60 0.00000000 0.00000000 0.00 0.00 0.00 521.00 511.00 467.00 456.00 6 1 80 
0:2:34 14.80 0.00000000 0.00000000 0.00 0.00 0.00 521.00 512.00 464.00 454.00 6 1 80 
0:2:34 15.00 0.00000000 0.00000000 0.00 0.00 0.00 521.00 512.00 462.00 454.00 6 1 80 
0:2:34 15.20 0.00000000 0.00000000 0.00 0.00 0.00 521.00 512.00 461.00 453.00 6 1 80 
0:2:34 15.40 0.00000000 0.00000000 0.00 0.00 0.00 521.00 512.00 460.00 451.00 6 1 80 
0:2:35 15.60 0.00000000 0.00000000 0.00 0.00 0.00 521.00 512.00 461.00 451.00 6 1 80 
0:2:35 15.80 0.00000000 0.00000000 0.00 0.00 0.00 521.00 511.00 461.00 451.00 6 1 80 
0:2:35 16.00 0.00000000 0.00000000 0.00 0.00 0.00 521.00 512.00 462.00 452.00 6 1 80 
0:2:35 16.20 0.00000000 0.00000000 0.00 0.00 0.00 521.00 512.00 462.00 452.00 6 1 80 
0:2:35 16.40 0.00000000 0.00000000 0.00 0.00 0.00 521.00 512.00 463.00 452.00 6 1 80 
0:2:36 16.60 0.00000000 0.00000000 0.00 0.00 0.00 522.00 512.00 463.00 452.00 6 1 80 
0:2:36 16.81 0.00000000 0.00000000 0.00 0.00 0.00 521.00 512.00 463.00 452.00 6 1 80 
0:2:36 17.01 0.00000000 0.00000000 0.00 0.00 0.00 522.00 512.00 463.00 453.00 6 1 80 
0:2:36 17.21 0.00000000 0.00000000 0.00 0.00 0.00 522.00 512.00 464.00 453.00 6 1 80 
0:2:36 17.41 0.00000000 0.00000000 0.00 0.00 0.00 522.00 512.00 464.00 453.00 6 1 80 
0:2:37 17.61 0.00000000 0.00000000 0.00 0.00 0.00 522.00 512.00 464.00 454.00 6 1 80 
0:2:37 17.81 0.00000000 0.00000000 0.00 0.00 0.00 522.00 512.00 463.00 454.00 6 1 80 
0:2:37 18.01 0.00000000 0.00000000 0.00 0.00 0.00 522.00 512.00 463.00 454.00 6 1 80 
0:2:37 18.21 0.00000000 0.00000000 0.00 0.00 0.00 522.00 511.00 463.00 454.00 6 1 80 
0:2:37 18.41 0.00000000 0.00000000 0.00 0.00 0.00 522.00 512.00 463.00 454.00 6 1 80 
0:2:38 18.61 0.00000000 0.00000000 0.00 0.00 0.00 522.00 512.00 463.00 454.00 6 1 80 
0:2:38 18.82 0.00000000 0.00000000 0.00 0.00 0.00 521.00 512.00 463.00 453.00 6 1 80 
0:2:38 19.02 0.00000000 0.00000000 0.00 0.00 0.00 521.00 512.00 463.00 453.00 6 1 80 
0:2:38 19.22 0.00000000 0.00000000 0.00 0.00 0.00 521.00 512.00 463.00 453.00 6 1 80 
0:2:38 19.42 0.00000000 0.00000000 0.00 0.00 0.00 521.00 512.00 465.00 454.00 6 1 80 
0:2:39 19.62 0.00000000 0.00000000 0.00 0.00 0.00 521.00 512.00 468.00 456.00 6 1 80 
0:2:39 19.82 0.00000000 0.00000000 0.00 0.00 0.00 522.00 512.00 471.00 458.00 6 1 80 
0:2:39 20.02 0.00000000 0.00000000 0.00 0.00 0.00 521.00 512.00 471.00 459.00 6 1 80 
0:2:39 20.22 0.00000000 0.00000000 0.00 0.00 0.00 522.00 512.00 443.00 443.00 6 1 80 
0:2:39 20.42 0.00000000 0.00000000 0.00 0.00 0.00 522.00 512.00 415.00 427.00 6 1 80 
0:2:40 20.63 0.00000000 0.00000000 0.00 0.00 0.00 522.00 512.00 409.00 418.00 6 1 80 
0:2:40 20.83 0.00000000 0.00000000 0.00 0.00 0.00 522.00 512.00 414.00 415.00 6 1 80 
0:2:40 21.03 0.00000000 0.00000000 0.00 0.00 0.00 521.00 512.00 419.00 416.00 6 1 80 
0:2:40 21.23 0.00000000 0.00000000 0.00 0.00 0.00 522.00 512.00 424.00 418.00 6 1 80 
0:2:40 21.43 0.00000000 0.00000000 0.00 0.00 0.00 522.00 512.00 425.00 419.00 6 1 80 
0:2:41 21.63 0.00000000 0.00000000 0.00 0.00 0.00 521.00 512.00 424.00 419.00 6 1 80 
0:2:41 21.83 0.00000000 0.00000000 0.00 0.00 0.00 522.00 512.00 423.00 417.00 6 1 80 
0:2:41 22.03 0.00000000 0.00000000 0.00 0.00 0.00 521.00 512.00 425.00 418.00 6 1 80 
0:2:41 22.23 0.00000000 0.00000000 0.00 0.00 0.00 522.00 512.00 427.00 419.00 6 1 80 
0:2:41 22.44 0.00000000 0.00000000 0.00 0.00 0.00 522.00 512.00 430.00 421.00 6 1 80 
0:2:42 22.64 0.00000000 0.00000000 0.00 0.00 0.00 521.00 512.00 436.00 424.00 6 1 80 
0:2:42 22.84 0.00000000 0.00000000 0.00 0.00 0.00 522.00 512.00 442.00 428.00 6 1 80 
0:2:42 23.04 0.00000000 0.00000000 0.00 0.00 0.00 522.00 512.00 444.00 431.00 6 1 80 
0:2:42 23.24 0.00000000 0.00000000 0.00 0.00 0.00 521.00 512.00 446.00 434.00 6 1 80 
0:2:42 23.44 0.00000000 0.00000000 0.00 0.00 0.00 522.00 511.00 447.00 436.00 6 1 80 
0:2:43 23.64 0.00000000 0.00000000 0.00 0.00 0.00 522.00 512.00 451.00 439.00 6 1 80 
0:2:43 23.84 0.00000000 0.00000000 0.00 0.00 0.00 521.00 512.00 453.00 442.00 6 1 80 
0:2:43 24.04 0.00000000 0.00000000 0.00 0.00 0.00 521.00 512.00 454.00 443.00 6 1 80 
0:2:43 24.25 0.00000000 0.00000000 0.00 0.00 0.00 521.00 512.00 458.00 446.00 6 1 80 
0:2:43 24.45 0.00000000 0.00000000 0.00 0.00 0.00 522.00 512.00 458.00 447.00 6 1 80 
0:2:44 24.65 0.00000000 0.00000000 0.00 0.00 0.00 522.00 512.00 459.00 448.00 6 1 80 
0:2:44 24.85 0.00000000 0.00000000 0.00 0.00 0.00 522.00 512.00 456.00 446.00 6 1 80 
0:2:44 25.05 0.00000000 0.00000000 0.00 0.00 0.00 521.00 512.00 460.00 448.00 6 1 80 
0:2:44 25.25 0.00000000 0.00000000 0.00 0.00 0.00 522.00 512.00 461.00 449.00 6 1 80 
0:2:44 25.45 0.00000000 0.00000000 0.00 0.00 0.00 521.00 511.00 463.00 450.00 6 1 80 
0:2:45 25.65 0.00000000 0.00000000 0.00 0.00 0.00 522.00 512.00 467.00 453.00 6 1 80 
0:2:45 25.86 0.00000000 0.00000000 0.00 0.00 0.00 522.00 512.00 470.00 456.00 6 1 80 
0:2:45 26.06 0.00000000 0.00000000 0.00 0.00 0.00 522.00 512.00 468.00 456.00 6 1 80 
0:2:45 26.26 0.00000000 0.00000000 0.00 0.00 0.00 522.00 512.00 469.00 457.00 6 1 80 
0:2:45 26.46 0.00000000 0.00000000 0.00 0.00 0.00 522.00 512.00 471.00 459.00 6 1 80 
0:2:46 26.66 0.00000000 0.00000000 0.00 0.00 0.00 522.00 511.00 471.00 459.00 6 1 80 
0:2:46 26.86 0.00000000 0.00000000 0.00 0.00 0.00 521.00 512.00 468.00 459.00 6 1 80 
0:2:46 27.06 0.00000000 0.00000000 0.00 0.00 0.00 522.00 512.00 466.00 457.00 6 1 80 
0:2:46 27.26 0.00000000 0.00000000 0.00 0.00 0.00 522.00 512.00 464.00 456.00 6 1 80 
0:2:46 27.46 0.00000000 0.00000000 0.00 0.00 0.00 522.00 512.00 465.00 456.00 6 1 80 
0:2:47 27.67 0.00000000 0.00000000 0.00 0.00 0.00 521.00 512.00 467.00 456.00 6 1 80 
0:2:47 27.87 0.00000000 0.00000000 0.00 0.00 0.00 521.00 512.00 468.00 456.00 6 1 80 
0:2:47 28.07 0.00000000 0.00000000 0.00 0.00 0.00 521.00 512.00 469.00 457.00 6 1 80 
0:2:47 28.27 0.00000000 0.00000000 0.00 0.00 0.00 521.00 512.00 470.00 458.00 6 1 80 
0:2:47 28.47 0.00000000 0.00000000 0.00 0.00 0.00 521.00 511.00 470.00 458.00 6 1 80 
0:2:48 28.67 0.00000000 0.00000000 0.00 0.00 0.00 522.00 512.00 471.00 459.00 6 1 80 
0:2:48 28.87 0.00000000 0.00000000 0.00 0.00 0.00 522.00 512.00 471.00 459.00 6 1 80 
0:2:48 29.07 0.00000000 0.00000000 0.00 0.00 0.00 521.00 511.00 471.00 460.00 6 1 80 
0:2:48 29.27 0.00000000 0.00000000 0.00 0.00 0.00 522.00 512.00 471.00 460.00 6 1 80 
0:2:48 29.48 0.00000000 0.00000000 0.00 0.00 0.00 521.00 512.00 472.00 461.00 6 1 80 
0:2:49 29.68 0.00000000 0.00000000 0.00 0.00 0.00 522.00 512.00 471.00 461.00 6 1 80 
0:2:49 29.88 0.00000000 0.00000000 0.00 0.00 0.00 522.00 512.00 471.00 461.00 6 1 80 
0:2:49 30.08 0.00000000 0.00000000 0.00 0.00 0.00 522.00 512.00 472.00 461.00 6 1 80 
0:2:49 30.28 0.00000000 0.00000000 0.00 0.00 0.00 522.00 512.00 471.00 460.00 6 1 80 
0:2:49 30.48 0.00000000 0.00000000 0.00 0.00 0.00 521.00 512.00 469.00 458.00 6 1 80 
0:2:49 30.68 0.00000000 0.00000000 0.00 0.00 0.00 522.00 512.00 474.00 461.00 6 1 80 
0:2:49 30.88 0.00000000 0.00000000 0.00 0.00 0.00 521.00 511.00 473.00 461.00 6 1 80 
0:2:49 31.08 0.00000000 0.00000000 0.00 0.00 0.00 522.00 512.00 473.00 461.00 6 1 80 
0:2:49 31.29 0.00000000 0.00000000 0.00 0.00 0.00 521.00 512.00 472.00 461.00 6 1 80 
0:2:49 31.49 0.00000000 0.00000000 0.00 0.00 0.00 522.00 512.00 466.00 456.00 6 1 80 
0:2:49 31.69 0.00000000 0.00000000 0.00 0.00 0.00 522.00 512.00 474.00 461.00 6 1 80 
0:2:49 31.89 0.00000000 0.00000000 0.00 0.00 0.00 522.00 512.00 471.00 461.00 6 1 80 
0:2:49 32.09 0.00000000 0.00000000 0.00 0.00 0.00 521.00 512.00 470.00 460.00 6 1 80 
0:2:49 32.29 0.00000000 0.00000000 0.00 0.00 0.00 522.00 512.00 469.00 459.00 6 1 80 
0:2:49 32.49 0.00000000 0.00000000 0.00 0.00 0.00 522.00 512.00 465.00 456.00 6 1 80 
0:2:49 32.69 0.00000000 0.00000000 0.00 0.00 0.00 522.00 512.00 472.00 460.00 6 1 80 
0:2:49 32.90 0.00000000 0.00000000 0.00 0.00 0.00 522.00 512.00 471.00 460.00 6 1 80 
0:2:49 33.10 0.00000000 0.00000000 0.00 0.00 0.00 521.00 512.00 470.00 460.00 6 1 80 
0:2:49 33.30 0.00000000 0.00000000 0.00 0.00 0.00 522.00 511.00 470.00 459.00 6 1 80 
0:2:49 33.50 0.00000000 0.00000000 0.00 0.00 0.00 522.00 512.00 465.00 456.00 6 1 80 
0:2:49 33.70 0.00000000 0.00000000 0.00 0.00 0.00 522.00 512.00 473.00 460.00 6 1 80 
0:2:49 33.90 0.00000000 0.00000000 0.00 0.00 0.00 522.00 512.00 471.00 459.00 6 1 80 
0:2:49 34.10 0.00000000 0.00000000 0.00 0.00 0.00 522.00 512.00 470.00 459.00 6 1 80 
0:2:49 34.30 0.00000000 0.00000000 0.00 0.00 0.00 522.00 512.00 469.00 458.00 6 1 80 
0:2:49 34.51 0.00000000 0.00000000 0.00 0.00 0.00 522.00 512.00 465.00 456.00 6 1 80 
0:2:49 34.71 0.00000000 0.00000000 0.00 0.00 0.00 522.00 512.00 471.00 459.00 6 1 80 
0:2:49 34.91 0.00000000 0.00000000 0.00 0.00 0.00 521.00 512.00 470.00 459.00 6 1 80 
0:2:49 35.11 0.00000000 0.00000000 0.00 0.00 0.00 522.00 512.00 468.00 458.00 6 1 80 
0:2:49 35.31 0.00000000 0.00000000 0.00 0.00 0.00 522.00 512.00 469.00 459.00 6 1 80 
0:2:49 35.51 0.00000000 0.00000000 0.00 0.00 0.00 522.00 512.00 464.00 455.00 6 1 80 
0:2:49 35.71 0.00000000 0.00000000 0.00 0.00 0.00 522.00 512.00 470.00 459.00 6 1 80 
0:2:49 35.91 0.00000000 0.00000000 0.00 0.00 0.00 522.00 512.00 469.00 458.00 6 1 80 
0:2:49 36.12 0.00000000 0.00000000 0.00 0.00 0.00 522.00 512.00 468.00 458.00 6 1 80 
0:2:49 36.32 0.00000000 0.00000000 0.00 0.00 0.00 521.00 512.00 467.00 456.00 6 1 80 
0:2:49 36.52 0.00000000 0.00000000 0.00 0.00 0.00 522.00 512.00 463.00 454.00 6 1 80 
0:2:49 36.72 0.00000000 0.00000000 0.00 0.00 0.00 522.00 512.00 469.00 456.00 6 1 80 
0:2:49 36.92 0.00000000 0.00000000 0.00 0.00 0.00 522.00 512.00 468.00 456.00 6 1 80 
0:2:49 37.12 0.00000000 0.00000000 0.00 0.00 0.00 521.00 512.00 467.00 456.00 6 1 80 
0:2:49 37.32 0.00000000 0.00000000 0.00 0.00 0.00 522.00 512.00 467.00 456.00 6 1 80 
0:2:49 37.52 0.00000000 0.00000000 0.00 0.00 0.00 522.00 512.00 462.00 453.00 6 1 80 
0:2:49 37.72 0.00000000 0.00000000 0.00 0.00 0.00 522.00 512.00 468.00 456.00 6 1 80 
0:2:49 37.93 0.00000000 0.00000000 0.00 0.00 0.00 522.00 512.00 467.00 456.00 6 1 80 
0:2:49 38.13 0.00000000 0.00000000 0.00 0.00 0.00 522.00 512.00 467.00 456.00 6 1 80 
0:2:49 38.33 0.00000000 0.00000000 0.00 0.00 0.00 521.00 512.00 466.00 456.00 6 1 80 
0:2:49 38.53 0.00000000 0.00000000 0.00 0.00 0.00 522.00 512.00 462.00 453.00 6 1 80 
0:2:58 38.73 0.00000000 0.00000000 0.00 0.00 0.00 522.00 512.00 467.00 456.00 6 1 80 
0:2:58 38.93 0.00000000 0.00000000 0.00 0.00 0.00 522.00 512.00 467.00 456.00 6 1 80 
0:2:58 39.13 0.00000000 0.00000000 0.00 0.00 0.00 522.00 512.00 467.00 456.00 6 1 80 
0:2:58 39.33 0.00000000 0.00000000 0.00 0.00 0.00 522.00 511.00 466.00 456.00 6 1 80 
0:2:58 39.53 0.00000000 0.00000000 0.00 0.00 0.00 522.00 512.00 463.00 453.00 6 1 80 
0:2:59 39.73 0.00000000 0.00000000 0.00 0.00 0.00 522.00 512.00 468.00 456.00 6 1 80 
0:2:59 39.94 0.00000000 0.00000000 0.00 0.00 0.00 522.00 512.00 466.00 455.00 6 1 80 
0:2:59 40.14 0.00000000 0.00000000 0.00 0.00 0.00 522.00 512.00 467.00 455.00 6 1 80 
0:2:59 40.34 0.00000000 0.00000000 0.00 0.00 0.00 522.00 512.00 464.00 454.00 6 1 80 
0:3:0 40.54 0.00000000 0.00000000 0.00 0.00 0.00 522.00 512.00 466.00 455.00 6 1 80 
0:3:0 40.74 0.00000000 0.00000000 0.00 0.00 0.00 522.00 512.00 469.00 458.00 6 1 80 
0:3:0 40.95 0.00000000 0.00000000 0.00 0.00 0.00 522.00 512.00 466.00 457.00 6 1 80 
0:3:0 41.15 0.00000000 0.00000000 0.00 0.00 0.00 521.00 512.00 464.00 454.00 6 1 80 
0:3:0 41.35 0.00000000 0.00000000 0.00 0.00 0.00 522.00 512.00 460.00 453.00 6 1 80 
0:3:1 41.55 0.00000000 0.00000000 0.00 0.00 0.00 522.00 511.00 451.00 447.00 6 1 80 
0:3:1 41.75 0.00000000 0.00000000 0.00 0.00 0.00 522.00 512.00 462.00 448.00 6 1 80 
0:3:1 41.95 0.00000000 0.00000000 0.00 0.00 0.00 522.00 512.00 476.00 456.00 6 1 80 
0:3:1 42.15 0.00000000 0.00000000 0.00 0.00 0.00 522.00 512.00 478.00 461.00 6 1 80 
0:3:1 42.35 0.00000000 0.00000000 0.00 0.00 0.00 521.00 512.00 463.00 457.00 6 1 80 
0:3:2 42.55 0.00000000 0.00000000 0.00 0.00 0.00 522.00 512.00 450.00 448.00 6 1 80 
0:3:2 42.75 0.00000000 0.00000000 0.00 0.00 0.00 522.00 512.00 458.00 447.00 6 1 80 
0:3:2 42.96 0.00000000 0.00000000 0.00 0.00 0.00 522.00 512.00 468.00 454.00 6 1 80 
0:3:2 43.16 0.00000000 0.00000000 0.00 0.00 0.00 522.00 512.00 461.00 452.00 6 1 80 
0:3:2 43.36 0.00000000 0.00000000 0.00 0.00 0.00 522.00 511.00 460.00 449.00 6 1 80 
0:3:3 43.56 0.00000000 0.00000000 0.00 0.00 0.00 522.00 512.00 454.00 446.00 6 1 80 
0:3:3 43.76 0.00000000 0.00000000 0.00 0.00 0.00 522.00 511.00 457.00 449.00 6 1 80 
0:3:3 43.96 0.00000000 0.00000000 0.00 0.00 0.00 522.00 512.00 463.00 448.00 6 1 80 
0:3:3 44.16 0.00000000 0.00000000 0.00 0.00 0.00 522.00 512.00 483.00 459.00 6 1 80 
0:3:3 44.36 0.00000000 0.00000000 0.00 0.00 0.00 522.00 512.00 493.00 468.00 6 1 80 
0:3:4 44.56 0.00000000 0.00000000 0.00 0.00 0.00 522.00 512.00 492.00 462.00 6 1 80 
0:3:4 44.77 0.00000000 0.00000000 0.00 0.00 0.00 526.00 512.00 504.00 475.00 6 1 80 
0:3:4 44.97 0.00000000 0.00000000 0.00 0.00 0.00 524.00 508.00 504.00 478.00 6 1 80 
0:3:4 45.17 0.00000000 0.00000000 0.00 0.00 0.00 524.00 511.00 506.00 482.00 6 1 80 
0:3:4 45.37 0.00000000 0.00000000 0.00 0.00 0.00 519.00 509.00 504.00 487.00 6 1 80 
0:3:5 45.57 0.00000000 0.00000000 0.00 0.00 0.00 525.00 510.00 495.00 478.00 6 1 80 
0:3:5 45.77 0.00000000 0.00000000 0.00 0.00 0.00 525.00 512.00 500.00 480.00 6 1 80 
0:3:5 45.97 0.00000000 0.00000000 0.00 0.00 0.00 526.00 513.00 507.00 487.00 6 1 80 
0:3:5 46.17 0.00000000 0.00000000 0.00 0.00 0.00 527.00 514.00 511.00 491.00 6 1 80 
0:3:5 46.37 0.00000000 0.00000000 0.00 0.00 0.00 525.00 512.00 514.00 500.00 6 1 80 
0:3:6 46.58 0.00000000 0.00000000 0.00 0.00 0.00 524.00 511.00 504.00 495.00 6 1 80 
0:3:6 46.78 0.00000000 0.00000000 0.00 0.00 0.00 526.00 513.00 495.00 481.00 6 1 80 
0:3:6 46.98 0.00000000 0.00000000 0.00 0.00 0.00 526.00 514.00 499.00 491.00 6 1 80 
0:3:6 47.18 0.00000000 0.00000000 0.00 0.00 0.00 525.00 511.00 491.00 480.00 6 1 80 
0:3:6 47.38 0.00000000 0.00000000 0.00 0.00 0.00 523.00 510.00 494.00 486.00 6 1 80 
0:3:7 47.58 0.00000000 0.00000000 0.00 0.00 0.00 523.00 508.00 491.00 485.00 6 1 80 
0:3:7 47.78 0.00000000 0.00000000 0.00 0.00 0.00 523.00 510.00 483.00 462.00 6 1 80 
0:3:7 47.98 0.00000000 0.00000000 0.00 0.00 0.00 522.00 509.00 499.00 474.00 6 1 80 
0:3:7 48.18 0.00000000 0.00000000 0.00 0.00 0.00 522.00 509.00 508.00 482.00 6 1 80 
0:3:7 48.38 0.00000000 0.00000000 0.00 0.00 0.00 522.00 509.00 508.00 486.00 6 1 80 
0:3:8 48.59 0.00000000 0.00000000 0.00 0.00 0.00 522.00 509.00 505.00 488.00 6 1 80 
0:3:8 48.79 0.00000000 0.00000000 0.00 0.00 0.00 522.00 510.00 502.00 488.00 6 1 80 
0:3:8 48.99 0.00000000 0.00000000 0.00 0.00 0.00 523.00 510.00 500.00 488.00 6 1 80 
0:3:8 49.19 0.00000000 0.00000000 0.00 0.00 0.00 522.00 509.00 504.00 490.00 6 1 80 
0:3:8 49.39 0.00000000 0.00000000 0.00 0.00 0.00 522.00 510.00 502.00 489.00 6 1 80 
0:3:9 49.59 0.00000000 0.00000000 0.00 0.00 0.00 523.00 509.00 501.00 489.00 6 1 80 
0:3:9 49.79 0.00000000 0.00000000 0.00 0.00 0.00 522.00 509.00 508.00 494.00 6 1 80 
0:3:9 50.00 0.00000000 0.00000000 0.00 0.00 0.00 522.00 508.00 518.00 499.00 6 1 80 
0:3:9 50.20 0.00000000 0.00000000 0.00 0.00 0.00 522.00 509.00 522.00 502.00 6 1 80 
0:3:9 50.40 0.00000000 0.00000000 0.00 0.00 0.00 523.00 509.00 510.00 496.00 6 1 80 
0:3:10 50.60 0.00000000 0.00000000 0.00 0.00 0.00 522.00 509.00 490.00 486.00 6 1 80 
0:3:10 50.80 0.00000000 0.00000000 0.00 0.00 0.00 523.00 509.00 494.00 488.00 6 1 80 
0:3:10 51.00 0.00000000 0.00000000 0.00 0.00 0.00 523.00 510.00 510.00 493.00 6 1 80 
0:3:10 51.20 0.00000000 0.00000000 0.00 0.00 0.00 524.00 510.00 513.00 495.00 6 1 80 
0:3:10 51.40 0.00000000 0.00000000 0.00 0.00 0.00 523.00 509.00 503.00 490.00 6 1 80 
0:3:11 51.60 0.00000000 0.00000000 0.00 0.00 0.00 523.00 509.00 491.00 484.00 6 1 80 
0:3:11 51.80 0.00000000 0.00000000 0.00 0.00 0.00 523.00 509.00 477.00 475.00 6 1 80 
0:3:11 52.01 0.00000000 0.00000000 0.00 0.00 0.00 524.00 510.00 462.00 464.00 6 1 80 
0:3:11 52.21 0.00000000 0.00000000 0.00 0.00 0.00 524.00 510.00 447.00 452.00 6 1 80 
0:3:11 52.41 0.00000000 0.00000000 0.00 0.00 0.00 524.00 510.00 434.00 440.00 6 1 80 
0:3:12 52.61 0.00000000 0.00000000 0.00 0.00 0.00 524.00 510.00 431.00 434.00 6 1 80 
0:3:12 52.81 0.00000000 0.00000000 0.00 0.00 0.00 524.00 510.00 427.00 429.00 6 1 80 
0:3:12 53.01 0.00000000 0.00000000 0.00 0.00 0.00 525.00 511.00 426.00 425.00 6 1 80 
0:3:12 53.21 0.00000000 0.00000000 0.00 0.00 0.00 523.00 508.00 428.00 425.00 6 1 80 
0:3:12 53.41 0.00000000 0.00000000 0.00 0.00 0.00 521.00 507.00 432.00 426.00 6 1 80 
0:3:13 53.61 0.00000000 0.00000000 0.00 0.00 0.00 522.00 507.00 436.00 428.00 6 1 80 
0:3:13 53.81 0.00000000 0.00000000 0.00 0.00 0.00 523.00 509.00 443.00 432.00 6 1 80 
0:3:13 54.02 0.00000000 0.00000000 0.00 0.00 0.00 523.00 508.00 449.00 435.00 6 1 80 
0:3:13 54.22 0.00000000 0.00000000 0.00 0.00 0.00 523.00 508.00 456.00 440.00 6 1 80 
0:3:13 54.42 0.00000000 0.00000000 0.00 0.00 0.00 522.00 508.00 457.00 442.00 6 1 80 
0:3:14 54.62 0.00000000 0.00000000 0.00 0.00 0.00 523.00 508.00 462.00 447.00 6 1 80 
0:3:14 54.82 0.00000000 0.00000000 0.00 0.00 0.00 522.00 508.00 457.00 445.00 6 1 80 
0:3:14 55.02 0.00000000 0.00000000 0.00 0.00 0.00 522.00 508.00 453.00 443.00 6 1 80 
0:3:14 55.22 0.00000000 0.00000000 0.00 0.00 0.00 523.00 508.00 448.00 441.00 6 1 80 
0:3:14 55.42 0.00000000 0.00000000 0.00 0.00 0.00 523.00 508.00 444.00 438.00 6 1 80 
0:3:15 55.63 0.00000000 0.00000000 0.00 0.00 0.00 522.00 508.00 440.00 436.00 6 1 80 
0:3:15 55.83 0.00000000 0.00000000 0.00 0.00 0.00 523.00 508.00 438.00 434.00 6 1 80 
0:3:15 56.03 0.00000000 0.00000000 0.00 0.00 0.00 522.00 508.00 440.00 434.00 6 1 80 
0:3:15 56.23 0.00000000 0.00000000 0.00 0.00 0.00 523.00 508.00 447.00 437.00 6 1 80 
0:3:15 56.43 0.00000000 0.00000000 0.00 0.00 0.00 523.00 508.00 454.00 441.00 6 1 80 
0:3:16 56.63 0.00000000 0.00000000 0.00 0.00 0.00 523.00 508.00 452.00 441.00 6 1 80 
0:3:16 56.83 0.00000000 0.00000000 0.00 0.00 0.00 523.00 509.00 447.00 439.00 6 1 80 
0:3:16 57.03 0.00000000 0.00000000 0.00 0.00 0.00 523.00 508.00 442.00 436.00 6 1 80 
0:3:16 57.23 0.00000000 0.00000000 0.00 0.00 0.00 523.00 509.00 439.00 433.00 6 1 80 
0:3:16 57.44 0.00000000 0.00000000 0.00 0.00 0.00 523.00 509.00 437.00 432.00 6 1 80 
0:3:17 57.64 0.00000000 0.00000000 0.00 0.00 0.00 524.00 510.00 441.00 432.00 6 1 80 
0:3:17 57.84 0.00000000 0.00000000 0.00 0.00 0.00 524.00 510.00 443.00 433.00 6 1 80 
0:3:17 58.04 0.00000000 0.00000000 0.00 0.00 0.00 524.00 510.00 455.00 441.00 6 1 80 
0:3:17 58.24 0.00000000 0.00000000 0.00 0.00 0.00 524.00 510.00 468.00 449.00 6 1 80 
0:3:17 58.44 0.00000000 0.00000000 0.00 0.00 0.00 524.00 510.00 470.00 453.00 6 1 80 
0:3:18 58.64 0.00000000 0.00000000 0.00 0.00 0.00 524.00 510.00 465.00 453.00 6 1 80 
0:3:18 58.84 0.00000000 0.00000000 0.00 0.00 0.00 524.00 510.00 465.00 455.00 6 1 80 
0:3:18 59.04 0.00000000 0.00000000 0.00 0.00 0.00 524.00 511.00 472.00 459.00 6 1 80 
0:3:18 59.25 0.00000000 0.00000000 0.00 0.00 0.00 522.00 507.00 473.00 460.00 6 1 80 
0:3:18 59.45 0.00000000 0.00000000 0.00 0.00 0.00 522.00 508.00 471.00 460.00 6 1 80 
0:3:19 59.65 0.00000000 0.00000000 0.00 0.00 0.00 522.00 509.00 466.00 458.00 6 1 80 
0:3:19 59.85 0.00000000 0.00000000 0.00 0.00 0.00 524.00 511.00 466.00 457.00 6 1 80 
0:3:19 60.05 0.00000000 0.00000000 0.00 0.00 0.00 524.00 511.00 467.00 457.00 6 1 80 
0:3:19 60.25 0.00000000 0.00000000 0.00 0.00 0.00 524.00 511.00 466.00 456.00 6 1 80 
0:3:19 60.45 0.00000000 0.00000000 0.00 0.00 0.00 524.00 511.00 462.00 453.00 6 1 80 
0:3:20 60.65 0.00000000 0.00000000 0.00 0.00 0.00 524.00 511.00 458.00 450.00 6 1 80 
0:3:20 60.85 0.00000000 0.00000000 0.00 0.00 0.00 524.00 511.00 456.00 448.00 6 1 80 
0:3:20 61.06 0.00000000 0.00000000 0.00 0.00 0.00 524.00 511.00 464.00 452.00 6 1 80 
0:3:20 61.26 0.00000000 0.00000000 0.00 0.00 0.00 524.00 512.00 472.00 457.00 6 1 80 
0:3:20 61.46 0.00000000 0.00000000 0.00 0.00 0.00 524.00 512.00 485.00 467.00 6 1 80 
0:3:21 61.66 0.00000000 0.00000000 0.00 0.00 0.00 525.00 511.00 498.00 475.00 6 1 80 
0:3:21 61.86 0.00000000 0.00000000 0.00 0.00 0.00 525.00 512.00 497.00 479.00 6 1 80 
0:3:21 62.06 0.00000000 0.00000000 0.00 0.00 0.00 525.00 512.00 493.00 479.00 6 1 80 
0:3:21 62.26 0.00000000 0.00000000 0.00 0.00 0.00 525.00 513.00 492.00 480.00 6 1 80 
0:3:21 62.46 0.00000000 0.00000000 0.00 0.00 0.00 525.00 513.00 494.00 481.00 6 1 80 
0:3:22 62.67 0.00000000 0.00000000 0.00 0.00 0.00 526.00 514.00 493.00 480.00 6 1 80 
0:3:22 62.87 0.00000000 0.00000000 0.00 0.00 0.00 526.00 513.00 496.00 482.00 6 1 80 
0:3:22 63.07 0.00000000 0.00000000 0.00 0.00 0.00 526.00 513.00 492.00 480.00 6 1 80 
0:3:22 63.27 0.00000000 0.00000000 0.00 0.00 0.00 527.00 514.00 488.00 477.00 6 1 80 
0:3:22 63.47 0.00000000 0.00000000 0.00 0.00 0.00 527.00 514.00 485.00 474.00 6 1 80 
0:3:23 63.67 0.00000000 0.00000000 0.00 0.00 0.00 527.00 513.00 483.00 472.00 6 1 80 
0:3:23 63.87 0.00000000 0.00000000 0.00 0.00 0.00 527.00 514.00 479.00 468.00 6 1 80 
0:3:23 64.07 0.00000000 0.00000000 0.00 0.00 0.00 528.00 514.00 474.00 465.00 6 1 80 
0:3:23 64.27 0.00000000 0.00000000 0.00 0.00 0.00 527.00 514.00 475.00 465.00 6 1 80 
0:3:23 64.47 0.00000000 0.00000000 0.00 0.00 0.00 528.00 514.00 475.00 464.00 6 1 80 
0:3:24 64.67 0.00000000 0.00000000 0.00 0.00 0.00 528.00 515.00 481.00 467.00 6 1 80 
0:3:24 64.87 0.00000000 0.00000000 0.00 0.00 0.00 528.00 515.00 488.00 472.00 6 1 80 
0:3:24 65.08 0.00000000 0.00000000 0.00 0.00 0.00 528.00 515.00 498.00 479.00 6 1 80 
0:3:24 65.28 0.00000000 0.00000000 0.00 0.00 0.00 528.00 515.00 487.00 474.00 6 1 80 
0:3:24 65.48 0.00000000 0.00000000 0.00 0.00 0.00 528.00 515.00 466.00 465.00 6 1 80 
0:3:25 65.68 0.00000000 0.00000000 0.00 0.00 0.00 528.00 515.00 455.00 457.00 6 1 80 
