0:0:0 0.83 0.00000000 0.00000000 0.00 0.00 0.00 522.00 523.00 523.00 527.00 0 0 0 
23:59:45 1.04 0.00000000 0.00000000 0.00 0.00 0.00 522.00 523.00 523.00 527.00 5 1 80 
23:59:45 1.24 0.00000000 0.00000000 0.00 0.00 0.00 522.00 523.00 523.00 527.00 5 1 80 
23:59:45 1.44 0.00000000 0.00000000 0.00 0.00 0.00 522.00 523.00 522.00 527.00 5 1 80 
23:59:45 1.64 0.00000000 0.00000000 0.00 0.00 0.00 521.00 523.00 523.00 527.00 5 1 80 
23:59:45 1.84 0.00000000 0.00000000 0.00 0.00 0.00 522.00 523.00 523.00 527.00 5 1 80 
23:59:46 2.04 0.00000000 0.00000000 0.00 0.00 0.00 522.00 523.00 523.00 527.00 5 1 80 
23:59:46 2.24 0.00000000 0.00000000 0.00 0.00 0.00 522.00 523.00 523.00 527.00 5 1 80 
23:59:46 2.44 0.00000000 0.00000000 0.00 0.00 0.00 521.00 523.00 523.00 527.00 5 1 80 
23:59:46 2.65 0.00000000 0.00000000 0.00 0.00 0.00 522.00 523.00 523.00 527.00 5 1 80 
23:59:46 2.85 0.00000000 0.00000000 0.00 0.00 0.00 522.00 523.00 523.00 527.00 5 1 80 
23:59:47 3.05 0.00000000 0.00000000 0.00 0.00 0.00 521.00 523.00 523.00 525.00 5 1 80 
23:59:47 3.25 0.00000000 0.00000000 0.00 0.00 0.00 522.00 523.00 522.00 526.00 5 1 80 
23:59:47 3.45 0.00000000 0.00000000 0.00 0.00 0.00 521.00 523.00 522.00 527.00 5 1 80 
23:59:47 3.65 0.00000000 0.00000000 0.00 0.00 0.00 521.00 522.00 522.00 527.00 5 1 80 
23:59:47 3.85 0.00000000 0.00000000 0.00 0.00 0.00 522.00 523.00 523.00 527.00 5 1 80 
23:59:48 4.05 0.00000000 0.00000000 0.00 0.00 0.00 521.00 523.00 522.00 527.00 5 1 80 
23:59:48 4.25 0.00000000 0.00000000 0.00 0.00 0.00 522.00 523.00 522.00 526.00 5 1 80 
23:59:48 4.46 0.00000000 0.00000000 0.00 0.00 0.00 521.00 523.00 522.00 527.00 5 1 80 
23:59:48 4.66 0.00000000 0.00000000 0.00 0.00 0.00 521.00 523.00 522.00 527.00 5 1 80 
23:59:48 4.86 0.00000000 0.00000000 0.00 0.00 0.00 522.00 522.00 522.00 527.00 5 1 80 
23:59:49 5.06 0.00000000 0.00000000 0.00 0.00 0.00 521.00 523.00 522.00 526.00 5 1 80 
23:59:49 5.26 0.00000000 0.00000000 0.00 0.00 0.00 521.00 523.00 522.00 526.00 5 1 80 
23:59:49 5.46 0.00000000 0.00000000 0.00 0.00 0.00 521.00 523.00 522.00 526.00 5 1 80 
23:59:49 5.66 0.00000000 0.00000000 0.00 0.00 0.00 521.00 523.00 523.00 527.00 5 1 80 
23:59:49 5.86 0.00000000 0.00000000 0.00 0.00 0.00 521.00 522.00 522.00 527.00 5 1 80 
23:59:50 6.06 0.00000000 0.00000000 0.00 0.00 0.00 522.00 523.00 522.00 527.00 5 1 80 
23:59:50 6.26 0.00000000 0.00000000 0.00 0.00 0.00 521.00 523.00 522.00 526.00 5 1 80 
23:59:50 6.46 0.00000000 0.00000000 0.00 0.00 0.00 521.00 523.00 522.00 526.00 5 1 80 
23:59:50 6.66 0.00000000 0.00000000 0.00 0.00 0.00 521.00 523.00 522.00 526.00 5 1 80 
23:59:50 6.86 0.00000000 0.00000000 0.00 0.00 0.00 521.00 523.00 522.00 527.00 5 1 80 
23:59:51 7.06 0.00000000 0.00000000 0.00 0.00 0.00 521.00 523.00 522.00 526.00 5 1 80 
23:59:51 7.26 0.00000000 0.00000000 0.00 0.00 0.00 521.00 523.00 522.00 526.00 5 1 80 
23:59:51 7.46 0.00000000 0.00000000 0.00 0.00 0.00 521.00 523.00 522.00 527.00 5 1 80 
23:59:51 7.67 0.00000000 0.00000000 0.00 0.00 0.00 521.00 523.00 522.00 526.00 5 1 80 
23:59:51 7.87 0.00000000 0.00000000 0.00 0.00 0.00 521.00 523.00 522.00 527.00 5 1 80 
23:59:52 8.07 0.00000000 0.00000000 0.00 0.00 0.00 521.00 523.00 522.00 526.00 5 1 80 
23:59:52 8.27 0.00000000 0.00000000 0.00 0.00 0.00 521.00 523.00 522.00 527.00 5 1 80 
23:59:52 8.47 0.00000000 0.00000000 0.00 0.00 0.00 521.00 523.00 522.00 527.00 5 1 80 
23:59:52 8.67 0.00000000 0.00000000 0.00 0.00 0.00 521.00 523.00 522.00 527.00 5 1 80 
23:59:52 8.87 0.00000000 0.00000000 0.00 0.00 0.00 522.00 523.00 522.00 526.00 5 1 80 
23:59:53 9.07 0.00000000 0.00000000 0.00 0.00 0.00 521.00 522.00 522.00 527.00 5 1 80 
23:59:53 9.27 0.00000000 0.00000000 0.00 0.00 0.00 521.00 523.00 522.00 526.00 5 1 80 
23:59:53 9.47 0.00000000 0.00000000 0.00 0.00 0.00 521.00 523.00 522.00 526.00 5 1 80 
23:59:53 9.67 0.00000000 0.00000000 0.00 0.00 0.00 521.00 522.00 522.00 527.00 5 1 80 
23:59:53 9.87 0.00000000 0.00000000 0.00 0.00 0.00 521.00 523.00 522.00 526.00 5 1 80 
23:59:54 10.07 0.00000000 0.00000000 0.00 0.00 0.00 521.00 523.00 522.00 526.00 5 1 80 
23:59:54 10.27 0.00000000 0.00000000 0.00 0.00 0.00 521.00 523.00 522.00 527.00 5 1 80 
23:59:54 10.48 0.00000000 0.00000000 0.00 0.00 0.00 521.00 522.00 522.00 527.00 5 1 80 
23:59:54 10.68 0.00000000 0.00000000 0.00 0.00 0.00 521.00 523.00 522.00 526.00 5 1 80 
23:59:54 10.88 0.00000000 0.00000000 0.00 0.00 0.00 521.00 523.00 522.00 526.00 5 1 80 
23:59:55 11.08 0.00000000 0.00000000 0.00 0.00 0.00 522.00 522.00 522.00 526.00 5 1 80 
23:59:55 11.28 0.00000000 0.00000000 0.00 0.00 0.00 521.00 523.00 522.00 526.00 5 1 80 
23:59:55 11.48 0.00000000 0.00000000 0.00 0.00 0.00 521.00 523.00 522.00 526.00 5 1 80 
23:59:55 11.68 0.00000000 0.00000000 0.00 0.00 0.00 521.00 522.00 522.00 526.00 5 1 80 
23:59:55 11.88 0.00000000 0.00000000 0.00 0.00 0.00 521.00 523.00 522.00 526.00 5 1 80 
23:59:56 12.08 0.00000000 0.00000000 0.00 0.00 0.00 521.00 522.00 522.00 526.00 5 1 80 
23:59:56 12.28 0.00000000 0.00000000 0.00 0.00 0.00 521.00 522.00 521.00 526.00 5 1 80 
23:59:56 12.48 0.00000000 0.00000000 0.00 0.00 0.00 521.00 523.00 522.00 526.00 5 1 80 
23:59:56 12.68 0.00000000 0.00000000 0.00 0.00 0.00 521.00 522.00 522.00 526.00 5 1 80 
23:59:56 12.88 0.00000000 0.00000000 0.00 0.00 0.00 521.00 522.00 522.00 526.00 5 1 80 
23:59:57 13.08 0.00000000 0.00000000 0.00 0.00 0.00 521.00 523.00 522.00 527.00 5 1 80 
23:59:57 13.28 0.00000000 0.00000000 0.00 0.00 0.00 521.00 522.00 522.00 526.00 5 1 80 
23:59:57 13.48 0.00000000 0.00000000 0.00 0.00 0.00 521.00 523.00 522.00 526.00 5 1 80 
23:59:57 13.69 0.00000000 0.00000000 0.00 0.00 0.00 520.00 522.00 522.00 526.00 5 1 80 
23:59:57 13.89 0.00000000 0.00000000 0.00 0.00 0.00 521.00 522.00 522.00 526.00 5 1 80 
23:59:58 14.09 0.00000000 0.00000000 0.00 0.00 0.00 521.00 523.00 522.00 526.00 5 1 80 
23:59:58 14.29 0.00000000 0.00000000 0.00 0.00 0.00 521.00 523.00 522.00 527.00 5 1 80 
23:59:58 14.49 0.00000000 0.00000000 0.00 0.00 0.00 521.00 522.00 522.00 527.00 5 1 80 
23:59:58 14.69 0.00000000 0.00000000 0.00 0.00 0.00 521.00 523.00 522.00 527.00 5 1 80 
23:59:58 14.89 0.00000000 0.00000000 0.00 0.00 0.00 521.00 523.00 522.00 527.00 5 1 80 
23:59:59 15.09 0.00000000 0.00000000 0.00 0.00 0.00 521.00 523.00 522.00 527.00 5 1 80 
23:59:59 15.29 0.00000000 0.00000000 0.00 0.00 0.00 523.00 523.00 522.00 527.00 5 1 80 
23:59:59 15.49 0.00000000 0.00000000 0.00 0.00 0.00 524.00 524.00 523.00 528.00 5 1 80 
23:59:59 15.69 0.00000000 0.00000000 0.00 0.00 0.00 524.00 524.00 523.00 528.00 5 1 80 
23:59:59 15.89 0.00000000 0.00000000 0.00 0.00 0.00 522.00 523.00 522.00 527.00 5 1 80 
0:0:0 16.09 0.00000000 0.00000000 0.00 0.00 0.00 521.00 522.00 521.00 527.00 6 1 80 
0:0:0 16.29 0.00000000 0.00000000 0.00 0.00 0.00 521.00 521.00 521.00 528.00 6 1 80 
0:0:0 16.50 0.00000000 0.00000000 0.00 0.00 0.00 521.00 521.00 521.00 527.00 6 1 80 
0:0:0 16.70 0.00000000 0.00000000 0.00 0.00 0.00 521.00 522.00 521.00 527.00 6 1 80 
0:0:0 16.90 0.00000000 0.00000000 0.00 0.00 0.00 521.00 521.00 521.00 527.00 6 1 80 
0:0:1 17.10 0.00000000 0.00000000 0.00 0.00 0.00 521.00 521.00 521.00 527.00 6 1 80 
0:0:1 17.30 0.00000000 0.00000000 0.00 0.00 0.00 521.00 522.00 521.00 527.00 6 1 80 
0:0:1 17.50 0.00000000 0.00000000 0.00 0.00 0.00 520.00 522.00 521.00 527.00 6 1 80 
0:0:1 17.70 0.00000000 0.00000000 0.00 0.00 0.00 520.00 522.00 522.00 527.00 6 1 80 
0:0:1 17.90 0.00000000 0.00000000 0.00 0.00 0.00 521.00 523.00 524.00 527.00 6 1 80 
0:0:2 18.10 0.00000000 0.00000000 0.00 0.00 0.00 520.00 523.00 522.00 527.00 6 1 80 
0:0:2 18.30 0.00000000 0.00000000 0.00 0.00 0.00 521.00 523.00 522.00 527.00 6 1 80 
0:0:2 18.51 0.00000000 0.00000000 0.00 0.00 0.00 521.00 524.00 522.00 526.00 6 1 80 
0:0:2 18.71 0.00000000 0.00000000 0.00 0.00 0.00 521.00 524.00 522.00 526.00 6 1 80 
0:0:2 18.91 0.00000000 0.00000000 0.00 0.00 0.00 521.00 524.00 522.00 526.00 6 1 80 
0:0:3 19.11 0.00000000 0.00000000 0.00 0.00 0.00 521.00 524.00 522.00 527.00 6 1 80 
0:0:3 19.31 0.00000000 0.00000000 0.00 0.00 0.00 521.00 523.00 521.00 527.00 6 1 80 
0:0:3 19.51 0.00000000 0.00000000 0.00 0.00 0.00 521.00 523.00 522.00 526.00 6 1 80 
0:0:3 19.71 0.00000000 0.00000000 0.00 0.00 0.00 521.00 523.00 522.00 527.00 6 1 80 
0:0:3 19.91 0.00000000 0.00000000 0.00 0.00 0.00 521.00 523.00 522.00 527.00 6 1 80 
0:0:4 20.11 0.00000000 0.00000000 0.00 0.00 0.00 521.00 523.00 522.00 526.00 6 1 80 
0:0:4 20.31 0.00000000 0.00000000 0.00 0.00 0.00 521.00 523.00 522.00 526.00 6 1 80 
0:0:4 20.52 0.00000000 0.00000000 0.00 0.00 0.00 521.00 522.00 522.00 526.00 6 1 80 
0:0:4 20.72 0.00000000 0.00000000 0.00 0.00 0.00 521.00 523.00 522.00 526.00 6 1 80 
0:0:4 20.92 0.00000000 0.00000000 0.00 0.00 0.00 521.00 523.00 522.00 527.00 6 1 80 
0:0:5 21.12 0.00000000 0.00000000 0.00 0.00 0.00 521.00 522.00 522.00 526.00 6 1 80 
0:0:5 21.32 0.00000000 0.00000000 0.00 0.00 0.00 521.00 523.00 522.00 526.00 6 1 80 
0:0:5 21.52 0.00000000 0.00000000 0.00 0.00 0.00 521.00 523.00 522.00 527.00 6 1 80 
0:0:5 21.72 0.00000000 0.00000000 0.00 0.00 0.00 521.00 523.00 521.00 527.00 6 1 80 
0:0:5 21.92 0.00000000 0.00000000 0.00 0.00 0.00 521.00 523.00 521.00 527.00 6 1 80 
0:0:5 22.12 0.00000000 0.00000000 0.00 0.00 0.00 521.00 523.00 521.00 526.00 6 1 80 
0:0:5 22.33 0.00000000 0.00000000 0.00 0.00 0.00 521.00 522.00 522.00 526.00 6 1 80 
0:0:5 22.53 0.00000000 0.00000000 0.00 0.00 0.00 521.00 522.00 523.00 526.00 6 1 80 
0:0:5 22.73 0.00000000 0.00000000 0.00 0.00 0.00 521.00 522.00 522.00 526.00 6 1 80 
0:0:5 22.93 0.00000000 0.00000000 0.00 0.00 0.00 521.00 522.00 522.00 526.00 6 1 80 
0:0:5 23.13 0.00000000 0.00000000 0.00 0.00 0.00 521.00 523.00 522.00 526.00 6 1 80 
0:0:5 23.33 0.00000000 0.00000000 0.00 0.00 0.00 521.00 522.00 522.00 527.00 6 1 80 
0:0:5 23.53 0.00000000 0.00000000 0.00 0.00 0.00 521.00 522.00 521.00 526.00 6 1 80 
0:0:5 23.73 0.00000000 0.00000000 0.00 0.00 0.00 521.00 523.00 522.00 527.00 6 1 80 
0:0:5 23.94 0.00000000 0.00000000 0.00 0.00 0.00 521.00 522.00 522.00 526.00 6 1 80 
0:0:5 24.14 0.00000000 0.00000000 0.00 0.00 0.00 521.00 523.00 522.00 527.00 6 1 80 
0:0:5 24.34 0.00000000 0.00000000 0.00 0.00 0.00 521.00 522.00 522.00 527.00 6 1 80 
0:0:5 24.54 0.00000000 0.00000000 0.00 0.00 0.00 521.00 523.00 522.00 527.00 6 1 80 
0:0:5 24.74 0.00000000 0.00000000 0.00 0.00 0.00 521.00 522.00 522.00 527.00 6 1 80 
0:0:5 24.94 0.00000000 0.00000000 0.00 0.00 0.00 521.00 522.00 522.00 527.00 6 1 80 
0:0:5 25.14 0.00000000 0.00000000 0.00 0.00 0.00 521.00 523.00 522.00 526.00 6 1 80 
0:0:5 25.34 0.00000000 0.00000000 0.00 0.00 0.00 521.00 523.00 522.00 526.00 6 1 80 
0:0:5 25.55 0.00000000 0.00000000 0.00 0.00 0.00 521.00 523.00 522.00 527.00 6 1 80 
0:0:5 25.75 0.00000000 0.00000000 0.00 0.00 0.00 521.00 523.00 522.00 527.00 6 1 80 
0:0:5 25.95 0.00000000 0.00000000 0.00 0.00 0.00 521.00 522.00 522.00 527.00 6 1 80 
0:0:5 26.15 0.00000000 0.00000000 0.00 0.00 0.00 521.00 522.00 522.00 526.00 6 1 80 
0:0:5 26.35 0.00000000 0.00000000 0.00 0.00 0.00 521.00 523.00 522.00 526.00 6 1 80 
0:0:5 26.55 0.00000000 0.00000000 0.00 0.00 0.00 521.00 522.00 522.00 526.00 6 1 80 
0:0:5 26.75 0.00000000 0.00000000 0.00 0.00 0.00 521.00 522.00 522.00 527.00 6 1 80 
0:0:5 26.95 0.00000000 0.00000000 0.00 0.00 0.00 521.00 522.00 522.00 526.00 6 1 80 
0:0:5 27.15 0.00000000 0.00000000 0.00 0.00 0.00 521.00 522.00 523.00 526.00 6 1 80 
0:0:5 27.36 0.00000000 0.00000000 0.00 0.00 0.00 521.00 523.00 522.00 526.00 6 1 80 
0:0:5 27.56 0.00000000 0.00000000 0.00 0.00 0.00 521.00 522.00 522.00 527.00 6 1 80 
0:0:5 27.76 0.00000000 0.00000000 0.00 0.00 0.00 521.00 523.00 523.00 527.00 6 1 80 
0:0:5 27.96 0.00000000 0.00000000 0.00 0.00 0.00 521.00 523.00 522.00 527.00 6 1 80 
0:0:5 28.16 0.00000000 0.00000000 0.00 0.00 0.00 521.00 523.00 521.00 526.00 6 1 80 
0:0:5 28.36 0.00000000 0.00000000 0.00 0.00 0.00 521.00 522.00 522.00 527.00 6 1 80 
0:0:5 28.56 0.00000000 0.00000000 0.00 0.00 0.00 521.00 522.00 522.00 527.00 6 1 80 
0:0:5 28.76 0.00000000 0.00000000 0.00 0.00 0.00 521.00 523.00 522.00 527.00 6 1 80 
0:0:5 28.96 0.00000000 0.00000000 0.00 0.00 0.00 521.00 522.00 522.00 527.00 6 1 80 
0:0:13 29.17 0.00000000 0.00000000 0.00 0.00 0.00 521.00 523.00 522.00 527.00 6 1 80 
0:0:13 29.37 0.00000000 0.00000000 0.00 0.00 0.00 521.00 522.00 522.00 527.00 6 1 80 
0:0:13 29.57 0.00000000 0.00000000 0.00 0.00 0.00 521.00 522.00 522.00 527.00 6 1 80 
0:0:13 29.77 0.00000000 0.00000000 0.00 0.00 0.00 521.00 522.00 522.00 526.00 6 1 80 
0:0:13 29.97 0.00000000 0.00000000 0.00 0.00 0.00 521.00 522.00 522.00 527.00 6 1 80 
0:0:14 30.17 0.00000000 0.00000000 0.00 0.00 0.00 521.00 522.00 521.00 527.00 6 1 80 
0:0:14 30.37 0.00000000 0.00000000 0.00 0.00 0.00 521.00 522.00 522.00 527.00 6 1 80 
0:0:14 30.57 0.00000000 0.00000000 0.00 0.00 0.00 521.00 522.00 522.00 527.00 6 1 80 
0:0:14 30.77 0.00000000 0.00000000 0.00 0.00 0.00 521.00 522.00 522.00 527.00 6 1 80 
0:0:15 30.98 0.00000000 0.00000000 0.00 0.00 0.00 521.00 523.00 522.00 527.00 6 1 80 
0:0:15 31.18 0.00000000 0.00000000 0.00 0.00 0.00 521.00 523.00 522.00 527.00 6 1 80 
0:0:15 31.38 0.00000000 0.00000000 0.00 0.00 0.00 521.00 522.00 522.00 527.00 6 1 80 
0:0:15 31.58 0.00000000 0.00000000 0.00 0.00 0.00 521.00 523.00 522.00 527.00 6 1 80 
0:0:15 31.79 0.00000000 0.00000000 0.00 0.00 0.00 521.00 523.00 522.00 526.00 6 1 80 
0:0:16 31.99 0.00000000 0.00000000 0.00 0.00 0.00 521.00 523.00 522.00 527.00 6 1 80 
0:0:16 32.19 0.00000000 0.00000000 0.00 0.00 0.00 521.00 522.00 522.00 527.00 6 1 80 
0:0:16 32.39 0.00000000 0.00000000 0.00 0.00 0.00 521.00 523.00 522.00 527.00 6 1 80 
0:0:16 32.59 0.00000000 0.00000000 0.00 0.00 0.00 521.00 522.00 522.00 527.00 6 1 80 
0:0:16 32.79 0.00000000 0.00000000 0.00 0.00 0.00 521.00 523.00 522.00 526.00 6 1 80 
0:0:17 32.99 0.00000000 0.00000000 0.00 0.00 0.00 521.00 522.00 522.00 526.00 6 1 80 
0:0:17 33.20 0.00000000 0.00000000 0.00 0.00 0.00 521.00 523.00 522.00 526.00 6 1 80 
0:0:17 33.40 0.00000000 0.00000000 0.00 0.00 0.00 521.00 522.00 522.00 527.00 6 1 80 
0:0:17 33.60 0.00000000 0.00000000 0.00 0.00 0.00 521.00 522.00 522.00 527.00 6 1 80 
0:0:17 33.80 0.00000000 0.00000000 0.00 0.00 0.00 521.00 522.00 522.00 527.00 6 1 80 
0:0:18 34.00 0.00000000 0.00000000 0.00 0.00 0.00 521.00 523.00 522.00 527.00 6 1 80 
0:0:18 34.20 0.00000000 0.00000000 0.00 0.00 0.00 521.00 523.00 522.00 527.00 6 1 80 
0:0:18 34.40 0.00000000 0.00000000 0.00 0.00 0.00 521.00 522.00 522.00 527.00 6 1 80 
0:0:18 34.60 0.00000000 0.00000000 0.00 0.00 0.00 521.00 522.00 522.00 527.00 6 1 80 
0:0:18 34.80 0.00000000 0.00000000 0.00 0.00 0.00 521.00 523.00 522.00 526.00 6 1 80 
0:0:19 35.01 0.00000000 0.00000000 0.00 0.00 0.00 521.00 523.00 522.00 527.00 6 1 80 
0:0:19 35.21 0.00000000 0.00000000 0.00 0.00 0.00 521.00 522.00 522.00 527.00 6 1 80 
0:0:19 35.41 0.00000000 0.00000000 0.00 0.00 0.00 521.00 523.00 522.00 527.00 6 1 80 
0:0:19 35.61 0.00000000 0.00000000 0.00 0.00 0.00 521.00 523.00 522.00 526.00 6 1 80 
0:0:19 35.81 0.00000000 0.00000000 0.00 0.00 0.00 521.00 522.00 522.00 527.00 6 1 80 
0:0:20 36.01 0.00000000 0.00000000 0.00 0.00 0.00 521.00 522.00 522.00 527.00 6 1 80 
0:0:20 36.21 0.00000000 0.00000000 0.00 0.00 0.00 521.00 522.00 522.00 526.00 6 1 80 
0:0:20 36.41 0.00000000 0.00000000 0.00 0.00 0.00 521.00 522.00 522.00 526.00 6 1 80 
0:0:20 36.62 0.00000000 0.00000000 0.00 0.00 0.00 521.00 523.00 522.00 526.00 6 1 80 
0:0:20 36.82 0.00000000 0.00000000 0.00 0.00 0.00 521.00 522.00 521.00 527.00 6 1 80 
0:0:21 37.02 0.00000000 0.00000000 0.00 0.00 0.00 521.00 523.00 522.00 526.00 6 1 80 
0:0:21 37.22 0.00000000 0.00000000 0.00 0.00 0.00 521.00 523.00 522.00 527.00 6 1 80 
0:0:21 37.42 0.00000000 0.00000000 0.00 0.00 0.00 521.00 523.00 522.00 526.00 6 1 80 
0:0:21 37.62 0.00000000 0.00000000 0.00 0.00 0.00 521.00 523.00 521.00 526.00 6 1 80 
0:0:21 37.82 0.00000000 0.00000000 0.00 0.00 0.00 521.00 522.00 522.00 526.00 6 1 80 
0:0:22 38.02 0.00000000 0.00000000 0.00 0.00 0.00 521.00 522.00 522.00 526.00 6 1 80 
0:0:22 38.22 0.00000000 0.00000000 0.00 0.00 0.00 521.00 522.00 522.00 526.00 6 1 80 
0:0:22 38.43 0.00000000 0.00000000 0.00 0.00 0.00 521.00 523.00 522.00 527.00 6 1 80 
0:0:22 38.63 0.00000000 0.00000000 0.00 0.00 0.00 521.00 522.00 522.00 526.00 6 1 80 
0:0:22 38.83 0.00000000 0.00000000 0.00 0.00 0.00 521.00 523.00 522.00 526.00 6 1 80 
0:0:23 39.03 0.00000000 0.00000000 0.00 0.00 0.00 521.00 523.00 522.00 527.00 6 1 80 
0:0:23 39.23 0.00000000 0.00000000 0.00 0.00 0.00 521.00 523.00 522.00 527.00 6 1 80 
0:0:23 39.43 0.00000000 0.00000000 0.00 0.00 0.00 521.00 523.00 522.00 527.00 6 1 80 
0:0:23 39.63 0.00000000 0.00000000 0.00 0.00 0.00 521.00 523.00 522.00 526.00 6 1 80 
0:0:23 39.83 0.00000000 0.00000000 0.00 0.00 0.00 521.00 522.00 522.00 526.00 6 1 80 
0:0:24 40.03 0.00000000 0.00000000 0.00 0.00 0.00 521.00 523.00 522.00 527.00 6 1 80 
0:0:24 40.24 0.00000000 0.00000000 0.00 0.00 0.00 521.00 523.00 522.00 527.00 6 1 80 
0:0:24 40.44 0.00000000 0.00000000 0.00 0.00 0.00 521.00 523.00 522.00 527.00 6 1 80 
0:0:24 40.64 0.00000000 0.00000000 0.00 0.00 0.00 521.00 523.00 522.00 526.00 6 1 80 
0:0:24 40.84 0.00000000 0.00000000 0.00 0.00 0.00 521.00 523.00 522.00 527.00 6 1 80 
0:0:25 41.04 0.00000000 0.00000000 0.00 0.00 0.00 521.00 523.00 522.00 526.00 6 1 80 
0:0:25 41.24 0.00000000 0.00000000 0.00 0.00 0.00 521.00 523.00 522.00 527.00 6 1 80 
0:0:25 41.44 0.00000000 0.00000000 0.00 0.00 0.00 521.00 523.00 522.00 526.00 6 1 80 
0:0:25 41.64 0.00000000 0.00000000 0.00 0.00 0.00 521.00 523.00 522.00 527.00 6 1 80 
0:0:25 41.84 0.00000000 0.00000000 0.00 0.00 0.00 521.00 522.00 522.00 527.00 6 1 80 
0:0:26 42.04 0.00000000 0.00000000 0.00 0.00 0.00 521.00 522.00 522.00 526.00 6 1 80 
0:0:26 42.25 0.00000000 0.00000000 0.00 0.00 0.00 521.00 523.00 521.00 527.00 6 1 80 
0:0:26 42.45 0.00000000 0.00000000 0.00 0.00 0.00 521.00 522.00 522.00 527.00 6 1 80 
0:0:26 42.65 0.00000000 0.00000000 0.00 0.00 0.00 521.00 522.00 522.00 527.00 6 1 80 
0:0:26 42.85 0.00000000 0.00000000 0.00 0.00 0.00 521.00 522.00 522.00 527.00 6 1 80 
0:0:27 43.05 0.00000000 0.00000000 0.00 0.00 0.00 521.00 523.00 522.00 527.00 6 1 80 
0:0:27 43.25 0.00000000 0.00000000 0.00 0.00 0.00 521.00 522.00 522.00 527.00 6 1 80 
0:0:27 43.45 0.00000000 0.00000000 0.00 0.00 0.00 521.00 522.00 522.00 527.00 6 1 80 
0:0:27 43.65 0.00000000 0.00000000 0.00 0.00 0.00 521.00 522.00 522.00 527.00 6 1 80 
0:0:27 43.86 0.00000000 0.00000000 0.00 0.00 0.00 521.00 522.00 522.00 527.00 6 1 80 
0:0:28 44.06 0.00000000 0.00000000 0.00 0.00 0.00 521.00 523.00 522.00 527.00 6 1 80 
0:0:28 44.26 0.00000000 0.00000000 0.00 0.00 0.00 521.00 523.00 522.00 527.00 6 1 80 
0:0:28 44.46 0.00000000 0.00000000 0.00 0.00 0.00 521.00 523.00 522.00 527.00 6 1 80 
0:0:28 44.66 0.00000000 0.00000000 0.00 0.00 0.00 521.00 523.00 522.00 526.00 6 1 80 
0:0:28 44.86 0.00000000 0.00000000 0.00 0.00 0.00 521.00 522.00 522.00 527.00 6 1 80 
0:0:29 45.06 0.00000000 0.00000000 0.00 0.00 0.00 521.00 523.00 522.00 527.00 6 1 80 
0:0:29 45.26 0.00000000 0.00000000 0.00 0.00 0.00 521.00 522.00 523.00 527.00 6 1 80 
0:0:29 45.46 0.00000000 0.00000000 0.00 0.00 0.00 521.00 523.00 522.00 526.00 6 1 80 
0:0:29 45.67 0.00000000 0.00000000 0.00 0.00 0.00 522.00 522.00 522.00 527.00 6 1 80 
0:0:29 45.87 0.00000000 0.00000000 0.00 0.00 0.00 521.00 523.00 522.00 527.00 6 1 80 
0:0:30 46.07 0.00000000 0.00000000 0.00 0.00 0.00 521.00 522.00 522.00 525.00 6 1 80 
0:0:30 46.27 0.00000000 0.00000000 0.00 0.00 0.00 522.00 523.00 522.00 527.00 6 1 80 
0:0:30 46.47 0.00000000 0.00000000 0.00 0.00 0.00 521.00 522.00 522.00 527.00 6 1 80 
0:0:30 46.67 0.00000000 0.00000000 0.00 0.00 0.00 521.00 523.00 522.00 527.00 6 1 80 
0:0:30 46.87 0.00000000 0.00000000 0.00 0.00 0.00 521.00 523.00 522.00 526.00 6 1 80 
0:0:31 47.07 0.00000000 0.00000000 0.00 0.00 0.00 521.00 523.00 522.00 527.00 6 1 80 
0:0:31 47.28 0.00000000 0.00000000 0.00 0.00 0.00 521.00 523.00 522.00 526.00 6 1 80 
0:0:31 47.48 0.00000000 0.00000000 0.00 0.00 0.00 521.00 523.00 522.00 526.00 6 1 80 
0:0:31 47.68 0.00000000 0.00000000 0.00 0.00 0.00 521.00 523.00 522.00 526.00 6 1 80 
0:0:31 47.88 0.00000000 0.00000000 0.00 0.00 0.00 521.00 522.00 522.00 527.00 6 1 80 
0:0:32 48.08 0.00000000 0.00000000 0.00 0.00 0.00 521.00 522.00 522.00 527.00 6 1 80 
0:0:32 48.28 0.00000000 0.00000000 0.00 0.00 0.00 521.00 522.00 522.00 527.00 6 1 80 
0:0:32 48.48 0.00000000 0.00000000 0.00 0.00 0.00 521.00 523.00 521.00 527.00 6 1 80 
0:0:32 48.68 0.00000000 0.00000000 0.00 0.00 0.00 521.00 522.00 522.00 526.00 6 1 80 
0:0:32 48.88 0.00000000 0.00000000 0.00 0.00 0.00 521.00 523.00 522.00 526.00 6 1 80 
0:0:33 49.09 0.00000000 0.00000000 0.00 0.00 0.00 521.00 522.00 522.00 527.00 6 1 80 
0:0:33 49.29 0.00000000 0.00000000 0.00 0.00 0.00 521.00 522.00 522.00 526.00 6 1 80 
0:0:33 49.49 0.00000000 0.00000000 0.00 0.00 0.00 521.00 523.00 522.00 526.00 6 1 80 
0:0:33 49.69 0.00000000 0.00000000 0.00 0.00 0.00 521.00 523.00 521.00 527.00 6 1 80 
0:0:33 49.89 0.00000000 0.00000000 0.00 0.00 0.00 521.00 522.00 522.00 527.00 6 1 80 
0:0:34 50.09 0.00000000 0.00000000 0.00 0.00 0.00 521.00 523.00 522.00 527.00 6 1 80 
0:0:34 50.29 0.00000000 0.00000000 0.00 0.00 0.00 521.00 522.00 522.00 527.00 6 1 80 
0:0:34 50.49 0.00000000 0.00000000 0.00 0.00 0.00 521.00 523.00 522.00 527.00 6 1 80 
0:0:34 50.69 0.00000000 0.00000000 0.00 0.00 0.00 521.00 522.00 521.00 526.00 6 1 80 
0:0:34 50.90 0.00000000 0.00000000 0.00 0.00 0.00 522.00 522.00 522.00 526.00 6 1 80 
0:0:35 51.10 0.00000000 0.00000000 0.00 0.00 0.00 522.00 522.00 522.00 526.00 6 1 80 
0:0:35 51.30 0.00000000 0.00000000 0.00 0.00 0.00 521.00 523.00 522.00 527.00 6 1 80 
0:0:35 51.50 0.00000000 0.00000000 0.00 0.00 0.00 521.00 523.00 522.00 527.00 6 1 80 
0:0:35 51.70 0.00000000 0.00000000 0.00 0.00 0.00 521.00 523.00 522.00 526.00 6 1 80 
0:0:35 51.90 0.00000000 0.00000000 0.00 0.00 0.00 521.00 523.00 522.00 527.00 6 1 80 
0:0:36 52.10 0.00000000 0.00000000 0.00 0.00 0.00 520.00 522.00 522.00 527.00 6 1 80 
0:0:36 52.30 0.00000000 0.00000000 0.00 0.00 0.00 521.00 523.00 522.00 526.00 6 1 80 
0:0:36 52.50 0.00000000 0.00000000 0.00 0.00 0.00 521.00 522.00 522.00 527.00 6 1 80 
0:0:36 52.71 0.00000000 0.00000000 0.00 0.00 0.00 521.00 523.00 522.00 527.00 6 1 80 
0:0:36 52.91 0.00000000 0.00000000 0.00 0.00 0.00 521.00 523.00 522.00 527.00 6 1 80 
0:0:37 53.11 0.00000000 0.00000000 0.00 0.00 0.00 521.00 522.00 522.00 527.00 6 1 80 
0:0:37 53.31 0.00000000 0.00000000 0.00 0.00 0.00 520.00 522.00 522.00 527.00 6 1 80 
0:0:37 53.51 0.00000000 0.00000000 0.00 0.00 0.00 521.00 522.00 522.00 527.00 6 1 80 
0:0:37 53.71 0.00000000 0.00000000 0.00 0.00 0.00 521.00 523.00 522.00 526.00 6 1 80 
0:0:37 53.91 0.00000000 0.00000000 0.00 0.00 0.00 521.00 522.00 522.00 526.00 6 1 80 
0:0:38 54.11 0.00000000 0.00000000 0.00 0.00 0.00 521.00 523.00 522.00 526.00 6 1 80 
0:0:38 54.31 0.00000000 0.00000000 0.00 0.00 0.00 521.00 523.00 522.00 527.00 6 1 80 
0:0:38 54.52 0.00000000 0.00000000 0.00 0.00 0.00 521.00 523.00 522.00 526.00 6 1 80 
0:0:38 54.72 0.00000000 0.00000000 0.00 0.00 0.00 521.00 523.00 522.00 527.00 6 1 80 
0:0:38 54.92 0.00000000 0.00000000 0.00 0.00 0.00 521.00 523.00 522.00 526.00 6 1 80 
0:0:39 55.12 0.00000000 0.00000000 0.00 0.00 0.00 521.00 522.00 522.00 527.00 6 1 80 
0:0:39 55.32 0.00000000 0.00000000 0.00 0.00 0.00 521.00 522.00 522.00 526.00 6 1 80 
0:0:39 55.52 0.00000000 0.00000000 0.00 0.00 0.00 522.00 522.00 522.00 527.00 6 1 80 
0:0:39 55.72 0.00000000 0.00000000 0.00 0.00 0.00 521.00 522.00 522.00 526.00 6 1 80 
0:0:39 55.92 0.00000000 0.00000000 0.00 0.00 0.00 521.00 522.00 522.00 527.00 6 1 80 
0:0:40 56.13 0.00000000 0.00000000 0.00 0.00 0.00 522.00 523.00 522.00 527.00 6 1 80 
0:0:40 56.33 0.00000000 0.00000000 0.00 0.00 0.00 521.00 523.00 522.00 527.00 6 1 80 
0:0:40 56.53 0.00000000 0.00000000 0.00 0.00 0.00 521.00 522.00 522.00 527.00 6 1 80 
0:0:40 56.73 0.00000000 0.00000000 0.00 0.00 0.00 521.00 523.00 522.00 527.00 6 1 80 
0:0:40 56.93 0.00000000 0.00000000 0.00 0.00 0.00 521.00 523.00 522.00 527.00 6 1 80 
0:0:40 57.13 0.00000000 0.00000000 0.00 0.00 0.00 521.00 522.00 522.00 527.00 6 1 80 
0:0:40 57.33 0.00000000 0.00000000 0.00 0.00 0.00 521.00 523.00 522.00 527.00 6 1 80 
0:0:40 57.53 0.00000000 0.00000000 0.00 0.00 0.00 521.00 523.00 522.00 527.00 6 1 80 
0:0:40 57.73 0.00000000 0.00000000 0.00 0.00 0.00 521.00 522.00 522.00 527.00 6 1 80 
0:0:40 57.94 0.00000000 0.00000000 0.00 0.00 0.00 521.00 522.00 522.00 527.00 6 1 80 
0:0:40 58.14 0.00000000 0.00000000 0.00 0.00 0.00 521.00 523.00 522.00 527.00 6 1 80 
0:0:40 58.34 0.00000000 0.00000000 0.00 0.00 0.00 521.00 523.00 522.00 526.00 6 1 80 
0:0:40 58.54 0.00000000 0.00000000 0.00 0.00 0.00 521.00 522.00 522.00 526.00 6 1 80 
0:0:40 58.74 0.00000000 0.00000000 0.00 0.00 0.00 521.00 522.00 522.00 526.00 6 1 80 
0:0:40 58.94 0.00000000 0.00000000 0.00 0.00 0.00 521.00 523.00 522.00 527.00 6 1 80 
0:0:40 59.14 0.00000000 0.00000000 0.00 0.00 0.00 521.00 522.00 522.00 527.00 6 1 80 
0:0:40 59.34 0.00000000 0.00000000 0.00 0.00 0.00 521.00 523.00 522.00 527.00 6 1 80 
0:0:40 59.54 0.00000000 0.00000000 0.00 0.00 0.00 521.00 523.00 521.00 527.00 6 1 80 
0:0:40 59.75 0.00000000 0.00000000 0.00 0.00 0.00 521.00 522.00 522.00 527.00 6 1 80 
0:0:40 59.95 0.00000000 0.00000000 0.00 0.00 0.00 521.00 522.00 522.00 527.00 6 1 80 
0:0:40 60.15 0.00000000 0.00000000 0.00 0.00 0.00 521.00 523.00 522.00 526.00 6 1 80 
0:0:40 60.35 0.00000000 0.00000000 0.00 0.00 0.00 521.00 522.00 523.00 527.00 6 1 80 
0:0:40 60.55 0.00000000 0.00000000 0.00 0.00 0.00 521.00 522.00 522.00 527.00 6 1 80 
0:0:40 60.75 0.00000000 0.00000000 0.00 0.00 0.00 521.00 523.00 522.00 526.00 6 1 80 
0:0:40 60.95 0.00000000 0.00000000 0.00 0.00 0.00 521.00 523.00 522.00 526.00 6 1 80 
0:0:40 61.15 0.00000000 0.00000000 0.00 0.00 0.00 521.00 522.00 522.00 526.00 6 1 80 
0:0:40 61.36 0.00000000 0.00000000 0.00 0.00 0.00 521.00 523.00 522.00 526.00 6 1 80 
0:0:40 61.56 0.00000000 0.00000000 0.00 0.00 0.00 521.00 523.00 522.00 527.00 6 1 80 
0:0:40 61.76 0.00000000 0.00000000 0.00 0.00 0.00 521.00 523.00 522.00 526.00 6 1 80 
0:0:40 61.96 0.00000000 0.00000000 0.00 0.00 0.00 521.00 522.00 521.00 527.00 6 1 80 
0:0:40 62.16 0.00000000 0.00000000 0.00 0.00 0.00 521.00 522.00 522.00 527.00 6 1 80 
0:0:40 62.36 0.00000000 0.00000000 0.00 0.00 0.00 521.00 522.00 522.00 527.00 6 1 80 
0:0:40 62.56 0.00000000 0.00000000 0.00 0.00 0.00 521.00 523.00 522.00 526.00 6 1 80 
0:0:40 62.76 0.00000000 0.00000000 0.00 0.00 0.00 521.00 522.00 522.00 527.00 6 1 80 
0:0:40 62.97 0.00000000 0.00000000 0.00 0.00 0.00 521.00 523.00 521.00 526.00 6 1 80 
0:0:40 63.17 0.00000000 0.00000000 0.00 0.00 0.00 521.00 523.00 522.00 527.00 6 1 80 
0:0:40 63.37 0.00000000 0.00000000 0.00 0.00 0.00 521.00 522.00 522.00 527.00 6 1 80 
0:0:40 63.57 0.00000000 0.00000000 0.00 0.00 0.00 521.00 523.00 522.00 526.00 6 1 80 
0:0:40 63.77 0.00000000 0.00000000 0.00 0.00 0.00 521.00 523.00 522.00 527.00 6 1 80 
0:0:40 63.97 0.00000000 0.00000000 0.00 0.00 0.00 521.00 522.00 522.00 526.00 6 1 80 
0:0:40 64.17 0.00000000 0.00000000 0.00 0.00 0.00 521.00 523.00 522.00 526.00 6 1 80 
0:0:40 64.37 0.00000000 0.00000000 0.00 0.00 0.00 521.00 523.00 522.00 526.00 6 1 80 
0:0:40 64.57 0.00000000 0.00000000 0.00 0.00 0.00 521.00 523.00 522.00 527.00 6 1 80 
0:0:40 64.77 0.00000000 0.00000000 0.00 0.00 0.00 521.00 522.00 522.00 526.00 6 1 80 
0:0:40 64.97 0.00000000 0.00000000 0.00 0.00 0.00 521.00 522.00 522.00 527.00 6 1 80 
0:0:49 65.17 0.00000000 0.00000000 0.00 0.00 0.00 521.00 523.00 522.00 527.00 6 1 80 
0:0:49 65.37 0.00000000 0.00000000 0.00 0.00 0.00 521.00 523.00 522.00 527.00 6 1 80 
0:0:49 65.58 0.00000000 0.00000000 0.00 0.00 0.00 521.00 523.00 522.00 527.00 6 1 80 
0:0:49 65.78 0.00000000 0.00000000 0.00 0.00 0.00 521.00 523.00 522.00 526.00 6 1 80 
0:0:49 65.98 0.00000000 0.00000000 0.00 0.00 0.00 521.00 523.00 522.00 527.00 6 1 80 
0:0:50 66.18 0.00000000 0.00000000 0.00 0.00 0.00 521.00 523.00 522.00 527.00 6 1 80 
0:0:50 66.38 0.00000000 0.00000000 0.00 0.00 0.00 521.00 523.00 522.00 527.00 6 1 80 
0:0:50 66.58 0.00000000 0.00000000 0.00 0.00 0.00 521.00 523.00 521.00 527.00 6 1 80 
0:0:50 66.78 0.00000000 0.00000000 0.00 0.00 0.00 521.00 523.00 522.00 526.00 6 1 80 
0:0:50 66.98 0.00000000 0.00000000 0.00 0.00 0.00 521.00 523.00 522.00 526.00 6 1 80 
0:0:51 67.18 0.00000000 0.00000000 0.00 0.00 0.00 521.00 523.00 522.00 527.00 6 1 80 
0:0:51 67.38 0.00000000 0.00000000 0.00 0.00 0.00 521.00 523.00 522.00 527.00 6 1 80 
0:0:51 67.58 0.00000000 0.00000000 0.00 0.00 0.00 521.00 523.00 522.00 527.00 6 1 80 
0:0:51 67.79 0.00000000 0.00000000 0.00 0.00 0.00 521.00 523.00 522.00 527.00 6 1 80 
0:0:51 67.99 0.00000000 0.00000000 0.00 0.00 0.00 521.00 523.00 521.00 527.00 6 1 80 
0:0:52 68.19 0.00000000 0.00000000 0.00 0.00 0.00 521.00 523.00 522.00 527.00 6 1 80 
0:0:52 68.39 0.00000000 0.00000000 0.00 0.00 0.00 521.00 522.00 522.00 527.00 6 1 80 
0:0:52 68.59 0.00000000 0.00000000 0.00 0.00 0.00 521.00 523.00 522.00 527.00 6 1 80 
0:0:52 68.79 0.00000000 0.00000000 0.00 0.00 0.00 521.00 523.00 522.00 527.00 6 1 80 
0:0:53 68.99 0.00000000 0.00000000 0.00 0.00 0.00 522.00 523.00 522.00 526.00 6 1 80 
0:0:53 69.19 0.00000000 0.00000000 0.00 0.00 0.00 521.00 523.00 522.00 527.00 6 1 80 
0:0:53 69.40 0.00000000 0.00000000 0.00 0.00 0.00 522.00 523.00 522.00 526.00 6 1 80 
0:0:53 69.60 0.00000000 0.00000000 0.00 0.00 0.00 521.00 523.00 522.00 527.00 6 1 80 
0:0:53 69.80 0.00000000 0.00000000 0.00 0.00 0.00 521.00 522.00 522.00 527.00 6 1 80 
0:0:54 70.00 0.00000000 0.00000000 0.00 0.00 0.00 521.00 523.00 522.00 527.00 6 1 80 
0:0:54 70.20 0.00000000 0.00000000 0.00 0.00 0.00 521.00 523.00 522.00 527.00 6 1 80 
0:0:54 70.40 0.00000000 0.00000000 0.00 0.00 0.00 521.00 523.00 522.00 527.00 6 1 80 
0:0:54 70.60 0.00000000 0.00000000 0.00 0.00 0.00 521.00 524.00 522.00 527.00 6 1 80 
0:0:54 70.80 0.00000000 0.00000000 0.00 0.00 0.00 521.00 523.00 522.00 527.00 6 1 80 
0:0:55 71.00 0.00000000 0.00000000 0.00 0.00 0.00 521.00 523.00 522.00 527.00 6 1 80 
0:0:55 71.20 0.00000000 0.00000000 0.00 0.00 0.00 521.00 522.00 522.00 526.00 6 1 80 
0:0:55 71.40 0.00000000 0.00000000 0.00 0.00 0.00 521.00 523.00 522.00 527.00 6 1 80 
0:0:55 71.61 0.00000000 0.00000000 0.00 0.00 0.00 521.00 523.00 522.00 526.00 6 1 80 
0:0:55 71.81 0.00000000 0.00000000 0.00 0.00 0.00 521.00 523.00 522.00 527.00 6 1 80 
0:0:56 72.01 0.00000000 0.00000000 0.00 0.00 0.00 521.00 523.00 522.00 527.00 6 1 80 
0:0:56 72.21 0.00000000 0.00000000 0.00 0.00 0.00 521.00 522.00 522.00 527.00 6 1 80 
0:0:56 72.41 0.00000000 0.00000000 0.00 0.00 0.00 521.00 522.00 522.00 526.00 6 1 80 
0:0:56 72.61 0.00000000 0.00000000 0.00 0.00 0.00 521.00 523.00 522.00 527.00 6 1 80 
0:0:56 72.81 0.00000000 0.00000000 0.00 0.00 0.00 521.00 523.00 522.00 526.00 6 1 80 
0:0:57 73.01 0.00000000 0.00000000 0.00 0.00 0.00 521.00 523.00 523.00 527.00 6 1 80 
0:0:57 73.21 0.00000000 0.00000000 0.00 0.00 0.00 520.00 523.00 522.00 527.00 6 1 80 
0:0:57 73.41 0.00000000 0.00000000 0.00 0.00 0.00 521.00 523.00 522.00 527.00 6 1 80 
0:0:57 73.61 0.00000000 0.00000000 0.00 0.00 0.00 521.00 522.00 520.00 527.00 6 1 80 
0:0:57 73.81 0.00000000 0.00000000 0.00 0.00 0.00 521.00 522.00 522.00 527.00 6 1 80 
0:0:58 74.02 0.00000000 0.00000000 0.00 0.00 0.00 521.00 523.00 522.00 527.00 6 1 80 
0:0:58 74.22 0.00000000 0.00000000 0.00 0.00 0.00 521.00 522.00 522.00 527.00 6 1 80 
0:0:58 74.42 0.00000000 0.00000000 0.00 0.00 0.00 521.00 522.00 522.00 527.00 6 1 80 
0:0:58 74.62 0.00000000 0.00000000 0.00 0.00 0.00 521.00 522.00 522.00 527.00 6 1 80 
0:0:58 74.82 0.00000000 0.00000000 0.00 0.00 0.00 521.00 523.00 521.00 526.00 6 1 80 
0:0:59 75.02 0.00000000 0.00000000 0.00 0.00 0.00 521.00 523.00 522.00 527.00 6 1 80 
0:0:59 75.22 0.00000000 0.00000000 0.00 0.00 0.00 521.00 523.00 522.00 527.00 6 1 80 
0:0:59 75.42 0.00000000 0.00000000 0.00 0.00 0.00 521.00 522.00 522.00 527.00 6 1 80 
0:0:59 75.62 0.00000000 0.00000000 0.00 0.00 0.00 521.00 523.00 522.00 527.00 6 1 80 
0:0:59 75.82 0.00000000 0.00000000 0.00 0.00 0.00 521.00 523.00 522.00 526.00 6 1 80 
0:1:0 76.02 0.00000000 0.00000000 0.00 0.00 0.00 521.00 521.00 522.00 527.00 6 1 80 
0:1:0 76.22 0.00000000 0.00000000 0.00 0.00 0.00 521.00 523.00 522.00 527.00 6 1 80 
0:1:0 76.42 0.00000000 0.00000000 0.00 0.00 0.00 521.00 523.00 522.00 527.00 6 1 80 
0:1:0 76.62 0.00000000 0.00000000 0.00 0.00 0.00 521.00 523.00 522.00 527.00 6 1 80 
0:1:0 76.83 0.00000000 0.00000000 0.00 0.00 0.00 521.00 523.00 522.00 527.00 6 1 80 
0:1:1 77.03 0.00000000 0.00000000 0.00 0.00 0.00 521.00 522.00 522.00 527.00 6 1 80 
0:1:1 77.23 0.00000000 0.00000000 0.00 0.00 0.00 521.00 522.00 522.00 527.00 6 1 80 
0:1:1 77.43 0.00000000 0.00000000 0.00 0.00 0.00 521.00 522.00 523.00 527.00 6 1 80 
0:1:1 77.63 0.00000000 0.00000000 0.00 0.00 0.00 521.00 523.00 522.00 527.00 6 1 80 
0:1:1 77.83 0.00000000 0.00000000 0.00 0.00 0.00 521.00 523.00 522.00 527.00 6 1 80 
0:1:2 78.03 0.00000000 0.00000000 0.00 0.00 0.00 521.00 522.00 522.00 527.00 6 1 80 
0:1:2 78.23 0.00000000 0.00000000 0.00 0.00 0.00 521.00 523.00 522.00 527.00 6 1 80 
0:1:2 78.43 0.00000000 0.00000000 0.00 0.00 0.00 521.00 523.00 522.00 527.00 6 1 80 
0:1:2 78.63 0.00000000 0.00000000 0.00 0.00 0.00 521.00 522.00 522.00 527.00 6 1 80 
0:1:2 78.83 0.00000000 0.00000000 0.00 0.00 0.00 521.00 523.00 522.00 526.00 6 1 80 
0:1:3 79.03 0.00000000 0.00000000 0.00 0.00 0.00 521.00 523.00 522.00 527.00 6 1 80 
0:1:3 79.23 0.00000000 0.00000000 0.00 0.00 0.00 521.00 523.00 522.00 527.00 6 1 80 
0:1:3 79.43 0.00000000 0.00000000 0.00 0.00 0.00 521.00 523.00 522.00 527.00 6 1 80 
0:1:3 79.63 0.00000000 0.00000000 0.00 0.00 0.00 521.00 523.00 520.00 527.00 6 1 80 
0:1:3 79.84 0.00000000 0.00000000 0.00 0.00 0.00 521.00 522.00 522.00 527.00 6 1 80 
0:1:4 80.04 0.00000000 0.00000000 0.00 0.00 0.00 521.00 522.00 522.00 527.00 6 1 80 
0:1:4 80.24 0.00000000 0.00000000 0.00 0.00 0.00 521.00 523.00 522.00 527.00 6 1 80 
0:1:4 80.44 0.00000000 0.00000000 0.00 0.00 0.00 522.00 523.00 522.00 527.00 6 1 80 
0:1:4 80.64 0.00000000 0.00000000 0.00 0.00 0.00 521.00 522.00 522.00 526.00 6 1 80 
0:1:4 80.84 0.00000000 0.00000000 0.00 0.00 0.00 522.00 523.00 522.00 526.00 6 1 80 
0:1:5 81.04 0.00000000 0.00000000 0.00 0.00 0.00 521.00 523.00 522.00 527.00 6 1 80 
0:1:5 81.24 0.00000000 0.00000000 0.00 0.00 0.00 522.00 523.00 522.00 527.00 6 1 80 
0:1:5 81.44 0.00000000 0.00000000 0.00 0.00 0.00 521.00 522.00 522.00 526.00 6 1 80 
0:1:5 81.64 0.00000000 0.00000000 0.00 0.00 0.00 521.00 522.00 522.00 527.00 6 1 80 
0:1:5 81.84 0.00000000 0.00000000 0.00 0.00 0.00 521.00 523.00 522.00 527.00 6 1 80 
0:1:6 82.04 0.00000000 0.00000000 0.00 0.00 0.00 521.00 523.00 522.00 526.00 6 1 80 
0:1:6 82.25 0.00000000 0.00000000 0.00 0.00 0.00 521.00 523.00 522.00 527.00 6 1 80 
0:1:6 82.45 0.00000000 0.00000000 0.00 0.00 0.00 521.00 523.00 522.00 527.00 6 1 80 
0:1:6 82.65 0.00000000 0.00000000 0.00 0.00 0.00 521.00 523.00 522.00 526.00 6 1 80 
0:1:6 82.85 0.00000000 0.00000000 0.00 0.00 0.00 521.00 522.00 523.00 527.00 6 1 80 
0:1:7 83.05 0.00000000 0.00000000 0.00 0.00 0.00 521.00 522.00 522.00 527.00 6 1 80 
0:1:7 83.25 0.00000000 0.00000000 0.00 0.00 0.00 521.00 523.00 522.00 526.00 6 1 80 
0:1:7 83.45 0.00000000 0.00000000 0.00 0.00 0.00 521.00 523.00 522.00 527.00 6 1 80 
0:1:7 83.65 0.00000000 0.00000000 0.00 0.00 0.00 521.00 522.00 522.00 527.00 6 1 80 
0:1:7 83.85 0.00000000 0.00000000 0.00 0.00 0.00 521.00 522.00 522.00 527.00 6 1 80 
0:1:8 84.05 0.00000000 0.00000000 0.00 0.00 0.00 521.00 522.00 522.00 527.00 6 1 80 
0:1:8 84.25 0.00000000 0.00000000 0.00 0.00 0.00 521.00 523.00 522.00 527.00 6 1 80 
0:1:8 84.45 0.00000000 0.00000000 0.00 0.00 0.00 521.00 523.00 522.00 525.00 6 1 80 
0:1:8 84.65 0.00000000 0.00000000 0.00 0.00 0.00 521.00 523.00 522.00 526.00 6 1 80 
0:1:8 84.85 0.00000000 0.00000000 0.00 0.00 0.00 521.00 522.00 522.00 527.00 6 1 80 
0:1:9 85.05 0.00000000 0.00000000 0.00 0.00 0.00 521.00 523.00 522.00 527.00 6 1 80 
0:1:9 85.25 0.00000000 0.00000000 0.00 0.00 0.00 521.00 523.00 522.00 527.00 6 1 80 
0:1:9 85.45 0.00000000 0.00000000 0.00 0.00 0.00 521.00 522.00 522.00 527.00 6 1 80 
0:1:9 85.66 0.00000000 0.00000000 0.00 0.00 0.00 521.00 522.00 522.00 527.00 6 1 80 
0:1:9 85.86 0.00000000 0.00000000 0.00 0.00 0.00 521.00 523.00 522.00 527.00 6 1 80 
0:1:10 86.06 0.00000000 0.00000000 0.00 0.00 0.00 521.00 523.00 522.00 527.00 6 1 80 
0:1:10 86.26 0.00000000 0.00000000 0.00 0.00 0.00 521.00 523.00 522.00 527.00 6 1 80 
0:1:10 86.46 0.00000000 0.00000000 0.00 0.00 0.00 521.00 523.00 522.00 527.00 6 1 80 
0:1:10 86.66 0.00000000 0.00000000 0.00 0.00 0.00 521.00 523.00 522.00 527.00 6 1 80 
0:1:10 86.86 0.00000000 0.00000000 0.00 0.00 0.00 521.00 523.00 522.00 525.00 6 1 80 
0:1:11 87.06 0.00000000 0.00000000 0.00 0.00 0.00 521.00 523.00 522.00 526.00 6 1 80 
0:1:11 87.26 0.00000000 0.00000000 0.00 0.00 0.00 521.00 522.00 522.00 527.00 6 1 80 
0:1:11 87.46 0.00000000 0.00000000 0.00 0.00 0.00 521.00 522.00 522.00 527.00 6 1 80 
0:1:11 87.66 0.00000000 0.00000000 0.00 0.00 0.00 521.00 522.00 522.00 528.00 6 1 80 
0:1:11 87.86 0.00000000 0.00000000 0.00 0.00 0.00 521.00 522.00 522.00 527.00 6 1 80 
0:1:12 88.06 0.00000000 0.00000000 0.00 0.00 0.00 521.00 522.00 522.00 527.00 6 1 80 
0:1:12 88.26 0.00000000 0.00000000 0.00 0.00 0.00 521.00 523.00 522.00 526.00 6 1 80 
0:1:12 88.47 0.00000000 0.00000000 0.00 0.00 0.00 521.00 522.00 522.00 527.00 6 1 80 
0:1:12 88.67 0.00000000 0.00000000 0.00 0.00 0.00 521.00 523.00 522.00 526.00 6 1 80 
0:1:12 88.87 0.00000000 0.00000000 0.00 0.00 0.00 521.00 523.00 522.00 527.00 6 1 80 
0:1:13 89.07 0.00000000 0.00000000 0.00 0.00 0.00 521.00 522.00 522.00 527.00 6 1 80 
0:1:13 89.27 0.00000000 0.00000000 0.00 0.00 0.00 521.00 523.00 521.00 527.00 6 1 80 
0:1:13 89.47 0.00000000 0.00000000 0.00 0.00 0.00 521.00 523.00 521.00 527.00 6 1 80 
0:1:13 89.67 0.00000000 0.00000000 0.00 0.00 0.00 521.00 523.00 522.00 527.00 6 1 80 
0:1:13 89.87 0.00000000 0.00000000 0.00 0.00 0.00 521.00 522.00 522.00 527.00 6 1 80 
0:1:14 90.07 0.00000000 0.00000000 0.00 0.00 0.00 521.00 523.00 521.00 526.00 6 1 80 
0:1:14 90.27 0.00000000 0.00000000 0.00 0.00 0.00 521.00 522.00 522.00 527.00 6 1 80 
0:1:14 90.47 0.00000000 0.00000000 0.00 0.00 0.00 521.00 523.00 521.00 527.00 6 1 80 
0:1:14 90.67 0.00000000 0.00000000 0.00 0.00 0.00 521.00 522.00 522.00 527.00 6 1 80 
0:1:14 90.87 0.00000000 0.00000000 0.00 0.00 0.00 521.00 523.00 522.00 527.00 6 1 80 
0:1:15 91.07 0.00000000 0.00000000 0.00 0.00 0.00 521.00 523.00 522.00 526.00 6 1 80 
0:1:15 91.27 0.00000000 0.00000000 0.00 0.00 0.00 521.00 522.00 522.00 526.00 6 1 80 
0:1:15 91.47 0.00000000 0.00000000 0.00 0.00 0.00 521.00 522.00 522.00 527.00 6 1 80 
0:1:15 91.68 0.00000000 0.00000000 0.00 0.00 0.00 521.00 522.00 522.00 527.00 6 1 80 
0:1:15 91.88 0.00000000 0.00000000 0.00 0.00 0.00 521.00 522.00 522.00 527.00 6 1 80 
0:1:16 92.08 0.00000000 0.00000000 0.00 0.00 0.00 521.00 523.00 523.00 527.00 6 1 80 
0:1:16 92.28 0.00000000 0.00000000 0.00 0.00 0.00 521.00 523.00 522.00 527.00 6 1 80 
