0:0:0 0.86 0.00000000 0.00000000 -99.00 -99.00 0.00 523.00 525.00 523.00 528.00 22.43 1010.47 60.11 0 0 0 17 
0:0:0 1.06 0.00000000 0.00000000 -99.00 -99.00 0.00 523.00 524.00 524.00 528.00 22.48 1010.53 60.12 0 0 0 17 
14:31:48 1.26 0.00000000 0.00000000 -99.00 -99.00 0.00 523.00 523.00 525.00 528.00 22.49 1010.49 60.12 0 0 0 17 
14:31:48 1.47 0.00000000 0.00000000 -99.00 -99.00 0.00 523.00 523.00 525.00 528.00 22.50 1010.50 60.12 0 0 0 17 
14:31:48 1.67 0.00000000 0.00000000 -99.00 -99.00 0.00 523.00 523.00 521.00 527.00 22.50 1010.52 60.12 0 0 0 17 
14:31:48 1.87 0.00000000 0.00000000 -99.00 -99.00 0.00 523.00 523.00 525.00 528.00 22.51 1010.50 60.12 0 0 0 17 
14:31:48 2.07 0.00000000 0.00000000 -99.00 -99.00 0.00 523.00 524.00 524.00 528.00 22.51 1010.52 60.11 0 0 0 17 
14:31:48 2.27 0.00000000 143.00001525 -99.00 -99.00 0.00 524.00 524.00 524.00 528.00 22.51 1010.49 60.12 0 0 0 17 
14:31:48 2.47 0.00000000 143.00001525 -99.00 -99.00 0.00 524.00 523.00 524.00 528.00 22.51 1010.50 60.12 0 0 0 17 
14:31:48 2.67 0.00000000 143.00001525 -99.00 -99.00 0.00 523.00 524.00 524.00 528.00 22.51 1010.54 60.12 0 0 0 17 
14:31:48 2.87 0.00000000 143.00001525 -99.00 -99.00 0.00 522.00 523.00 524.00 528.00 22.51 1010.54 60.12 0 0 0 17 
14:31:48 3.08 0.00000000 143.00001525 -99.00 -99.00 0.00 523.00 523.00 524.00 529.00 22.51 1010.48 60.11 0 0 0 17 
14:31:49 3.28 0.00000000 0.00000000 -99.00 -99.00 0.00 524.00 524.00 524.00 528.00 22.51 1010.47 60.10 0 0 0 17 
14:31:49 3.48 0.00000000 0.00000000 -99.00 -99.00 0.00 523.00 523.00 521.00 528.00 22.51 1010.46 60.11 0 0 0 17 
14:31:49 3.68 0.00000000 0.00000000 -99.00 -99.00 0.00 524.00 523.00 525.00 528.00 22.51 1010.50 60.11 0 0 0 17 
14:31:49 3.88 0.00000000 0.00000000 -99.00 -99.00 0.00 524.00 524.00 524.00 528.00 22.50 1010.51 60.11 0 0 0 17 
14:31:49 4.08 0.00000000 0.00000000 -99.00 -99.00 0.00 523.00 524.00 525.00 528.00 22.50 1010.52 60.11 0 0 0 17 
14:31:50 4.28 0.00000000 143.00003051 -99.00 -99.00 0.00 523.00 524.00 524.00 528.00 22.50 1010.47 60.11 0 0 0 17 
14:31:50 4.48 0.00000000 143.00003051 -99.00 -99.00 0.00 523.00 524.00 524.00 528.00 22.50 1010.49 60.11 0 0 0 17 
14:31:50 4.68 0.00000000 143.00003051 -99.00 -99.00 0.00 523.00 525.00 525.00 528.00 22.50 1010.47 60.11 0 0 0 17 
14:31:50 4.88 0.00000000 143.00003051 -99.00 -99.00 0.00 523.00 523.00 524.00 528.00 22.50 1010.51 60.11 0 0 0 17 
14:31:50 5.08 0.00000000 143.00003051 -99.00 -99.00 0.00 524.00 524.00 524.00 528.00 22.51 1010.53 60.12 0 0 0 17 
14:31:51 5.28 0.00000000 143.00003051 -99.00 -99.00 0.00 523.00 521.00 524.00 528.00 22.50 1010.52 60.12 0 0 0 17 
14:31:51 5.48 0.00000000 143.00003051 -99.00 -99.00 0.00 523.00 523.00 526.00 528.00 22.50 1010.52 60.12 0 0 0 17 
14:31:51 5.69 0.00000000 143.00003051 -99.00 -99.00 0.00 523.00 524.00 525.00 528.00 22.51 1010.50 60.12 0 0 0 17 
14:31:51 5.89 0.00000000 143.00003051 -99.00 -99.00 0.00 523.00 523.00 525.00 528.00 22.51 1010.48 60.12 0 0 0 17 
14:31:51 6.09 0.00000000 143.00003051 -99.00 -99.00 0.00 523.00 524.00 525.00 527.00 22.50 1010.45 60.12 0 0 0 17 
14:31:53 6.29 0.00000000 143.00003051 -99.00 -99.00 0.00 523.00 523.00 524.00 528.00 22.50 1010.48 60.12 0 28 3 17 
14:31:53 6.49 0.00000000 143.00003051 -99.00 -99.00 0.00 523.00 523.00 524.00 528.00 22.51 1010.53 60.12 0 28 3 17 
14:31:53 6.69 0.00000000 143.00003051 -99.00 -99.00 0.00 523.00 523.00 524.00 529.00 22.51 1010.50 60.11 0 28 3 17 
14:31:53 6.89 0.00000000 143.00003051 -99.00 -99.00 0.00 523.00 524.00 524.00 529.00 22.51 1010.53 60.11 0 28 3 17 
14:31:53 7.09 0.00000000 143.00003051 -99.00 -99.00 0.00 523.00 523.00 525.00 528.00 22.51 1010.51 60.11 0 28 3 17 
14:31:54 7.29 0.00000000 143.00003051 -99.00 -99.00 0.00 523.00 523.00 524.00 528.00 22.51 1010.49 60.11 0 28 3 17 
14:31:54 7.49 0.00000000 143.00003051 -99.00 -99.00 0.00 523.00 524.00 525.00 528.00 22.51 1010.49 60.11 0 28 3 17 
14:31:54 7.69 0.00000000 143.00003051 -99.00 -99.00 0.00 523.00 524.00 525.00 528.00 22.51 1010.48 60.11 0 28 3 17 
14:31:54 7.89 0.00000000 143.00003051 -99.00 -99.00 0.00 523.00 523.00 525.00 528.00 22.52 1010.49 60.11 0 28 3 17 
14:31:54 8.09 0.00000000 143.00003051 -99.00 -99.00 0.00 524.00 523.00 524.00 528.00 22.51 1010.49 60.10 0 28 3 17 
14:31:55 8.29 0.00000000 143.00003051 -99.00 -99.00 0.00 523.00 523.00 525.00 528.00 22.51 1010.52 60.11 0 28 3 17 
14:31:55 8.49 0.00000000 143.00003051 -99.00 -99.00 0.00 524.00 523.00 526.00 528.00 22.51 1010.55 60.10 0 28 3 17 
