0:0:0 0.34 0.00000000 0.00000000 0.00 0.00 0.00 563.00 519.00 519.00 483.00 0 0 0 
0:0:0 0.54 0.00000000 0.00000000 0.00 0.00 0.00 562.00 519.00 519.00 483.00 0 0 0 
0:0:0 0.74 0.00000000 0.00000000 0.00 0.00 0.00 562.00 519.00 519.00 483.00 0 0 0 
0:0:13 0.94 0.00000000 0.00000000 0.00 0.00 0.00 562.00 520.00 519.00 483.00 6 1 80 
0:0:13 1.14 0.00000000 0.00000000 0.00 0.00 0.00 562.00 519.00 519.00 483.00 6 1 80 
0:0:13 1.34 0.00000000 0.00000000 0.00 0.00 0.00 562.00 519.00 519.00 483.00 6 1 80 
0:0:13 1.54 0.00000000 0.00000000 0.00 0.00 0.00 562.00 519.00 519.00 483.00 6 1 80 
0:0:13 1.75 0.00000000 0.00000000 0.00 0.00 0.00 562.00 519.00 519.00 482.00 6 1 80 
0:0:14 1.95 0.00000000 0.00000000 0.00 0.00 0.00 562.00 519.00 519.00 483.00 6 1 80 
0:0:14 2.15 0.00000000 0.00000000 0.00 0.00 0.00 562.00 519.00 519.00 483.00 6 1 80 
0:0:14 2.35 0.00000000 0.00000000 0.00 0.00 0.00 562.00 519.00 519.00 483.00 6 1 80 
0:0:14 2.55 0.00000000 0.00000000 0.00 0.00 0.00 562.00 519.00 519.00 483.00 6 1 80 
0:0:14 2.75 0.00000000 0.00000000 0.00 0.00 0.00 561.00 519.00 519.00 484.00 6 1 80 
