0:0:1 0.46 0.00000000 0.00000000 0.00 0.00 0.00 521.00 522.00 521.00 526.00 0 0 0 
0:0:1 0.66 0.00000000 0.00000000 0.00 0.00 0.00 521.00 523.00 522.00 526.00 0 0 0 
0:0:1 0.86 0.00000000 0.00000000 0.00 0.00 0.00 521.00 522.00 522.00 526.00 0 0 0 
0:0:1 1.06 0.00000000 0.00000000 0.00 0.00 0.00 520.00 522.00 522.00 526.00 0 0 0 
0:1:5 1.26 0.00000000 0.00000000 0.00 0.00 0.00 521.00 522.00 521.00 526.00 0 0 0 
0:1:5 1.46 0.00000000 0.00000000 0.00 0.00 0.00 520.00 522.00 522.00 526.00 0 0 0 
0:1:5 1.66 0.00000000 0.00000000 0.00 0.00 0.00 520.00 523.00 521.00 526.00 0 0 0 
0:1:5 1.86 0.00000000 0.00000000 0.00 0.00 0.00 521.00 522.00 522.00 526.00 0 0 0 
0:1:5 2.07 0.00000000 0.00000000 0.00 0.00 0.00 520.00 522.00 523.00 526.00 0 0 0 
0:1:5 2.27 0.00000000 0.00000000 0.00 0.00 0.00 521.00 522.00 521.00 526.00 0 0 0 
0:1:5 2.47 0.00000000 0.00000000 0.00 0.00 0.00 521.00 522.00 522.00 526.00 0 0 0 
0:1:5 2.67 0.00000000 0.00000000 0.00 0.00 0.00 521.00 522.00 522.00 526.00 0 0 0 
0:1:5 2.87 0.00000000 0.00000000 0.00 0.00 0.00 521.00 522.00 522.00 526.00 0 0 0 
0:1:5 3.07 0.00000000 0.00000000 0.00 0.00 0.00 521.00 522.00 522.00 526.00 0 0 0 
0:1:5 3.27 0.00000000 0.00000000 0.00 0.00 0.00 521.00 522.00 521.00 527.00 0 0 0 
0:1:5 3.48 0.00000000 0.00000000 0.00 0.00 0.00 520.00 522.00 522.00 527.00 0 0 0 
0:1:5 3.68 0.00000000 0.00000000 0.00 0.00 0.00 520.00 522.00 522.00 527.00 0 0 0 
0:1:5 3.88 0.00000000 0.00000000 0.00 0.00 0.00 521.00 522.00 522.00 526.00 0 0 0 
0:1:5 4.08 0.00000000 0.00000000 0.00 0.00 0.00 520.00 523.00 521.00 526.00 0 0 0 
0:1:5 4.28 0.00000000 0.00000000 0.00 0.00 0.00 521.00 522.00 522.00 526.00 0 0 0 
0:1:5 4.48 0.00000000 0.00000000 0.00 0.00 0.00 521.00 522.00 521.00 526.00 0 0 0 
0:1:5 4.68 0.00000000 0.00000000 0.00 0.00 0.00 521.00 522.00 521.00 526.00 0 0 0 
0:1:5 4.88 0.00000000 0.00000000 0.00 0.00 0.00 521.00 522.00 522.00 527.00 0 0 0 
0:1:5 5.08 0.00000000 0.00000000 0.00 0.00 0.00 521.00 522.00 522.00 526.00 0 0 0 
0:1:5 5.28 0.00000000 0.00000000 0.00 0.00 0.00 521.00 522.00 521.00 527.00 0 0 0 
0:1:5 5.49 0.00000000 0.00000000 0.00 0.00 0.00 521.00 522.00 522.00 526.00 0 0 0 
0:1:5 5.69 0.00000000 0.00000000 0.00 0.00 0.00 520.00 522.00 522.00 527.00 0 0 0 
0:1:5 5.89 0.00000000 0.00000000 0.00 0.00 0.00 521.00 522.00 522.00 526.00 0 0 0 
0:1:5 6.09 0.00000000 0.00000000 0.00 0.00 0.00 521.00 522.00 522.00 526.00 0 0 0 
0:1:10 6.29 0.00000000 0.00000000 0.00 0.00 0.00 521.00 522.00 521.00 526.00 6 1 80 
0:1:10 6.49 0.00000000 0.00000000 0.00 0.00 0.00 521.00 522.00 521.00 525.00 6 1 80 
0:1:10 6.69 0.00000000 0.00000000 0.00 0.00 0.00 521.00 522.00 522.00 527.00 6 1 80 
0:1:10 6.89 0.00000000 0.00000000 0.00 0.00 0.00 521.00 522.00 521.00 526.00 6 1 80 
0:1:10 7.09 0.00000000 0.00000000 0.00 0.00 0.00 521.00 522.00 521.00 526.00 6 1 80 
0:1:11 7.29 0.00000000 0.00000000 0.00 0.00 0.00 521.00 522.00 522.00 527.00 6 1 80 
0:1:11 7.49 0.00000000 0.00000000 0.00 0.00 0.00 521.00 522.00 522.00 526.00 6 1 80 
0:1:11 7.69 0.00000000 0.00000000 0.00 0.00 0.00 521.00 522.00 522.00 526.00 6 1 80 
0:1:11 7.89 0.00000000 0.00000000 0.00 0.00 0.00 521.00 522.00 521.00 527.00 6 1 80 
0:1:11 8.10 0.00000000 0.00000000 0.00 0.00 0.00 521.00 522.00 521.00 526.00 6 1 80 
0:1:12 8.30 0.00000000 0.00000000 0.00 0.00 0.00 521.00 522.00 522.00 526.00 6 1 80 
0:1:12 8.50 0.00000000 0.00000000 0.00 0.00 0.00 521.00 522.00 522.00 527.00 6 1 80 
0:1:12 8.70 0.00000000 0.00000000 0.00 0.00 0.00 520.00 522.00 522.00 526.00 6 1 80 
0:1:12 8.90 0.00000000 0.00000000 0.00 0.00 0.00 521.00 522.00 522.00 526.00 6 1 80 
0:1:12 9.10 0.00000000 0.00000000 0.00 0.00 0.00 521.00 522.00 521.00 526.00 6 1 80 
0:1:13 9.30 0.00000000 0.00000000 0.00 0.00 0.00 520.00 522.00 522.00 526.00 6 1 80 
0:1:13 9.50 0.00000000 0.00000000 0.00 0.00 0.00 521.00 522.00 522.00 526.00 6 1 80 
0:1:13 9.70 0.00000000 0.00000000 0.00 0.00 0.00 521.00 522.00 521.00 526.00 6 1 80 
0:1:13 9.90 0.00000000 0.00000000 0.00 0.00 0.00 521.00 522.00 522.00 527.00 6 1 80 
0:1:14 10.11 0.00000000 0.00000000 0.00 0.00 0.00 521.00 522.00 522.00 526.00 6 1 80 
0:1:14 10.31 0.00000000 0.00000000 0.00 0.00 0.00 521.00 522.00 522.00 526.00 6 1 80 
0:1:14 10.51 0.00000000 0.00000000 0.00 0.00 0.00 521.00 522.00 522.00 526.00 6 1 80 
0:1:14 10.71 0.00000000 0.00000000 0.00 0.00 0.00 520.00 522.00 522.00 526.00 6 1 80 
0:1:14 10.91 0.00000000 0.00000000 0.00 0.00 0.00 520.00 522.00 522.00 526.00 6 1 80 
0:1:15 11.11 0.00000000 0.00000000 0.00 0.00 0.00 521.00 522.00 522.00 527.00 6 1 80 
0:1:15 11.31 0.00000000 0.00000000 0.00 0.00 0.00 521.00 522.00 522.00 525.00 6 1 80 
0:1:15 11.52 0.00000000 0.00000000 0.00 0.00 0.00 521.00 522.00 522.00 527.00 6 1 80 
0:1:15 11.72 0.00000000 0.00000000 0.00 0.00 0.00 521.00 522.00 522.00 526.00 6 1 80 
0:1:15 11.92 0.00000000 0.00000000 0.00 0.00 0.00 521.00 522.00 522.00 526.00 6 1 80 
0:1:16 12.12 0.00000000 0.00000000 0.00 0.00 0.00 521.00 522.00 522.00 527.00 6 1 80 
0:1:16 12.32 0.00000000 0.00000000 0.00 0.00 0.00 521.00 522.00 522.00 526.00 6 1 80 
0:1:16 12.52 0.00000000 0.00000000 0.00 0.00 0.00 521.00 522.00 522.00 526.00 6 1 80 
0:1:16 12.72 0.00000000 0.00000000 0.00 0.00 0.00 521.00 522.00 521.00 526.00 6 1 80 
0:1:16 12.92 0.00000000 0.00000000 0.00 0.00 0.00 521.00 522.00 521.00 526.00 6 1 80 
0:1:17 13.12 0.00000000 0.00000000 0.00 0.00 0.00 521.00 522.00 521.00 526.00 6 1 80 
0:1:17 13.32 0.00000000 0.00000000 0.00 0.00 0.00 520.00 522.00 521.00 526.00 6 1 80 
0:1:17 13.53 0.00000000 0.00000000 0.00 0.00 0.00 520.00 523.00 522.00 527.00 6 1 80 
0:1:17 13.73 0.00000000 0.00000000 0.00 0.00 0.00 520.00 522.00 520.00 526.00 6 1 80 
0:1:17 13.93 0.00000000 0.00000000 0.00 0.00 0.00 521.00 522.00 522.00 526.00 6 1 80 
0:1:18 14.13 0.00000000 0.00000000 0.00 0.00 0.00 521.00 522.00 522.00 526.00 6 1 80 
0:1:18 14.33 0.00000000 0.00000000 0.00 0.00 0.00 521.00 522.00 521.00 527.00 6 1 80 
0:1:18 14.53 0.00000000 0.00000000 0.00 0.00 0.00 521.00 522.00 521.00 526.00 6 1 80 
0:1:18 14.73 0.00000000 0.00000000 0.00 0.00 0.00 521.00 522.00 522.00 526.00 6 1 80 
0:1:18 14.93 0.00000000 0.00000000 0.00 0.00 0.00 520.00 522.00 521.00 526.00 6 1 80 
0:1:19 15.14 0.00000000 0.00000000 0.00 0.00 0.00 521.00 524.00 521.00 526.00 6 1 80 
0:1:19 15.34 0.00000000 0.00000000 0.00 0.00 0.00 520.00 524.00 521.00 527.00 6 1 80 
0:1:19 15.54 0.00000000 0.00000000 0.00 0.00 0.00 518.00 524.00 521.00 527.00 6 1 80 
0:1:19 15.74 0.00000000 0.00000000 0.00 0.00 0.00 518.00 523.00 522.00 526.00 6 1 80 
0:1:19 15.94 0.00000000 0.00000000 0.00 0.00 0.00 519.00 525.00 522.00 527.00 6 1 80 
0:1:20 16.14 0.00000000 0.00000000 0.00 0.00 0.00 518.00 524.00 521.00 526.00 6 1 80 
0:1:20 16.34 0.00000000 0.00000000 0.00 0.00 0.00 517.00 527.00 520.00 527.00 6 1 80 
0:1:20 16.54 0.00000000 0.00000000 0.00 0.00 0.00 516.00 528.00 522.00 527.00 6 1 80 
0:1:20 16.74 0.00000000 0.00000000 0.00 0.00 0.00 515.00 526.00 522.00 525.00 6 1 80 
0:1:20 16.94 0.00000000 0.00000000 0.00 0.00 0.00 515.00 527.00 522.00 526.00 6 1 80 
0:1:21 17.15 0.00000000 0.00000000 0.00 0.00 0.00 517.00 526.00 521.00 526.00 6 1 80 
0:1:21 17.35 0.00000000 0.00000000 0.00 0.00 0.00 516.00 526.00 520.00 525.00 6 1 80 
0:1:21 17.55 0.00000000 0.00000000 0.00 0.00 0.00 513.00 528.00 518.00 526.00 6 1 80 
0:1:21 17.75 0.00000000 0.00000000 0.00 0.00 0.00 515.00 525.00 521.00 526.00 6 1 80 
0:1:21 17.95 0.00000000 0.00000000 0.00 0.00 0.00 511.00 525.00 521.00 526.00 6 1 80 
0:1:22 18.15 0.00000000 0.00000000 0.00 0.00 0.00 512.00 525.00 520.00 526.00 6 1 80 
0:1:22 18.35 0.00000000 0.00000000 0.00 0.00 0.00 519.00 526.00 520.00 527.00 6 1 80 
0:1:22 18.55 0.00000000 0.00000000 0.00 0.00 0.00 516.00 531.00 519.00 526.00 6 1 80 
0:1:22 18.76 0.00000000 0.00000000 0.00 0.00 0.00 514.00 527.00 518.00 526.00 6 1 80 
0:1:22 18.96 0.00000000 0.00000000 0.00 0.00 0.00 517.00 528.00 520.00 527.00 6 1 80 
0:1:23 19.16 0.00000000 0.00000000 0.00 0.00 0.00 523.00 523.00 521.00 526.00 6 1 80 
0:1:23 19.36 0.00000000 0.00000000 0.00 0.00 0.00 511.00 521.00 519.00 527.00 6 1 80 
0:1:23 19.56 0.00000000 0.00000000 0.00 0.00 0.00 516.00 523.00 518.00 526.00 6 1 80 
0:1:23 19.76 0.00000000 0.00000000 0.00 0.00 0.00 515.00 530.00 521.00 526.00 6 1 80 
0:1:23 19.96 0.00000000 0.00000000 0.00 0.00 0.00 516.00 526.00 521.00 527.00 6 1 80 
0:1:24 20.16 0.00000000 0.00000000 0.00 0.00 0.00 515.00 530.00 520.00 526.00 6 1 80 
0:1:24 20.36 0.00000000 0.00000000 0.00 0.00 0.00 517.00 522.00 519.00 526.00 6 1 80 
0:1:24 20.57 0.00000000 0.00000000 0.00 0.00 0.00 512.00 523.00 521.00 527.00 6 1 80 
0:1:24 20.77 0.00000000 0.00000000 0.00 0.00 0.00 517.00 525.00 520.00 526.00 6 1 80 
0:1:24 20.97 0.00000000 0.00000000 0.00 0.00 0.00 516.00 528.00 518.00 526.00 6 1 80 
0:1:25 21.17 0.00000000 0.00000000 0.00 0.00 0.00 517.00 525.00 519.00 526.00 6 1 80 
0:1:25 21.37 0.00000000 0.00000000 0.00 0.00 0.00 510.00 525.00 521.00 526.00 6 1 80 
0:1:25 21.57 0.00000000 0.00000000 0.00 0.00 0.00 514.00 528.00 519.00 526.00 6 1 80 
0:1:25 21.77 0.00000000 0.00000000 0.00 0.00 0.00 516.00 524.00 520.00 527.00 6 1 80 
0:1:25 21.97 0.00000000 0.00000000 0.00 0.00 0.00 509.00 533.00 520.00 526.00 6 1 80 
0:1:26 22.17 0.00000000 0.00000000 0.00 0.00 0.00 512.00 525.00 520.00 526.00 6 1 80 
0:1:26 22.38 0.00000000 0.00000000 0.00 0.00 0.00 511.00 526.00 518.00 526.00 6 1 80 
0:1:26 22.58 0.00000000 0.00000000 0.00 0.00 0.00 515.00 532.00 518.00 527.00 6 1 80 
0:1:26 22.78 0.00000000 0.00000000 0.00 0.00 0.00 516.00 526.00 517.00 527.00 6 1 80 
0:1:26 22.98 0.00000000 0.00000000 0.00 0.00 0.00 515.00 528.00 518.00 526.00 6 1 80 
0:1:27 23.18 0.00000000 0.00000000 0.00 0.00 0.00 515.00 526.00 521.00 526.00 6 1 80 
0:1:27 23.38 0.00000000 0.00000000 0.00 0.00 0.00 518.00 528.00 521.00 526.00 6 1 80 
0:1:27 23.58 0.00000000 0.00000000 0.00 0.00 0.00 515.00 528.00 518.00 526.00 6 1 80 
0:1:27 23.78 0.00000000 0.00000000 0.00 0.00 0.00 511.00 524.00 519.00 526.00 6 1 80 
0:1:27 23.98 0.00000000 0.00000000 0.00 0.00 0.00 511.00 529.00 519.00 526.00 6 1 80 
0:1:28 24.19 0.00000000 0.00000000 0.00 0.00 0.00 513.00 527.00 516.00 527.00 6 1 80 
0:1:28 24.39 0.00000000 0.00000000 0.00 0.00 0.00 516.00 527.00 518.00 527.00 6 1 80 
0:1:28 24.59 0.00000000 0.00000000 0.00 0.00 0.00 505.00 523.00 519.00 526.00 6 1 80 
0:1:28 24.79 0.00000000 0.00000000 0.00 0.00 0.00 515.00 533.00 517.00 526.00 6 1 80 
0:1:28 24.99 0.00000000 0.00000000 0.00 0.00 0.00 516.00 527.00 517.00 526.00 6 1 80 
0:1:29 25.19 0.00000000 0.00000000 0.00 0.00 0.00 515.00 525.00 516.00 527.00 6 1 80 
0:1:29 25.39 0.00000000 0.00000000 0.00 0.00 0.00 514.00 527.00 516.00 527.00 6 1 80 
0:1:29 25.59 0.00000000 0.00000000 0.00 0.00 0.00 516.00 524.00 517.00 526.00 6 1 80 
0:1:29 25.79 0.00000000 0.00000000 0.00 0.00 0.00 519.00 521.00 515.00 527.00 6 1 80 
0:1:29 26.00 0.00000000 0.00000000 0.00 0.00 0.00 516.00 526.00 521.00 526.00 6 1 80 
0:1:30 26.20 0.00000000 0.00000000 0.00 0.00 0.00 512.00 528.00 520.00 526.00 6 1 80 
0:1:30 26.40 0.00000000 0.00000000 0.00 0.00 0.00 512.00 526.00 520.00 527.00 6 1 80 
0:1:30 26.60 0.00000000 0.00000000 0.00 0.00 0.00 515.00 526.00 519.00 526.00 6 1 80 
0:1:30 26.80 0.00000000 0.00000000 0.00 0.00 0.00 516.00 527.00 518.00 526.00 6 1 80 
0:1:30 27.00 0.00000000 0.00000000 0.00 0.00 0.00 515.00 523.00 516.00 526.00 6 1 80 
0:1:31 27.20 0.00000000 0.00000000 0.00 0.00 0.00 512.00 527.00 519.00 526.00 6 1 80 
0:1:31 27.40 0.00000000 0.00000000 0.00 0.00 0.00 512.00 527.00 517.00 527.00 6 1 80 
0:1:31 27.61 0.00000000 0.00000000 0.00 0.00 0.00 518.00 525.00 520.00 527.00 6 1 80 
0:1:31 27.81 0.00000000 0.00000000 0.00 0.00 0.00 511.00 523.00 519.00 526.00 6 1 80 
0:1:31 28.01 0.00000000 0.00000000 0.00 0.00 0.00 510.00 523.00 520.00 526.00 6 1 80 
0:1:32 28.21 0.00000000 0.00000000 0.00 0.00 0.00 518.00 528.00 517.00 526.00 6 1 80 
0:1:32 28.41 0.00000000 0.00000000 0.00 0.00 0.00 515.00 525.00 517.00 527.00 6 1 80 
0:1:32 28.61 0.00000000 0.00000000 0.00 0.00 0.00 513.00 524.00 523.00 526.00 6 1 80 
0:1:32 28.81 0.00000000 0.00000000 0.00 0.00 0.00 516.00 524.00 520.00 526.00 6 1 80 
0:1:32 29.01 0.00000000 0.00000000 0.00 0.00 0.00 516.00 528.00 518.00 527.00 6 1 80 
0:1:33 29.21 0.00000000 0.00000000 0.00 0.00 0.00 517.00 525.00 520.00 525.00 6 1 80 
0:1:33 29.42 0.00000000 0.00000000 0.00 0.00 0.00 517.00 528.00 518.00 527.00 6 1 80 
0:1:33 29.62 0.00000000 0.00000000 0.00 0.00 0.00 514.00 526.00 518.00 526.00 6 1 80 
0:1:33 29.82 0.00000000 0.00000000 0.00 0.00 0.00 515.00 527.00 516.00 526.00 6 1 80 
0:1:33 30.02 0.00000000 0.00000000 0.00 0.00 0.00 515.00 525.00 520.00 526.00 6 1 80 
0:1:34 30.22 0.00000000 0.00000000 0.00 0.00 0.00 515.00 529.00 519.00 526.00 6 1 80 
0:1:34 30.42 0.00000000 0.00000000 0.00 0.00 0.00 513.00 525.00 519.00 526.00 6 1 80 
0:1:34 30.62 0.00000000 0.00000000 0.00 0.00 0.00 512.00 525.00 519.00 526.00 6 1 80 
0:1:34 30.82 0.00000000 0.00000000 0.00 0.00 0.00 512.00 523.00 519.00 526.00 6 1 80 
0:1:34 31.02 0.00000000 0.00000000 0.00 0.00 0.00 509.00 528.00 521.00 526.00 6 1 80 
0:1:35 31.23 0.00000000 0.00000000 0.00 0.00 0.00 517.00 527.00 519.00 525.00 6 1 80 
0:1:35 31.43 0.00000000 0.00000000 0.00 0.00 0.00 513.00 523.00 519.00 526.00 6 1 80 
0:1:35 31.63 0.00000000 0.00000000 0.00 0.00 0.00 515.00 527.00 517.00 526.00 6 1 80 
0:1:35 31.83 0.00000000 0.00000000 0.00 0.00 0.00 510.00 527.00 520.00 526.00 6 1 80 
0:1:35 32.03 0.00000000 0.00000000 0.00 0.00 0.00 514.00 526.00 518.00 525.00 6 1 80 
0:1:36 32.23 0.00000000 0.00000000 0.00 0.00 0.00 518.00 527.00 519.00 527.00 6 1 80 
0:1:36 32.43 0.00000000 0.00000000 0.00 0.00 0.00 511.00 522.00 518.00 526.00 6 1 80 
0:1:36 32.63 0.00000000 0.00000000 0.00 0.00 0.00 516.00 524.00 519.00 526.00 6 1 80 
0:1:36 32.84 0.00000000 0.00000000 0.00 0.00 0.00 517.00 525.00 517.00 526.00 6 1 80 
0:1:36 33.04 0.00000000 0.00000000 0.00 0.00 0.00 517.00 529.00 520.00 526.00 6 1 80 
0:1:37 33.24 0.00000000 0.00000000 0.00 0.00 0.00 516.00 525.00 513.00 527.00 6 1 80 
0:1:37 33.44 0.00000000 0.00000000 0.00 0.00 0.00 514.00 524.00 520.00 526.00 6 1 80 
0:1:37 33.64 0.00000000 0.00000000 0.00 0.00 0.00 510.00 529.00 519.00 526.00 6 1 80 
0:1:37 33.84 0.00000000 0.00000000 0.00 0.00 0.00 510.00 526.00 518.00 526.00 6 1 80 
0:1:37 34.04 0.00000000 0.00000000 0.00 0.00 0.00 507.00 527.00 520.00 525.00 6 1 80 
0:1:38 34.24 0.00000000 0.00000000 0.00 0.00 0.00 511.00 526.00 518.00 526.00 6 1 80 
0:1:38 34.44 0.00000000 0.00000000 0.00 0.00 0.00 517.00 521.00 518.00 526.00 6 1 80 
0:1:38 34.65 0.00000000 0.00000000 0.00 0.00 0.00 517.00 525.00 516.00 526.00 6 1 80 
0:1:38 34.85 0.00000000 0.00000000 0.00 0.00 0.00 516.00 526.00 520.00 526.00 6 1 80 
0:1:38 35.05 0.00000000 0.00000000 0.00 0.00 0.00 516.00 527.00 519.00 526.00 6 1 80 
0:1:39 35.25 0.00000000 0.00000000 0.00 0.00 0.00 516.00 524.00 516.00 526.00 6 1 80 
0:1:39 35.45 0.00000000 0.00000000 0.00 0.00 0.00 516.00 525.00 519.00 527.00 6 1 80 
0:1:39 35.65 0.00000000 0.00000000 0.00 0.00 0.00 519.00 525.00 519.00 526.00 6 1 80 
0:1:39 35.85 0.00000000 0.00000000 0.00 0.00 0.00 517.00 526.00 519.00 526.00 6 1 80 
0:1:39 36.05 0.00000000 0.00000000 0.00 0.00 0.00 515.00 524.00 521.00 526.00 6 1 80 
0:1:40 36.26 0.00000000 0.00000000 0.00 0.00 0.00 514.00 527.00 515.00 526.00 6 1 80 
0:1:40 36.46 0.00000000 0.00000000 0.00 0.00 0.00 517.00 522.00 521.00 526.00 6 1 80 
0:1:40 36.66 0.00000000 0.00000000 0.00 0.00 0.00 515.00 528.00 519.00 527.00 6 1 80 
0:1:40 36.86 0.00000000 0.00000000 0.00 0.00 0.00 514.00 527.00 520.00 526.00 6 1 80 
0:1:40 37.06 0.00000000 0.00000000 0.00 0.00 0.00 514.00 527.00 522.00 526.00 6 1 80 
0:1:41 37.26 0.00000000 0.00000000 0.00 0.00 0.00 516.00 525.00 519.00 526.00 6 1 80 
0:1:41 37.46 0.00000000 0.00000000 0.00 0.00 0.00 515.00 524.00 518.00 526.00 6 1 80 
0:1:41 37.66 0.00000000 0.00000000 0.00 0.00 0.00 514.00 524.00 518.00 525.00 6 1 80 
0:1:41 37.86 0.00000000 0.00000000 0.00 0.00 0.00 518.00 525.00 519.00 526.00 6 1 80 
0:1:41 38.06 0.00000000 0.00000000 0.00 0.00 0.00 513.00 528.00 521.00 526.00 6 1 80 
0:1:41 38.30 0.00000000 0.00000000 0.00 0.00 0.00 512.00 522.00 517.00 526.00 6 1 80 
0:1:41 38.50 0.00000000 0.00000000 0.00 0.00 0.00 515.00 527.00 518.00 527.00 6 1 80 
0:1:41 38.70 0.00000000 0.00000000 0.00 0.00 0.00 515.00 527.00 520.00 526.00 6 1 80 
0:1:41 38.90 0.00000000 0.00000000 0.00 0.00 0.00 518.00 526.00 521.00 525.00 6 1 80 
0:1:41 39.11 0.00000000 0.00000000 0.00 0.00 0.00 519.00 528.00 512.00 525.00 6 1 80 
0:1:43 39.31 0.00000000 0.00000000 0.00 0.00 0.00 510.00 527.00 519.00 526.00 6 1 80 
0:1:43 39.51 0.00000000 0.00000000 0.00 0.00 0.00 506.00 527.00 521.00 527.00 6 1 80 
0:1:43 39.71 0.00000000 0.00000000 0.00 0.00 0.00 516.00 524.00 518.00 526.00 6 1 80 
0:1:43 39.91 0.00000000 0.00000000 0.00 0.00 0.00 507.00 525.00 520.00 527.00 6 1 80 
0:1:43 40.11 0.00000000 0.00000000 0.00 0.00 0.00 511.00 525.00 518.00 525.00 6 1 80 
0:1:44 40.31 0.00000000 0.00000000 0.00 0.00 0.00 513.00 525.00 521.00 527.00 6 1 80 
0:1:44 40.51 0.00000000 0.00000000 0.00 0.00 0.00 516.00 525.00 521.00 526.00 6 1 80 
0:1:44 40.71 0.00000000 0.00000000 0.00 0.00 0.00 514.00 522.00 518.00 527.00 6 1 80 
0:1:44 40.92 0.00000000 0.00000000 0.00 0.00 0.00 517.00 526.00 515.00 527.00 6 1 80 
0:1:45 41.12 0.00000000 0.00000000 0.00 0.00 0.00 516.00 522.00 520.00 527.00 6 1 80 
0:1:45 41.32 0.00000000 0.00000000 0.00 0.00 0.00 521.00 525.00 519.00 526.00 6 1 80 
0:1:45 41.52 0.00000000 0.00000000 0.00 0.00 0.00 519.00 532.00 519.00 526.00 6 1 80 
0:1:45 41.72 0.00000000 0.00000000 0.00 0.00 0.00 517.00 528.00 502.00 526.00 6 1 80 
0:1:45 41.93 0.00000000 0.00000000 0.00 0.00 0.00 516.00 522.00 519.00 526.00 6 1 80 
0:1:46 42.13 0.00000000 0.00000000 0.00 0.00 0.00 520.00 529.00 521.00 526.00 6 1 80 
0:1:46 42.33 0.00000000 0.00000000 0.00 0.00 0.00 519.00 528.00 519.00 526.00 6 1 80 
0:1:46 42.53 0.00000000 0.00000000 0.00 0.00 0.00 519.00 524.00 514.00 527.00 6 1 80 
0:1:46 42.73 0.00000000 0.00000000 0.00 0.00 0.00 520.00 525.00 525.00 527.00 6 1 80 
0:1:46 42.93 0.00000000 0.00000000 0.00 0.00 0.00 520.00 527.00 524.00 527.00 6 1 80 
0:1:47 43.13 0.00000000 0.00000000 0.00 0.00 0.00 519.00 513.00 525.00 528.00 6 1 80 
0:1:47 43.33 0.00000000 0.00000000 0.00 0.00 0.00 521.00 511.00 519.00 527.00 6 1 80 
0:1:47 43.53 0.00000000 0.00000000 0.00 0.00 0.00 521.00 510.00 521.00 524.00 6 1 80 
0:1:47 43.73 0.00000000 0.00000000 0.00 0.00 0.00 522.00 512.00 524.00 525.00 6 1 80 
0:1:47 43.94 0.00000000 0.00000000 0.00 0.00 0.00 524.00 510.00 524.00 520.00 6 1 80 
0:1:48 44.14 0.00000000 0.00000000 0.00 0.00 0.00 522.00 512.00 521.00 522.00 6 1 80 
0:1:48 44.34 0.00000000 0.00000000 0.00 0.00 0.00 524.00 511.00 525.00 518.00 6 1 80 
0:1:48 44.54 0.00000000 0.00000000 0.00 0.00 0.00 523.00 511.00 526.00 513.00 6 1 80 
0:1:48 44.74 0.00000000 0.00000000 0.00 0.00 0.00 523.00 509.00 523.00 524.00 6 1 80 
0:1:48 44.94 0.00000000 0.00000000 0.00 0.00 0.00 526.00 516.00 523.00 521.00 6 1 80 
0:1:49 45.14 0.00000000 0.00000000 0.00 0.00 0.00 524.00 515.00 525.00 524.00 6 1 80 
0:1:49 45.34 0.00000000 0.00000000 0.00 0.00 0.00 522.00 511.00 530.00 524.00 6 1 80 
0:1:49 45.54 0.00000000 0.00000000 0.00 0.00 0.00 524.00 514.00 524.00 526.00 6 1 80 
0:1:49 45.75 0.00000000 0.00000000 0.00 0.00 0.00 524.00 516.00 525.00 519.00 6 1 80 
0:1:49 45.95 0.00000000 0.00000000 0.00 0.00 0.00 525.00 516.00 530.00 520.00 6 1 80 
0:1:50 46.15 0.00000000 0.00000000 0.00 0.00 0.00 524.00 517.00 529.00 522.00 6 1 80 
0:1:50 46.35 0.00000000 0.00000000 0.00 0.00 0.00 521.00 515.00 523.00 519.00 6 1 80 
0:1:50 46.55 0.00000000 0.00000000 0.00 0.00 0.00 523.00 514.00 532.00 517.00 6 1 80 
0:1:50 46.75 0.00000000 0.00000000 0.00 0.00 0.00 524.00 513.00 522.00 523.00 6 1 80 
0:1:50 46.95 0.00000000 0.00000000 0.00 0.00 0.00 524.00 518.00 527.00 524.00 6 1 80 
0:1:51 47.15 0.00000000 0.00000000 0.00 0.00 0.00 524.00 516.00 528.00 524.00 6 1 80 
0:1:51 47.36 0.00000000 0.00000000 0.00 0.00 0.00 522.00 516.00 525.00 523.00 6 1 80 
0:1:51 47.56 0.00000000 0.00000000 0.00 0.00 0.00 525.00 513.00 526.00 522.00 6 1 80 
0:1:51 47.76 0.00000000 0.00000000 0.00 0.00 0.00 525.00 518.00 526.00 522.00 6 1 80 
0:1:51 47.96 0.00000000 0.00000000 0.00 0.00 0.00 522.00 516.00 524.00 528.00 6 1 80 
0:1:52 48.16 0.00000000 0.00000000 0.00 0.00 0.00 523.00 512.00 526.00 522.00 6 1 80 
0:1:52 48.36 0.00000000 0.00000000 0.00 0.00 0.00 522.00 516.00 524.00 526.00 6 1 80 
0:1:52 48.56 0.00000000 0.00000000 0.00 0.00 0.00 523.00 517.00 527.00 523.00 6 1 80 
0:1:52 48.76 0.00000000 0.00000000 0.00 0.00 0.00 524.00 511.00 525.00 521.00 6 1 80 
0:1:52 48.96 0.00000000 0.00000000 0.00 0.00 0.00 523.00 515.00 525.00 520.00 6 1 80 
0:1:53 49.17 0.00000000 0.00000000 0.00 0.00 0.00 521.00 520.00 522.00 521.00 6 1 80 
0:1:53 49.37 0.00000000 0.00000000 0.00 0.00 0.00 524.00 516.00 525.00 522.00 6 1 80 
0:1:53 49.57 0.00000000 0.00000000 0.00 0.00 0.00 525.00 518.00 522.00 523.00 6 1 80 
0:1:53 49.77 0.00000000 0.00000000 0.00 0.00 0.00 522.00 508.00 524.00 524.00 6 1 80 
0:1:53 49.97 0.00000000 0.00000000 0.00 0.00 0.00 523.00 514.00 524.00 523.00 6 1 80 
0:1:54 50.17 0.00000000 0.00000000 0.00 0.00 0.00 523.00 516.00 525.00 520.00 6 1 80 
0:1:54 50.37 0.00000000 0.00000000 0.00 0.00 0.00 523.00 514.00 526.00 526.00 6 1 80 
0:1:54 50.57 0.00000000 0.00000000 0.00 0.00 0.00 523.00 516.00 526.00 521.00 6 1 80 
0:1:54 50.77 0.00000000 0.00000000 0.00 0.00 0.00 524.00 511.00 523.00 523.00 6 1 80 
0:1:54 50.97 0.00000000 0.00000000 0.00 0.00 0.00 523.00 509.00 526.00 521.00 6 1 80 
0:1:55 51.18 0.00000000 0.00000000 0.00 0.00 0.00 524.00 518.00 525.00 524.00 6 1 80 
0:1:55 51.38 0.00000000 0.00000000 0.00 0.00 0.00 521.00 516.00 523.00 520.00 6 1 80 
0:1:55 51.58 0.00000000 0.00000000 0.00 0.00 0.00 522.00 517.00 521.00 522.00 6 1 80 
0:1:55 51.78 0.00000000 0.00000000 0.00 0.00 0.00 524.00 518.00 524.00 526.00 6 1 80 
0:1:55 51.98 0.00000000 0.00000000 0.00 0.00 0.00 523.00 519.00 523.00 526.00 6 1 80 
0:1:56 52.18 0.00000000 0.00000000 0.00 0.00 0.00 523.00 513.00 526.00 520.00 6 1 80 
0:1:56 52.38 0.00000000 0.00000000 0.00 0.00 0.00 524.00 520.00 525.00 523.00 6 1 80 
0:1:56 52.58 0.00000000 0.00000000 0.00 0.00 0.00 523.00 514.00 523.00 523.00 6 1 80 
0:1:56 52.79 0.00000000 0.00000000 0.00 0.00 0.00 524.00 516.00 523.00 520.00 6 1 80 
0:1:56 52.99 0.00000000 0.00000000 0.00 0.00 0.00 523.00 517.00 527.00 521.00 6 1 80 
0:1:57 53.19 0.00000000 0.00000000 0.00 0.00 0.00 522.00 510.00 525.00 521.00 6 1 80 
0:1:57 53.39 0.00000000 0.00000000 0.00 0.00 0.00 524.00 513.00 524.00 521.00 6 1 80 
0:1:57 53.59 0.00000000 0.00000000 0.00 0.00 0.00 524.00 517.00 526.00 527.00 6 1 80 
0:1:57 53.79 0.00000000 0.00000000 0.00 0.00 0.00 523.00 513.00 524.00 522.00 6 1 80 
0:1:57 53.99 0.00000000 0.00000000 0.00 0.00 0.00 523.00 512.00 526.00 523.00 6 1 80 
0:1:58 54.19 0.00000000 0.00000000 0.00 0.00 0.00 523.00 514.00 526.00 523.00 6 1 80 
0:1:58 54.39 0.00000000 0.00000000 0.00 0.00 0.00 525.00 515.00 524.00 522.00 6 1 80 
0:1:58 54.60 0.00000000 0.00000000 0.00 0.00 0.00 522.00 519.00 521.00 523.00 6 1 80 
0:1:58 54.80 0.00000000 0.00000000 0.00 0.00 0.00 523.00 519.00 522.00 520.00 6 1 80 
0:1:58 55.00 0.00000000 0.00000000 0.00 0.00 0.00 522.00 517.00 525.00 525.00 6 1 80 
0:1:59 55.20 0.00000000 0.00000000 0.00 0.00 0.00 524.00 518.00 524.00 520.00 6 1 80 
0:1:59 55.40 0.00000000 0.00000000 0.00 0.00 0.00 522.00 516.00 523.00 524.00 6 1 80 
0:1:59 55.60 0.00000000 0.00000000 0.00 0.00 0.00 521.00 514.00 524.00 523.00 6 1 80 
0:1:59 55.80 0.00000000 0.00000000 0.00 0.00 0.00 522.00 517.00 522.00 525.00 6 1 80 
0:1:59 56.00 0.00000000 0.00000000 0.00 0.00 0.00 524.00 518.00 524.00 518.00 6 1 80 
0:2:0 56.20 0.00000000 0.00000000 0.00 0.00 0.00 523.00 517.00 526.00 519.00 6 1 80 
0:2:0 56.41 0.00000000 0.00000000 0.00 0.00 0.00 522.00 515.00 529.00 523.00 6 1 80 
0:2:0 56.61 0.00000000 0.00000000 0.00 0.00 0.00 522.00 516.00 526.00 519.00 6 1 80 
0:2:0 56.81 0.00000000 0.00000000 0.00 0.00 0.00 526.00 518.00 526.00 525.00 6 1 80 
0:2:0 57.01 0.00000000 0.00000000 0.00 0.00 0.00 522.00 517.00 523.00 524.00 6 1 80 
0:2:1 57.21 0.00000000 0.00000000 0.00 0.00 0.00 524.00 514.00 525.00 521.00 6 1 80 
0:2:1 57.41 0.00000000 0.00000000 0.00 0.00 0.00 525.00 515.00 522.00 522.00 6 1 80 
0:2:1 57.61 0.00000000 0.00000000 0.00 0.00 0.00 524.00 516.00 525.00 521.00 6 1 80 
0:2:1 57.81 0.00000000 0.00000000 0.00 0.00 0.00 522.00 516.00 526.00 517.00 6 1 80 
0:2:1 58.02 0.00000000 0.00000000 0.00 0.00 0.00 524.00 517.00 523.00 520.00 6 1 80 
0:2:2 58.22 0.00000000 0.00000000 0.00 0.00 0.00 523.00 513.00 524.00 525.00 6 1 80 
0:2:2 58.42 0.00000000 0.00000000 0.00 0.00 0.00 524.00 510.00 526.00 521.00 6 1 80 
0:2:2 58.62 0.00000000 0.00000000 0.00 0.00 0.00 523.00 512.00 522.00 518.00 6 1 80 
0:2:2 58.82 0.00000000 0.00000000 0.00 0.00 0.00 522.00 516.00 526.00 526.00 6 1 80 
0:2:2 59.02 0.00000000 0.00000000 0.00 0.00 0.00 524.00 518.00 523.00 524.00 6 1 80 
0:2:3 59.22 0.00000000 0.00000000 0.00 0.00 0.00 523.00 515.00 527.00 521.00 6 1 80 
0:2:3 59.42 0.00000000 0.00000000 0.00 0.00 0.00 523.00 513.00 524.00 522.00 6 1 80 
0:2:3 59.62 0.00000000 0.00000000 0.00 0.00 0.00 523.00 513.00 525.00 524.00 6 1 80 
0:2:3 59.83 0.00000000 0.00000000 0.00 0.00 0.00 525.00 517.00 522.00 524.00 6 1 80 
0:2:3 60.03 0.00000000 0.00000000 0.00 0.00 0.00 523.00 517.00 527.00 525.00 6 1 80 
0:2:4 60.23 0.00000000 0.00000000 0.00 0.00 0.00 522.00 513.00 525.00 522.00 6 1 80 
0:2:4 60.43 0.00000000 0.00000000 0.00 0.00 0.00 525.00 516.00 525.00 523.00 6 1 80 
0:2:4 60.63 0.00000000 0.00000000 0.00 0.00 0.00 522.00 517.00 524.00 524.00 6 1 80 
0:2:4 60.83 0.00000000 0.00000000 0.00 0.00 0.00 523.00 517.00 523.00 523.00 6 1 80 
0:2:4 61.03 0.00000000 0.00000000 0.00 0.00 0.00 521.00 518.00 521.00 526.00 6 1 80 
0:2:5 61.23 0.00000000 0.00000000 0.00 0.00 0.00 522.00 519.00 525.00 522.00 6 1 80 
0:2:5 61.43 0.00000000 0.00000000 0.00 0.00 0.00 521.00 521.00 522.00 525.00 6 1 80 
0:2:5 61.63 0.00000000 0.00000000 0.00 0.00 0.00 522.00 517.00 522.00 525.00 6 1 80 
0:2:5 61.84 0.00000000 0.00000000 0.00 0.00 0.00 521.00 518.00 522.00 525.00 6 1 80 
0:2:5 62.04 0.00000000 0.00000000 0.00 0.00 0.00 521.00 519.00 524.00 526.00 6 1 80 
0:2:6 62.24 0.00000000 0.00000000 0.00 0.00 0.00 521.00 518.00 523.00 524.00 6 1 80 
0:2:6 62.44 0.00000000 0.00000000 0.00 0.00 0.00 521.00 521.00 522.00 526.00 6 1 80 
0:2:6 62.64 0.00000000 0.00000000 0.00 0.00 0.00 521.00 521.00 521.00 526.00 6 1 80 
0:2:6 62.84 0.00000000 0.00000000 0.00 0.00 0.00 521.00 520.00 522.00 526.00 6 1 80 
0:2:6 63.04 0.00000000 0.00000000 0.00 0.00 0.00 521.00 519.00 522.00 526.00 6 1 80 
0:2:7 63.24 0.00000000 0.00000000 0.00 0.00 0.00 521.00 520.00 523.00 526.00 6 1 80 
0:2:7 63.45 0.00000000 0.00000000 0.00 0.00 0.00 521.00 520.00 522.00 526.00 6 1 80 
0:2:7 63.65 0.00000000 0.00000000 0.00 0.00 0.00 521.00 520.00 522.00 526.00 6 1 80 
0:2:7 63.85 0.00000000 0.00000000 0.00 0.00 0.00 521.00 520.00 522.00 526.00 6 1 80 
0:2:7 64.05 0.00000000 0.00000000 0.00 0.00 0.00 521.00 521.00 522.00 526.00 6 1 80 
0:2:8 64.25 0.00000000 0.00000000 0.00 0.00 0.00 521.00 521.00 522.00 525.00 6 1 80 
0:2:8 64.45 0.00000000 0.00000000 0.00 0.00 0.00 521.00 521.00 522.00 526.00 6 1 80 
0:2:8 64.65 0.00000000 0.00000000 0.00 0.00 0.00 521.00 521.00 522.00 526.00 6 1 80 
0:2:8 64.85 0.00000000 0.00000000 0.00 0.00 0.00 520.00 521.00 522.00 525.00 6 1 80 
0:2:8 65.05 0.00000000 0.00000000 0.00 0.00 0.00 521.00 522.00 522.00 526.00 6 1 80 
0:2:9 65.25 0.00000000 0.00000000 0.00 0.00 0.00 520.00 522.00 522.00 526.00 6 1 80 
0:2:9 65.45 0.00000000 0.00000000 0.00 0.00 0.00 521.00 522.00 521.00 526.00 6 1 80 
0:2:9 65.65 0.00000000 0.00000000 0.00 0.00 0.00 520.00 522.00 522.00 526.00 6 1 80 
0:2:9 65.86 0.00000000 0.00000000 0.00 0.00 0.00 521.00 522.00 521.00 526.00 6 1 80 
0:2:9 66.06 0.00000000 0.00000000 0.00 0.00 0.00 521.00 522.00 521.00 525.00 6 1 80 
0:2:10 66.26 0.00000000 0.00000000 0.00 0.00 0.00 521.00 523.00 522.00 526.00 6 1 80 
0:2:10 66.46 0.00000000 0.00000000 0.00 0.00 0.00 521.00 522.00 522.00 526.00 6 1 80 
0:2:10 66.66 0.00000000 0.00000000 0.00 0.00 0.00 520.00 522.00 521.00 526.00 6 1 80 
0:2:10 66.86 0.00000000 0.00000000 0.00 0.00 0.00 520.00 522.00 522.00 526.00 6 1 80 
0:2:10 67.06 0.00000000 0.00000000 0.00 0.00 0.00 520.00 522.00 521.00 526.00 6 1 80 
0:2:11 67.26 0.00000000 0.00000000 0.00 0.00 0.00 521.00 521.00 521.00 526.00 6 1 80 
0:2:11 67.46 0.00000000 0.00000000 0.00 0.00 0.00 520.00 522.00 522.00 526.00 6 1 80 
0:2:11 67.66 0.00000000 0.00000000 0.00 0.00 0.00 521.00 522.00 522.00 526.00 6 1 80 
0:2:11 67.86 0.00000000 0.00000000 0.00 0.00 0.00 521.00 522.00 521.00 526.00 6 1 80 
0:2:11 68.06 0.00000000 0.00000000 0.00 0.00 0.00 521.00 522.00 521.00 526.00 6 1 80 
0:2:11 68.26 0.00000000 0.00000000 0.00 0.00 0.00 521.00 522.00 522.00 526.00 6 1 80 
0:2:11 68.46 0.00000000 0.00000000 0.00 0.00 0.00 521.00 522.00 522.00 526.00 6 1 80 
0:2:11 68.66 0.00000000 0.00000000 0.00 0.00 0.00 521.00 522.00 521.00 526.00 6 1 80 
0:2:11 68.87 0.00000000 0.00000000 0.00 0.00 0.00 521.00 522.00 522.00 526.00 6 1 80 
0:2:11 69.07 0.00000000 0.00000000 0.00 0.00 0.00 521.00 522.00 521.00 526.00 6 1 80 
0:2:11 69.27 0.00000000 0.00000000 0.00 0.00 0.00 521.00 522.00 521.00 526.00 6 1 80 
0:2:11 69.47 0.00000000 0.00000000 0.00 0.00 0.00 521.00 522.00 522.00 526.00 6 1 80 
0:2:11 69.67 0.00000000 0.00000000 0.00 0.00 0.00 520.00 522.00 522.00 526.00 6 1 80 
0:2:11 69.87 0.00000000 0.00000000 0.00 0.00 0.00 521.00 522.00 522.00 526.00 6 1 80 
0:2:11 70.07 0.00000000 0.00000000 0.00 0.00 0.00 521.00 522.00 523.00 526.00 6 1 80 
0:2:11 70.27 0.00000000 0.00000000 0.00 0.00 0.00 520.00 522.00 521.00 526.00 6 1 80 
0:2:11 70.47 0.00000000 0.00000000 0.00 0.00 0.00 521.00 522.00 521.00 526.00 6 1 80 
0:2:11 70.67 0.00000000 0.00000000 0.00 0.00 0.00 521.00 522.00 521.00 526.00 6 1 80 
0:2:11 70.87 0.00000000 0.00000000 0.00 0.00 0.00 521.00 522.00 522.00 526.00 6 1 80 
0:2:11 71.08 0.00000000 0.00000000 0.00 0.00 0.00 521.00 522.00 521.00 526.00 6 1 80 
0:2:11 71.28 0.00000000 0.00000000 0.00 0.00 0.00 521.00 522.00 522.00 526.00 6 1 80 
0:2:11 71.48 0.00000000 0.00000000 0.00 0.00 0.00 520.00 522.00 521.00 526.00 6 1 80 
0:2:11 71.68 0.00000000 0.00000000 0.00 0.00 0.00 520.00 522.00 521.00 526.00 6 1 80 
0:2:11 71.88 0.00000000 0.00000000 0.00 0.00 0.00 521.00 522.00 521.00 526.00 6 1 80 
0:2:11 72.08 0.00000000 0.00000000 0.00 0.00 0.00 521.00 522.00 521.00 526.00 6 1 80 
0:2:11 72.28 0.00000000 0.00000000 0.00 0.00 0.00 521.00 522.00 521.00 526.00 6 1 80 
0:2:11 72.48 0.00000000 0.00000000 0.00 0.00 0.00 520.00 522.00 522.00 526.00 6 1 80 
0:2:11 72.68 0.00000000 0.00000000 0.00 0.00 0.00 521.00 522.00 522.00 526.00 6 1 80 
0:2:11 72.88 0.00000000 0.00000000 0.00 0.00 0.00 521.00 522.00 521.00 526.00 6 1 80 
0:2:11 73.08 0.00000000 0.00000000 0.00 0.00 0.00 520.00 522.00 522.00 526.00 6 1 80 
0:2:11 73.28 0.00000000 0.00000000 0.00 0.00 0.00 521.00 522.00 521.00 526.00 6 1 80 
0:2:11 73.48 0.00000000 0.00000000 0.00 0.00 0.00 520.00 522.00 521.00 526.00 6 1 80 
0:2:11 73.69 0.00000000 0.00000000 0.00 0.00 0.00 521.00 522.00 521.00 527.00 6 1 80 
0:2:11 73.89 0.00000000 0.00000000 0.00 0.00 0.00 521.00 522.00 522.00 526.00 6 1 80 
0:2:11 74.09 0.00000000 0.00000000 0.00 0.00 0.00 521.00 522.00 522.00 526.00 6 1 80 
0:2:11 74.29 0.00000000 0.00000000 0.00 0.00 0.00 521.00 522.00 521.00 526.00 6 1 80 
0:2:11 74.49 0.00000000 0.00000000 0.00 0.00 0.00 520.00 522.00 521.00 526.00 6 1 80 
0:2:11 74.69 0.00000000 0.00000000 0.00 0.00 0.00 521.00 522.00 522.00 526.00 6 1 80 
0:2:11 74.89 0.00000000 0.00000000 0.00 0.00 0.00 521.00 522.00 521.00 526.00 6 1 80 
0:2:11 75.09 0.00000000 0.00000000 0.00 0.00 0.00 521.00 522.00 521.00 526.00 6 1 80 
0:2:11 75.29 0.00000000 0.00000000 0.00 0.00 0.00 521.00 522.00 522.00 526.00 6 1 80 
0:2:11 75.49 0.00000000 0.00000000 0.00 0.00 0.00 520.00 522.00 521.00 526.00 6 1 80 
0:2:11 75.69 0.00000000 0.00000000 0.00 0.00 0.00 521.00 522.00 522.00 526.00 6 1 80 
0:2:11 75.90 0.00000000 0.00000000 0.00 0.00 0.00 521.00 522.00 522.00 526.00 6 1 80 
0:2:11 76.10 0.00000000 0.00000000 0.00 0.00 0.00 521.00 522.00 522.00 526.00 6 1 80 
0:2:11 76.30 0.00000000 0.00000000 0.00 0.00 0.00 521.00 522.00 521.00 526.00 6 1 80 
0:2:11 76.50 0.00000000 0.00000000 0.00 0.00 0.00 521.00 522.00 522.00 526.00 6 1 80 
0:2:11 76.70 0.00000000 0.00000000 0.00 0.00 0.00 520.00 522.00 521.00 526.00 6 1 80 
0:2:11 76.90 0.00000000 0.00000000 0.00 0.00 0.00 521.00 522.00 522.00 526.00 6 1 80 
0:2:11 77.10 0.00000000 0.00000000 0.00 0.00 0.00 521.00 522.00 521.00 526.00 6 1 80 
0:2:11 77.30 0.00000000 0.00000000 0.00 0.00 0.00 520.00 522.00 522.00 526.00 6 1 80 
0:2:11 77.50 0.00000000 0.00000000 0.00 0.00 0.00 521.00 523.00 522.00 526.00 6 1 80 
0:2:11 77.70 0.00000000 0.00000000 0.00 0.00 0.00 520.00 523.00 521.00 526.00 6 1 80 
0:2:11 77.90 0.00000000 0.00000000 0.00 0.00 0.00 521.00 522.00 521.00 526.00 6 1 80 
0:2:11 78.11 0.00000000 0.00000000 0.00 0.00 0.00 521.00 522.00 522.00 526.00 6 1 80 
0:2:11 78.31 0.00000000 0.00000000 0.00 0.00 0.00 520.00 522.00 521.00 526.00 6 1 80 
0:2:11 78.51 0.00000000 0.00000000 0.00 0.00 0.00 521.00 522.00 521.00 525.00 6 1 80 
0:2:11 78.71 0.00000000 0.00000000 0.00 0.00 0.00 520.00 522.00 522.00 526.00 6 1 80 
0:2:11 78.91 0.00000000 0.00000000 0.00 0.00 0.00 520.00 522.00 522.00 526.00 6 1 80 
0:2:11 79.11 0.00000000 0.00000000 0.00 0.00 0.00 521.00 522.00 522.00 526.00 6 1 80 
0:2:23 79.31 0.00000000 0.00000000 0.00 0.00 0.00 521.00 522.00 522.00 526.00 6 1 80 
0:2:23 79.51 0.00000000 0.00000000 0.00 0.00 0.00 521.00 522.00 522.00 526.00 6 1 80 
0:2:23 79.71 0.00000000 0.00000000 0.00 0.00 0.00 521.00 522.00 522.00 526.00 6 1 80 
0:2:23 79.91 0.00000000 0.00000000 0.00 0.00 0.00 520.00 522.00 521.00 526.00 6 1 80 
0:2:23 80.11 0.00000000 0.00000000 0.00 0.00 0.00 521.00 522.00 522.00 526.00 6 1 80 
0:2:24 80.31 0.00000000 0.00000000 0.00 0.00 0.00 520.00 522.00 521.00 526.00 6 1 80 
0:2:24 80.51 0.00000000 0.00000000 0.00 0.00 0.00 520.00 522.00 522.00 526.00 6 1 80 
0:2:24 80.71 0.00000000 0.00000000 0.00 0.00 0.00 521.00 522.00 522.00 526.00 6 1 80 
0:2:24 80.91 0.00000000 0.00000000 0.00 0.00 0.00 520.00 522.00 521.00 526.00 6 1 80 
0:2:24 81.12 0.00000000 0.00000000 0.00 0.00 0.00 521.00 522.00 521.00 526.00 6 1 80 
0:2:25 81.32 0.00000000 0.00000000 0.00 0.00 0.00 522.00 522.00 522.00 526.00 6 1 80 
0:2:25 81.52 0.00000000 0.00000000 0.00 0.00 0.00 521.00 522.00 522.00 526.00 6 1 80 
0:2:25 81.72 0.00000000 0.00000000 0.00 0.00 0.00 520.00 522.00 521.00 526.00 6 1 80 
0:2:25 81.92 0.00000000 0.00000000 0.00 0.00 0.00 520.00 522.00 521.00 526.00 6 1 80 
0:2:25 82.12 0.00000000 0.00000000 0.00 0.00 0.00 521.00 520.00 522.00 526.00 6 1 80 
0:2:26 82.32 0.00000000 0.00000000 0.00 0.00 0.00 521.00 522.00 522.00 526.00 6 1 80 
0:2:26 82.52 0.00000000 0.00000000 0.00 0.00 0.00 520.00 522.00 522.00 526.00 6 1 80 
0:2:26 82.72 0.00000000 0.00000000 0.00 0.00 0.00 521.00 523.00 521.00 526.00 6 1 80 
0:2:26 82.92 0.00000000 0.00000000 0.00 0.00 0.00 521.00 522.00 522.00 526.00 6 1 80 
0:2:27 83.13 0.00000000 0.00000000 0.00 0.00 0.00 521.00 522.00 522.00 526.00 6 1 80 
0:2:27 83.33 0.00000000 0.00000000 0.00 0.00 0.00 520.00 521.00 522.00 526.00 6 1 80 
0:2:27 83.53 0.00000000 0.00000000 0.00 0.00 0.00 521.00 522.00 521.00 526.00 6 1 80 
0:2:27 83.73 0.00000000 0.00000000 0.00 0.00 0.00 520.00 522.00 522.00 526.00 6 1 80 
0:2:27 83.93 0.00000000 0.00000000 0.00 0.00 0.00 521.00 522.00 522.00 526.00 6 1 80 
0:2:28 84.13 0.00000000 0.00000000 0.00 0.00 0.00 521.00 522.00 522.00 527.00 6 1 80 
0:2:28 84.33 0.00000000 0.00000000 0.00 0.00 0.00 521.00 522.00 522.00 527.00 6 1 80 
0:2:28 84.54 0.00000000 0.00000000 0.00 0.00 0.00 520.00 522.00 521.00 526.00 6 1 80 
0:2:28 84.74 0.00000000 0.00000000 0.00 0.00 0.00 521.00 522.00 521.00 526.00 6 1 80 
0:2:28 84.94 0.00000000 0.00000000 0.00 0.00 0.00 521.00 522.00 522.00 526.00 6 1 80 
0:2:29 85.14 0.00000000 0.00000000 0.00 0.00 0.00 521.00 522.00 521.00 526.00 6 1 80 
0:2:29 85.34 0.00000000 0.00000000 0.00 0.00 0.00 521.00 522.00 522.00 526.00 6 1 80 
0:2:29 85.54 0.00000000 0.00000000 0.00 0.00 0.00 521.00 522.00 522.00 526.00 6 1 80 
0:2:29 85.74 0.00000000 0.00000000 0.00 0.00 0.00 521.00 522.00 521.00 526.00 6 1 80 
0:2:29 85.94 0.00000000 0.00000000 0.00 0.00 0.00 520.00 522.00 522.00 526.00 6 1 80 
0:2:30 86.14 0.00000000 0.00000000 0.00 0.00 0.00 521.00 522.00 522.00 526.00 6 1 80 
0:2:30 86.34 0.00000000 0.00000000 0.00 0.00 0.00 521.00 522.00 522.00 526.00 6 1 80 
0:2:30 86.54 0.00000000 0.00000000 0.00 0.00 0.00 521.00 522.00 522.00 526.00 6 1 80 
0:2:30 86.74 0.00000000 0.00000000 0.00 0.00 0.00 521.00 522.00 522.00 526.00 6 1 80 
0:2:30 86.94 0.00000000 0.00000000 0.00 0.00 0.00 521.00 522.00 522.00 526.00 6 1 80 
0:2:31 87.15 0.00000000 0.00000000 0.00 0.00 0.00 520.00 522.00 522.00 526.00 6 1 80 
0:2:31 87.35 0.00000000 0.00000000 0.00 0.00 0.00 520.00 522.00 522.00 526.00 6 1 80 
0:2:31 87.55 0.00000000 0.00000000 0.00 0.00 0.00 521.00 522.00 522.00 526.00 6 1 80 
0:2:31 87.75 0.00000000 0.00000000 0.00 0.00 0.00 521.00 522.00 521.00 526.00 6 1 80 
0:2:31 87.95 0.00000000 0.00000000 0.00 0.00 0.00 520.00 522.00 522.00 526.00 6 1 80 
0:2:32 88.15 0.00000000 0.00000000 0.00 0.00 0.00 521.00 523.00 521.00 526.00 6 1 80 
0:2:32 88.35 0.00000000 0.00000000 0.00 0.00 0.00 521.00 522.00 522.00 526.00 6 1 80 
0:2:32 88.55 0.00000000 0.00000000 0.00 0.00 0.00 521.00 522.00 522.00 526.00 6 1 80 
0:2:32 88.75 0.00000000 0.00000000 0.00 0.00 0.00 521.00 522.00 522.00 526.00 6 1 80 
0:2:32 88.95 0.00000000 0.00000000 0.00 0.00 0.00 521.00 522.00 521.00 526.00 6 1 80 
0:2:33 89.16 0.00000000 0.00000000 0.00 0.00 0.00 521.00 522.00 522.00 526.00 6 1 80 
0:2:33 89.36 0.00000000 0.00000000 0.00 0.00 0.00 521.00 522.00 521.00 526.00 6 1 80 
0:2:33 89.56 0.00000000 0.00000000 0.00 0.00 0.00 520.00 522.00 522.00 526.00 6 1 80 
0:2:33 89.76 0.00000000 0.00000000 0.00 0.00 0.00 521.00 522.00 521.00 526.00 6 1 80 
0:2:33 89.96 0.00000000 0.00000000 0.00 0.00 0.00 520.00 522.00 522.00 526.00 6 1 80 
0:2:34 90.16 0.00000000 0.00000000 0.00 0.00 0.00 520.00 522.00 522.00 526.00 6 1 80 
0:2:34 90.36 0.00000000 0.00000000 0.00 0.00 0.00 521.00 522.00 521.00 526.00 6 1 80 
0:2:34 90.56 0.00000000 0.00000000 0.00 0.00 0.00 521.00 522.00 522.00 526.00 6 1 80 
0:2:34 90.76 0.00000000 0.00000000 0.00 0.00 0.00 520.00 522.00 522.00 526.00 6 1 80 
0:2:34 90.96 0.00000000 0.00000000 0.00 0.00 0.00 521.00 522.00 521.00 526.00 6 1 80 
0:2:35 91.16 0.00000000 0.00000000 0.00 0.00 0.00 521.00 522.00 522.00 526.00 6 1 80 
0:2:35 91.36 0.00000000 0.00000000 0.00 0.00 0.00 521.00 522.00 522.00 526.00 6 1 80 
0:2:35 91.56 0.00000000 0.00000000 0.00 0.00 0.00 521.00 522.00 522.00 526.00 6 1 80 
0:2:35 91.77 0.00000000 0.00000000 0.00 0.00 0.00 521.00 522.00 521.00 526.00 6 1 80 
0:2:35 91.97 0.00000000 0.00000000 0.00 0.00 0.00 521.00 522.00 522.00 526.00 6 1 80 
0:2:36 92.17 0.00000000 0.00000000 0.00 0.00 0.00 521.00 523.00 521.00 526.00 6 1 80 
0:2:36 92.37 0.00000000 0.00000000 0.00 0.00 0.00 521.00 522.00 522.00 526.00 6 1 80 
0:2:36 92.57 0.00000000 0.00000000 0.00 0.00 0.00 521.00 522.00 522.00 526.00 6 1 80 
0:2:36 92.77 0.00000000 0.00000000 0.00 0.00 0.00 521.00 522.00 522.00 526.00 6 1 80 
0:2:36 92.97 0.00000000 0.00000000 0.00 0.00 0.00 521.00 522.00 522.00 526.00 6 1 80 
0:2:37 93.17 0.00000000 0.00000000 0.00 0.00 0.00 521.00 522.00 522.00 526.00 6 1 80 
0:2:37 93.37 0.00000000 0.00000000 0.00 0.00 0.00 520.00 522.00 522.00 526.00 6 1 80 
0:2:37 93.58 0.00000000 0.00000000 0.00 0.00 0.00 520.00 522.00 522.00 526.00 6 1 80 
0:2:37 93.78 0.00000000 0.00000000 0.00 0.00 0.00 521.00 522.00 521.00 526.00 6 1 80 
0:2:37 93.98 0.00000000 0.00000000 0.00 0.00 0.00 521.00 522.00 522.00 526.00 6 1 80 
0:2:38 94.18 0.00000000 0.00000000 0.00 0.00 0.00 521.00 522.00 521.00 526.00 6 1 80 
0:2:38 94.38 0.00000000 0.00000000 0.00 0.00 0.00 521.00 522.00 522.00 526.00 6 1 80 
0:2:38 94.58 0.00000000 0.00000000 0.00 0.00 0.00 521.00 522.00 521.00 527.00 6 1 80 
0:2:38 94.78 0.00000000 0.00000000 0.00 0.00 0.00 520.00 522.00 522.00 526.00 6 1 80 
0:2:38 94.98 0.00000000 0.00000000 0.00 0.00 0.00 521.00 523.00 522.00 526.00 6 1 80 
0:2:39 95.18 0.00000000 0.00000000 0.00 0.00 0.00 521.00 522.00 521.00 526.00 6 1 80 
0:2:39 95.38 0.00000000 0.00000000 0.00 0.00 0.00 520.00 522.00 522.00 526.00 6 1 80 
0:2:39 95.58 0.00000000 0.00000000 0.00 0.00 0.00 521.00 522.00 522.00 526.00 6 1 80 
0:2:39 95.78 0.00000000 0.00000000 0.00 0.00 0.00 521.00 522.00 522.00 526.00 6 1 80 
0:2:39 95.98 0.00000000 0.00000000 0.00 0.00 0.00 521.00 522.00 522.00 526.00 6 1 80 
0:2:40 96.19 0.00000000 0.00000000 0.00 0.00 0.00 521.00 522.00 521.00 526.00 6 1 80 
0:2:40 96.39 0.00000000 0.00000000 0.00 0.00 0.00 521.00 522.00 521.00 526.00 6 1 80 
0:2:40 96.59 0.00000000 0.00000000 0.00 0.00 0.00 520.00 522.00 522.00 526.00 6 1 80 
0:2:40 96.79 0.00000000 0.00000000 0.00 0.00 0.00 521.00 522.00 522.00 527.00 6 1 80 
0:2:40 96.99 0.00000000 0.00000000 0.00 0.00 0.00 521.00 522.00 522.00 526.00 6 1 80 
0:2:41 97.19 0.00000000 0.00000000 0.00 0.00 0.00 521.00 522.00 522.00 526.00 6 1 80 
0:2:41 97.39 0.00000000 0.00000000 0.00 0.00 0.00 520.00 522.00 522.00 526.00 6 1 80 
0:2:41 97.59 0.00000000 0.00000000 0.00 0.00 0.00 521.00 522.00 521.00 526.00 6 1 80 
0:2:41 97.79 0.00000000 0.00000000 0.00 0.00 0.00 520.00 522.00 522.00 527.00 6 1 80 
0:2:41 97.99 0.00000000 0.00000000 0.00 0.00 0.00 521.00 522.00 522.00 526.00 6 1 80 
0:2:42 98.19 0.00000000 0.00000000 0.00 0.00 0.00 520.00 522.00 522.00 526.00 6 1 80 
0:2:42 98.39 0.00000000 0.00000000 0.00 0.00 0.00 521.00 522.00 522.00 526.00 6 1 80 
0:2:42 98.59 0.00000000 0.00000000 0.00 0.00 0.00 520.00 522.00 522.00 526.00 6 1 80 
0:2:42 98.79 0.00000000 0.00000000 0.00 0.00 0.00 521.00 522.00 521.00 526.00 6 1 80 
0:2:42 98.99 0.00000000 0.00000000 0.00 0.00 0.00 521.00 522.00 521.00 526.00 6 1 80 
0:2:43 99.19 0.00000000 0.00000000 0.00 0.00 0.00 520.00 522.00 521.00 526.00 6 1 80 
0:2:43 99.40 0.00000000 0.00000000 0.00 0.00 0.00 521.00 522.00 521.00 526.00 6 1 80 
0:2:43 99.60 0.00000000 0.00000000 0.00 0.00 0.00 521.00 522.00 522.00 527.00 6 1 80 
0:2:43 99.80 0.00000000 0.00000000 0.00 0.00 0.00 521.00 522.00 521.00 526.00 6 1 80 
0:2:43 100.00 0.00000000 0.00000000 0.00 0.00 0.00 520.00 522.00 522.00 526.00 6 1 80 
0:2:44 100.20 0.00000000 0.00000000 0.00 0.00 0.00 521.00 522.00 522.00 527.00 6 1 80 
0:2:44 100.40 0.00000000 0.00000000 0.00 0.00 0.00 521.00 522.00 521.00 526.00 6 1 80 
0:2:44 100.60 0.00000000 0.00000000 0.00 0.00 0.00 521.00 522.00 522.00 526.00 6 1 80 
0:2:44 100.80 0.00000000 0.00000000 0.00 0.00 0.00 521.00 522.00 522.00 526.00 6 1 80 
0:2:44 101.00 0.00000000 0.00000000 0.00 0.00 0.00 521.00 522.00 522.00 526.00 6 1 80 
0:2:45 101.20 0.00000000 0.00000000 0.00 0.00 0.00 520.00 522.00 522.00 526.00 6 1 80 
0:2:45 101.40 0.00000000 0.00000000 0.00 0.00 0.00 520.00 522.00 521.00 526.00 6 1 80 
0:2:45 101.60 0.00000000 0.00000000 0.00 0.00 0.00 521.00 522.00 522.00 526.00 6 1 80 
0:2:45 101.80 0.00000000 0.00000000 0.00 0.00 0.00 521.00 522.00 522.00 526.00 6 1 80 
0:2:45 102.00 0.00000000 0.00000000 0.00 0.00 0.00 521.00 522.00 521.00 526.00 6 1 80 
0:2:46 102.20 0.00000000 0.00000000 0.00 0.00 0.00 521.00 522.00 522.00 526.00 6 1 80 
0:2:46 102.41 0.00000000 0.00000000 0.00 0.00 0.00 520.00 522.00 521.00 526.00 6 1 80 
0:2:46 102.61 0.00000000 0.00000000 0.00 0.00 0.00 521.00 522.00 522.00 526.00 6 1 80 
0:2:46 102.81 0.00000000 0.00000000 0.00 0.00 0.00 521.00 522.00 522.00 527.00 6 1 80 
0:2:46 103.01 0.00000000 0.00000000 0.00 0.00 0.00 521.00 522.00 522.00 526.00 6 1 80 
0:2:47 103.21 0.00000000 0.00000000 0.00 0.00 0.00 521.00 522.00 521.00 526.00 6 1 80 
0:2:47 103.41 0.00000000 0.00000000 0.00 0.00 0.00 521.00 522.00 522.00 526.00 6 1 80 
0:2:47 103.61 0.00000000 0.00000000 0.00 0.00 0.00 521.00 521.00 522.00 526.00 6 1 80 
0:2:47 103.81 0.00000000 0.00000000 0.00 0.00 0.00 521.00 522.00 523.00 526.00 6 1 80 
0:2:47 104.01 0.00000000 0.00000000 0.00 0.00 0.00 521.00 522.00 521.00 526.00 6 1 80 
0:2:48 104.21 0.00000000 0.00000000 0.00 0.00 0.00 521.00 522.00 522.00 526.00 6 1 80 
0:2:48 104.41 0.00000000 0.00000000 0.00 0.00 0.00 521.00 522.00 521.00 527.00 6 1 80 
0:2:48 104.61 0.00000000 0.00000000 0.00 0.00 0.00 521.00 522.00 521.00 526.00 6 1 80 
0:2:48 104.81 0.00000000 0.00000000 0.00 0.00 0.00 521.00 522.00 521.00 526.00 6 1 80 
0:2:48 105.01 0.00000000 0.00000000 0.00 0.00 0.00 521.00 522.00 522.00 527.00 6 1 80 
0:2:49 105.22 0.00000000 0.00000000 0.00 0.00 0.00 521.00 522.00 522.00 526.00 6 1 80 
0:2:49 105.42 0.00000000 0.00000000 0.00 0.00 0.00 521.00 522.00 521.00 526.00 6 1 80 
0:2:49 105.62 0.00000000 0.00000000 0.00 0.00 0.00 521.00 523.00 522.00 526.00 6 1 80 
0:2:49 105.82 0.00000000 0.00000000 0.00 0.00 0.00 521.00 522.00 521.00 526.00 6 1 80 
0:2:49 106.02 0.00000000 0.00000000 0.00 0.00 0.00 521.00 522.00 521.00 527.00 6 1 80 
0:2:50 106.22 0.00000000 0.00000000 0.00 0.00 0.00 521.00 522.00 522.00 526.00 6 1 80 
0:2:50 106.42 0.00000000 0.00000000 0.00 0.00 0.00 521.00 522.00 522.00 526.00 6 1 80 
0:2:50 106.62 0.00000000 0.00000000 0.00 0.00 0.00 521.00 522.00 522.00 526.00 6 1 80 
0:2:50 106.82 0.00000000 0.00000000 0.00 0.00 0.00 521.00 522.00 522.00 526.00 6 1 80 
0:2:50 107.02 0.00000000 0.00000000 0.00 0.00 0.00 521.00 522.00 521.00 526.00 6 1 80 
0:2:51 107.22 0.00000000 0.00000000 0.00 0.00 0.00 521.00 522.00 522.00 526.00 6 1 80 
0:2:51 107.42 0.00000000 0.00000000 0.00 0.00 0.00 520.00 522.00 522.00 527.00 6 1 80 
0:2:51 107.62 0.00000000 0.00000000 0.00 0.00 0.00 520.00 522.00 522.00 526.00 6 1 80 
0:2:51 107.82 0.00000000 0.00000000 0.00 0.00 0.00 521.00 522.00 522.00 526.00 6 1 80 
0:2:51 108.02 0.00000000 0.00000000 0.00 0.00 0.00 521.00 522.00 522.00 526.00 6 1 80 
0:2:52 108.22 0.00000000 0.00000000 0.00 0.00 0.00 521.00 522.00 522.00 526.00 6 1 80 
0:2:52 108.43 0.00000000 0.00000000 0.00 0.00 0.00 521.00 522.00 521.00 526.00 6 1 80 
0:2:52 108.63 0.00000000 0.00000000 0.00 0.00 0.00 521.00 522.00 522.00 526.00 6 1 80 
0:2:52 108.83 0.00000000 0.00000000 0.00 0.00 0.00 521.00 522.00 522.00 526.00 6 1 80 
0:2:52 109.03 0.00000000 0.00000000 0.00 0.00 0.00 521.00 522.00 522.00 526.00 6 1 80 
0:2:53 109.23 0.00000000 0.00000000 0.00 0.00 0.00 521.00 522.00 522.00 526.00 6 1 80 
0:2:53 109.43 0.00000000 0.00000000 0.00 0.00 0.00 521.00 522.00 522.00 526.00 6 1 80 
0:2:53 109.63 0.00000000 0.00000000 0.00 0.00 0.00 521.00 522.00 521.00 526.00 6 1 80 
0:2:53 109.83 0.00000000 0.00000000 0.00 0.00 0.00 521.00 522.00 522.00 526.00 6 1 80 
0:2:53 110.03 0.00000000 0.00000000 0.00 0.00 0.00 520.00 522.00 522.00 526.00 6 1 80 
0:2:54 110.23 0.00000000 0.00000000 0.00 0.00 0.00 521.00 522.00 522.00 526.00 6 1 80 
0:2:54 110.43 0.00000000 0.00000000 0.00 0.00 0.00 521.00 522.00 521.00 526.00 6 1 80 
0:2:54 110.63 0.00000000 0.00000000 0.00 0.00 0.00 521.00 522.00 522.00 526.00 6 1 80 
