0:0:0 0.81 0.00000000 0.00000000 0.00 0.00 0.00 521.00 522.00 521.00 413.00 0 0 0 
0:0:0 1.01 0.00000000 0.00000000 0.00 0.00 0.00 520.00 522.00 522.00 464.00 0 0 0 
0:0:0 1.21 0.00000000 0.00000000 0.00 0.00 0.00 521.00 522.00 521.00 490.00 0 0 0 
0:0:36 1.41 0.00000000 0.00000000 0.00 0.00 0.00 521.00 522.00 522.00 496.00 0 0 0 
0:0:36 1.61 0.00000000 0.00000000 0.00 0.00 0.00 521.00 522.00 521.00 501.00 0 0 0 
0:0:36 1.81 0.00000000 0.00000000 0.00 0.00 0.00 521.00 522.00 521.00 505.00 0 0 0 
0:0:36 2.02 0.00000000 0.00000000 0.00 0.00 0.00 520.00 522.00 522.00 511.00 0 0 0 
0:0:36 2.22 0.00000000 0.00000000 0.00 0.00 0.00 521.00 522.00 522.00 511.00 0 0 0 
0:0:37 2.42 0.00000000 0.00000000 0.00 0.00 0.00 520.00 522.00 522.00 511.00 6 1 80 
0:0:37 2.62 0.00000000 0.00000000 0.00 0.00 0.00 521.00 522.00 522.00 512.00 6 1 80 
0:0:37 2.82 0.00000000 0.00000000 0.00 0.00 0.00 521.00 523.00 521.00 513.00 6 1 80 
0:0:37 3.02 0.00000000 0.00000000 0.00 0.00 0.00 520.00 523.00 522.00 514.00 6 1 80 
0:0:37 3.22 0.00000000 0.00000000 0.00 0.00 0.00 520.00 522.00 522.00 505.00 6 1 80 
0:0:38 3.42 0.00000000 0.00000000 0.00 0.00 0.00 520.00 522.00 522.00 510.00 6 1 80 
0:0:38 3.62 0.00000000 0.00000000 0.00 0.00 0.00 521.00 522.00 521.00 507.00 6 1 80 
