0:0:0 0.83 0.00000000 0.00000000 -99.00 -99.00 0.00 521.00 523.00 522.00 526.00 22.95 1017.48 60.13 0 0 0 17 
0:0:0 1.03 0.00000000 0.00000000 -99.00 -99.00 0.00 521.00 522.00 522.00 526.00 22.99 1017.47 60.14 0 0 0 17 
0:0:0 1.23 0.00000000 0.00000000 -99.00 -99.00 0.00 521.00 522.00 523.00 527.00 23.00 1017.54 60.14 0 0 0 17 
19:18:57 1.43 0.00000000 0.00000000 -99.00 -99.00 0.00 522.00 522.00 523.00 527.00 23.01 1017.53 60.19 0 6 3 17 
19:18:57 1.63 0.00000000 0.00000000 -99.00 -99.00 0.00 521.00 522.00 522.00 525.00 23.02 1017.54 60.26 0 6 3 17 
19:18:57 1.83 0.00000000 0.00000000 -99.00 -99.00 0.00 520.00 523.00 523.00 527.00 23.02 1017.44 60.33 0 6 3 17 
19:18:57 2.03 0.00000000 0.00000000 -99.00 -99.00 0.00 521.00 522.00 523.00 527.00 23.02 1017.52 nan 0 6 3 17 
19:18:57 2.23 0.00000000 0.00000000 -99.00 -99.00 0.00 521.00 523.00 522.00 527.00 23.02 1017.52 60.42 0 6 3 17 
19:18:58 2.43 0.00000000 0.00000000 -99.00 -99.00 0.00 521.00 523.00 523.00 527.00 23.02 1017.47 60.45 0 6 3 17 
19:18:58 2.64 0.00000000 0.00000000 -99.00 -99.00 0.00 521.00 522.00 522.00 527.00 23.03 1017.49 60.48 0 6 3 17 
19:18:58 2.84 0.00000000 0.00000000 -99.00 -99.00 0.00 521.00 523.00 523.00 527.00 23.03 1017.51 60.51 0 6 3 17 
19:18:58 3.04 0.00000000 0.00000000 -99.00 -99.00 0.00 520.00 522.00 523.00 526.00 23.03 1017.50 60.54 0 6 3 17 
19:18:58 3.24 0.00000000 0.00000000 -99.00 -99.00 0.00 521.00 522.00 523.00 526.00 23.03 1017.54 60.56 0 6 3 17 
19:18:59 3.44 0.00000000 0.00000000 -99.00 -99.00 0.00 521.00 523.00 523.00 526.00 23.03 1017.50 60.58 0 6 3 17 
19:18:59 3.64 0.00000000 0.00000000 -99.00 -99.00 0.00 521.00 523.00 523.00 527.00 23.03 1017.51 60.58 0 6 3 17 
19:18:59 3.84 0.00000000 0.00000000 -99.00 -99.00 0.00 521.00 522.00 522.00 527.00 23.03 1017.50 60.59 0 6 3 17 
19:18:59 4.04 0.00000000 0.00000000 -99.00 -99.00 0.00 521.00 522.00 523.00 526.00 23.03 1017.52 60.59 0 6 3 17 
19:18:59 4.24 0.00000000 0.00000000 -99.00 -99.00 0.00 521.00 523.00 524.00 527.00 23.03 1017.46 60.59 0 6 3 17 
19:19:0 4.44 0.00000000 0.00000000 -99.00 -99.00 0.00 521.00 523.00 522.00 527.00 23.03 1017.55 60.59 0 6 3 17 
19:19:0 4.64 0.00000000 0.00000000 -99.00 -99.00 0.00 521.00 523.00 523.00 526.00 23.03 1017.55 60.59 0 6 3 17 
19:19:0 4.84 0.00000000 0.00000000 -99.00 -99.00 0.00 521.00 523.00 523.00 527.00 23.03 1017.51 60.58 0 6 3 17 
19:19:0 5.04 0.00000000 0.00000000 -99.00 -99.00 0.00 521.00 523.00 523.00 526.00 23.03 1017.45 60.56 0 6 3 17 
19:19:0 5.25 0.00000000 0.00000000 -99.00 -99.00 0.00 521.00 522.00 523.00 527.00 23.03 1017.47 60.54 0 6 3 17 
19:19:0 5.45 0.00000000 0.00000000 -99.00 -99.00 0.00 521.00 522.00 523.00 526.00 23.03 1017.52 60.51 0 6 3 17 
19:19:0 5.65 0.00000000 0.00000000 -99.00 -99.00 0.00 521.00 523.00 523.00 527.00 23.03 1017.48 60.48 0 6 3 17 
19:19:0 5.85 0.00000000 0.00000000 -99.00 -99.00 0.00 521.00 522.00 523.00 527.00 23.03 1017.45 60.45 0 6 3 17 
19:19:0 6.05 0.00000000 0.00000000 -99.00 -99.00 0.00 521.00 522.00 522.00 527.00 23.03 1017.53 60.41 0 6 3 17 
19:19:0 6.25 0.00000000 0.00000000 -99.00 -99.00 0.00 521.00 522.00 522.00 526.00 23.03 1017.46 nan 0 6 3 17 
19:19:0 6.45 0.00000000 0.00000000 -99.00 -99.00 0.00 521.00 522.00 523.00 527.00 23.03 1017.46 60.36 0 6 3 17 
19:19:0 6.65 0.00000000 0.00000000 -99.00 -99.00 0.00 521.00 522.00 522.00 527.00 23.03 1017.51 60.34 0 6 3 17 
19:19:0 6.85 0.00000000 0.00000000 -99.00 -99.00 0.00 521.00 523.00 523.00 527.00 23.03 1017.51 60.33 0 6 3 17 
19:19:0 7.05 0.00000000 0.00000000 -99.00 -99.00 0.00 521.00 523.00 523.00 526.00 23.03 1017.45 60.32 0 6 3 17 
19:19:0 7.25 0.00000000 0.00000000 -99.00 -99.00 0.00 521.00 523.00 523.00 526.00 23.03 1017.53 60.31 0 6 3 17 
19:19:0 7.45 0.00000000 0.00000000 -99.00 -99.00 0.00 521.00 523.00 523.00 527.00 23.03 1017.51 60.30 0 6 3 17 
19:19:0 7.65 0.00000000 0.00000000 -99.00 -99.00 0.00 521.00 523.00 522.00 526.00 23.03 1017.45 60.29 0 6 3 17 
19:19:0 7.85 0.00000000 0.00000000 -99.00 -99.00 0.00 521.00 522.00 522.00 527.00 23.03 1017.46 60.28 0 6 3 17 
19:19:0 8.05 0.00000000 0.00000000 -99.00 -99.00 0.00 521.00 521.00 522.00 526.00 23.03 1017.45 60.28 0 6 3 17 
19:19:0 8.25 0.00000000 0.00000000 -99.00 -99.00 0.00 521.00 523.00 522.00 527.00 23.03 1017.49 60.27 0 6 3 17 
19:19:0 8.45 0.00000000 0.00000000 -99.00 -99.00 0.00 521.00 523.00 522.00 526.00 23.03 1017.45 60.27 0 6 3 17 
19:19:0 8.65 0.00000000 0.00000000 -99.00 -99.00 0.00 521.00 523.00 523.00 527.00 23.03 1017.47 60.26 0 6 3 17 
19:19:0 8.86 0.00000000 0.00000000 -99.00 -99.00 0.00 521.00 522.00 523.00 527.00 23.04 1017.50 60.25 0 6 3 17 
19:19:0 9.06 0.00000000 0.00000000 -99.00 -99.00 0.00 521.00 522.00 523.00 527.00 23.03 1017.43 60.24 0 6 3 17 
19:19:0 9.26 0.00000000 0.00000000 -99.00 -99.00 0.00 522.00 522.00 522.00 526.00 23.03 1017.45 60.23 0 6 3 17 
19:19:0 9.46 0.00000000 0.00000000 -99.00 -99.00 0.00 521.00 523.00 523.00 528.00 23.03 1017.50 60.23 0 6 3 17 
19:19:0 9.66 0.00000000 0.00000000 -99.00 -99.00 0.00 521.00 523.00 523.00 527.00 23.03 1017.53 60.22 0 6 3 17 
19:19:0 9.86 0.00000000 0.00000000 -99.00 -99.00 0.00 521.00 523.00 523.00 528.00 23.03 1017.43 60.20 0 6 3 17 
19:19:0 10.06 0.00000000 0.00000000 -99.00 -99.00 0.00 521.00 523.00 523.00 527.00 23.03 1017.42 60.19 0 6 3 17 
19:19:0 10.26 0.00000000 0.00000000 -99.00 -99.00 0.00 521.00 523.00 523.00 527.00 23.03 1017.50 60.18 0 6 3 17 
19:19:0 10.47 0.00000000 0.00000000 -99.00 -99.00 0.00 521.00 522.00 523.00 528.00 23.03 1017.47 60.16 0 6 3 17 
19:19:0 10.67 0.00000000 0.00000000 -99.00 -99.00 0.00 521.00 523.00 522.00 527.00 23.03 1017.49 60.16 0 6 3 17 
19:19:0 10.87 0.00000000 0.00000000 -99.00 -99.00 0.00 521.00 522.00 523.00 527.00 23.03 1017.49 60.15 0 6 3 17 
19:19:0 11.07 0.00000000 0.00000000 -99.00 -99.00 0.00 521.00 522.00 523.00 528.00 23.04 1017.52 60.15 0 6 3 17 
19:19:0 11.27 0.00000000 0.00000000 -99.00 -99.00 0.00 521.00 523.00 523.00 527.00 23.04 1017.50 60.13 0 6 3 17 
19:19:0 11.47 0.00000000 0.00000000 -99.00 -99.00 0.00 521.00 523.00 523.00 527.00 23.03 1017.49 60.17 0 6 3 17 
19:19:0 11.67 0.00000000 0.00000000 -99.00 -99.00 0.00 521.00 522.00 523.00 527.00 23.04 1017.47 60.13 0 6 3 17 
19:19:0 11.87 0.00000000 0.00000000 -99.00 -99.00 0.00 521.00 523.00 523.00 527.00 23.04 1017.54 60.13 0 6 3 17 
19:19:0 12.07 0.00000000 0.00000000 -99.00 -99.00 0.00 521.00 523.00 523.00 527.00 23.04 1017.45 60.13 0 6 3 17 
19:19:0 12.28 0.00000000 0.00000000 -99.00 -99.00 0.00 521.00 523.00 522.00 527.00 23.04 1017.51 60.13 0 6 3 17 
19:19:0 12.48 0.00000000 0.00000000 -99.00 -99.00 0.00 521.00 522.00 523.00 526.00 23.04 1017.47 60.13 0 6 3 17 
19:19:0 12.68 0.00000000 0.00000000 -99.00 -99.00 0.00 520.00 523.00 522.00 526.00 23.04 1017.48 60.12 0 6 3 17 
19:19:0 12.88 0.00000000 0.00000000 -99.00 -99.00 0.00 521.00 522.00 523.00 526.00 23.04 1017.44 60.12 0 6 3 17 
19:19:0 13.08 0.00000000 0.00000000 -99.00 -99.00 0.00 521.00 522.00 523.00 526.00 23.04 1017.45 60.12 0 6 3 17 
19:19:0 13.28 0.00000000 0.00000000 -99.00 -99.00 0.00 521.00 522.00 523.00 526.00 23.04 1017.47 60.12 0 6 3 17 
19:19:8 13.48 0.00000000 0.00000000 -99.00 -99.00 0.00 521.00 522.00 522.00 526.00 23.05 1017.52 60.11 0 6 3 17 
19:19:8 13.68 0.00000000 0.00000000 -99.00 -99.00 0.00 521.00 523.00 523.00 526.00 23.04 1017.50 60.11 0 6 3 17 
19:19:8 13.89 0.00000000 0.00000000 -99.00 -99.00 0.00 521.00 523.00 523.00 527.00 23.04 1017.53 60.11 0 6 3 17 
19:19:8 14.09 0.00000000 0.00000000 -99.00 -99.00 0.00 521.00 522.00 522.00 527.00 23.04 1017.50 60.10 0 6 3 17 
19:19:8 14.29 0.00000000 0.00000000 -99.00 -99.00 0.00 521.00 523.00 523.00 527.00 23.04 1017.53 60.09 0 6 3 17 
19:19:9 14.49 0.00000000 191.00016784 -99.00 -99.00 0.00 521.00 522.00 522.00 527.00 23.04 1017.50 60.09 0 6 3 17 
19:19:9 14.69 0.00000000 191.00016784 -99.00 -99.00 0.00 521.00 523.00 522.00 527.00 23.03 1017.46 60.08 0 6 3 17 
19:19:9 14.89 0.00000000 191.00016784 -99.00 -99.00 0.00 521.00 523.00 522.00 527.00 23.04 1017.52 60.08 0 6 3 17 
19:19:9 15.09 0.00000000 191.00016784 -99.00 -99.00 0.00 521.00 523.00 523.00 526.00 23.04 1017.50 60.07 0 6 3 17 
19:19:9 15.29 0.00000000 191.00016784 -99.00 -99.00 0.00 521.00 522.00 523.00 527.00 23.04 1017.54 60.07 0 6 3 17 
19:19:10 15.49 0.00000000 0.00000000 -99.00 -99.00 0.00 522.00 523.00 522.00 526.00 23.04 1017.54 60.07 0 6 3 17 
19:19:10 15.69 0.00000000 0.00000000 -99.00 -99.00 0.00 521.00 522.00 522.00 527.00 23.03 1017.53 60.07 0 6 3 17 
19:19:10 15.90 0.00000000 0.00000000 -99.00 -99.00 0.00 521.00 523.00 522.00 527.00 23.03 1017.54 60.06 0 6 3 17 
19:19:10 16.10 0.00000000 0.00000000 -99.00 -99.00 0.00 521.00 523.00 523.00 527.00 23.03 1017.49 60.06 0 6 3 17 
19:19:10 16.30 0.00000000 0.00000000 -99.00 -99.00 0.00 521.00 522.00 522.00 527.00 23.04 1017.52 60.05 0 6 3 17 
19:19:12 16.50 0.00000000 0.00000000 -99.00 -99.00 0.00 521.00 523.00 523.00 527.00 23.04 1017.49 60.05 0 6 3 17 
19:19:12 16.70 0.00000000 0.00000000 -99.00 -99.00 0.00 521.00 523.00 523.00 527.00 23.04 1017.54 60.04 0 6 3 17 
19:19:12 16.90 0.00000000 0.00000000 -99.00 -99.00 0.00 521.00 523.00 523.00 526.00 23.04 1017.52 60.04 0 6 3 17 
19:19:12 17.10 0.00000000 0.00000000 -99.00 -99.00 0.00 521.00 523.00 523.00 526.00 23.04 1017.48 60.03 0 6 3 17 
19:19:12 17.30 0.00000000 0.00000000 -99.00 -99.00 0.00 521.00 523.00 522.00 527.00 23.05 1017.53 60.03 0 6 3 17 
19:19:13 17.51 0.00000000 0.00000000 -99.00 -99.00 0.00 521.00 523.00 523.00 527.00 23.04 1017.53 60.03 0 6 3 17 
19:19:13 17.71 0.00000000 0.00000000 -99.00 -99.00 0.00 521.00 523.00 523.00 527.00 23.05 1017.52 60.03 0 6 3 17 
19:19:13 17.91 0.00000000 0.00000000 -99.00 -99.00 0.00 521.00 522.00 523.00 527.00 23.04 1017.49 60.04 0 6 3 17 
19:19:13 18.11 0.00000000 0.00000000 -99.00 -99.00 0.00 521.00 523.00 522.00 527.00 23.05 1017.52 60.03 0 6 3 17 
19:19:14 18.31 0.00000000 0.00000000 -99.00 -99.00 0.00 521.00 522.00 523.00 526.00 23.04 1017.52 60.03 0 6 3 17 
19:19:14 18.52 0.00000000 0.00000000 -99.00 -99.00 0.00 521.00 523.00 523.00 527.00 23.04 1017.50 60.03 0 6 3 17 
19:19:14 18.72 0.00000000 0.00000000 -99.00 -99.00 0.00 521.00 523.00 523.00 527.00 23.05 1017.55 60.04 0 6 3 17 
19:19:14 18.92 0.00000000 0.00000000 -99.00 -99.00 0.00 521.00 522.00 523.00 527.00 23.05 1017.54 60.04 0 6 3 17 
19:19:14 19.12 0.00000000 0.00000000 -99.00 -99.00 0.00 521.00 523.00 523.00 527.00 23.05 1017.48 60.05 0 6 3 17 
19:19:15 19.32 0.00000000 0.00000000 -99.00 -99.00 0.00 521.00 522.00 522.00 527.00 23.05 1017.48 60.05 0 6 3 17 
19:19:15 19.52 0.00000000 0.00000000 -99.00 -99.00 0.00 521.00 523.00 523.00 527.00 23.05 1017.53 60.05 0 6 3 17 
19:19:15 19.72 0.00000000 0.00000000 -99.00 -99.00 0.00 521.00 523.00 523.00 527.00 23.05 1017.50 60.06 0 6 3 17 
19:19:15 19.93 0.00000000 0.00000000 -99.00 -99.00 0.00 521.00 523.00 522.00 527.00 23.05 1017.53 60.05 0 6 3 17 
19:19:15 20.13 0.00000000 0.00000000 -99.00 -99.00 0.00 521.00 523.00 522.00 527.00 23.04 1017.49 60.05 0 6 3 17 
19:19:15 20.33 0.00000000 0.00000000 -99.00 -99.00 0.00 522.00 523.00 523.00 527.00 23.04 1017.48 60.06 0 6 3 17 
19:19:16 20.53 0.00000000 0.00000000 -99.00 -99.00 0.00 521.00 522.00 523.00 527.00 23.04 1017.50 60.06 0 6 3 17 
19:19:16 20.73 0.00000000 0.00000000 -99.00 -99.00 0.00 521.00 522.00 523.00 526.00 23.05 1017.52 60.06 0 6 3 17 
19:19:16 20.93 0.00000000 0.00000000 -99.00 -99.00 0.00 521.00 522.00 523.00 527.00 23.05 1017.48 60.06 0 6 3 17 
19:19:16 21.13 0.00000000 0.00000000 -99.00 -99.00 0.00 521.00 522.00 523.00 527.00 23.04 1017.50 60.07 0 6 3 17 
19:19:17 21.33 0.00000000 0.00000000 -99.00 -99.00 0.00 521.00 523.00 523.00 527.00 23.05 1017.53 60.07 0 6 3 17 
19:19:17 21.54 0.00000000 0.00000000 -99.00 -99.00 0.00 521.00 522.00 523.00 527.00 23.05 1017.53 60.07 0 6 3 17 
19:19:17 21.74 0.00000000 0.00000000 -99.00 -99.00 0.00 521.00 523.00 522.00 527.00 23.05 1017.50 60.08 0 6 3 17 
19:19:17 21.94 0.00000000 0.00000000 -99.00 -99.00 0.00 522.00 523.00 523.00 527.00 23.05 1017.50 60.08 0 6 3 17 
19:19:17 22.14 0.00000000 0.00000000 -99.00 -99.00 0.00 521.00 523.00 523.00 527.00 23.04 1017.50 60.07 0 6 3 17 
19:19:18 22.34 0.00000000 0.00000000 -99.00 -99.00 0.00 521.00 523.00 523.00 527.00 23.04 1017.54 60.06 0 6 3 17 
19:19:18 22.54 0.00000000 0.00000000 -99.00 -99.00 0.00 521.00 523.00 522.00 526.00 23.04 1017.54 60.06 0 6 3 17 
19:19:18 22.74 0.00000000 0.00000000 -99.00 -99.00 0.00 521.00 522.00 523.00 527.00 23.04 1017.52 60.06 0 6 3 17 
19:19:18 22.94 0.00000000 0.00000000 -99.00 -99.00 0.00 522.00 523.00 523.00 527.00 23.04 1017.52 60.05 0 6 3 17 
19:19:18 23.14 0.00000000 0.00000000 -99.00 -99.00 0.00 521.00 523.00 522.00 527.00 23.04 1017.53 60.05 0 6 3 17 
19:19:19 23.35 0.00000000 0.00000000 -99.00 -99.00 0.00 522.00 522.00 522.00 527.00 23.04 1017.46 60.04 0 6 3 17 
19:19:19 23.55 0.00000000 0.00000000 -99.00 -99.00 0.00 522.00 523.00 522.00 527.00 23.04 1017.53 60.04 0 6 3 17 
19:19:19 23.75 0.00000000 0.00000000 -99.00 -99.00 0.00 521.00 523.00 523.00 526.00 23.04 1017.52 60.03 0 6 3 17 
19:19:19 23.95 0.00000000 0.00000000 -99.00 -99.00 0.00 521.00 523.00 523.00 526.00 23.04 1017.55 60.03 0 6 3 17 
19:19:19 24.15 0.00000000 0.00000000 -99.00 -99.00 0.00 521.00 523.00 522.00 527.00 23.04 1017.51 60.02 0 6 3 17 
19:19:20 24.35 0.00000000 0.00000000 -99.00 -99.00 0.00 521.00 523.00 522.00 527.00 23.04 1017.53 60.01 0 6 3 17 
19:19:20 24.55 0.00000000 0.00000000 -99.00 -99.00 0.00 521.00 522.00 523.00 526.00 23.04 1017.49 60.00 0 6 3 17 
19:19:20 24.75 0.00000000 0.00000000 -99.00 -99.00 0.00 521.00 523.00 522.00 527.00 23.04 1017.51 60.01 0 6 3 17 
19:19:20 24.95 0.00000000 0.00000000 -99.00 -99.00 0.00 521.00 523.00 523.00 527.00 23.04 1017.49 60.01 0 6 3 17 
19:19:20 25.16 0.00000000 0.00000000 -99.00 -99.00 0.00 521.00 523.00 523.00 527.00 23.04 1017.55 60.00 0 6 3 17 
19:19:21 25.36 0.00000000 0.00000000 -99.00 -99.00 0.00 521.00 522.00 522.00 527.00 23.04 1017.53 60.00 0 6 3 17 
19:19:21 25.56 0.00000000 0.00000000 -99.00 -99.00 0.00 521.00 523.00 524.00 527.00 23.04 1017.52 60.00 0 6 3 17 
19:19:21 25.76 0.00000000 0.00000000 -99.00 -99.00 0.00 521.00 522.00 523.00 527.00 23.04 1017.51 59.99 0 6 3 17 
19:19:21 25.96 0.00000000 0.00000000 -99.00 -99.00 0.00 521.00 522.00 522.00 527.00 23.04 1017.50 59.99 0 6 3 17 
19:19:21 26.16 0.00000000 0.00000000 -99.00 -99.00 0.00 521.00 523.00 523.00 524.00 23.04 1017.54 59.99 0 6 3 17 
19:19:22 26.36 0.00000000 0.00000000 -99.00 -99.00 0.00 521.00 523.00 522.00 527.00 23.04 1017.53 59.99 0 6 3 17 
19:19:22 26.56 0.00000000 0.00000000 -99.00 -99.00 0.00 521.00 523.00 523.00 527.00 23.04 1017.48 59.99 0 6 3 17 
19:19:22 26.76 0.00000000 0.00000000 -99.00 -99.00 0.00 521.00 522.00 523.00 527.00 23.04 1017.51 59.98 0 6 3 17 
19:19:22 26.97 0.00000000 0.00000000 -99.00 -99.00 0.00 522.00 522.00 522.00 527.00 23.04 1017.48 59.97 0 6 3 17 
19:19:22 27.17 0.00000000 0.00000000 -99.00 -99.00 0.00 521.00 523.00 522.00 527.00 23.04 1017.45 59.97 0 6 3 17 
19:19:23 27.37 0.00000000 0.00000000 -99.00 -99.00 0.00 521.00 523.00 523.00 527.00 23.04 1017.46 59.97 0 6 3 17 
19:19:23 27.57 0.00000000 0.00000000 -99.00 -99.00 0.00 521.00 523.00 523.00 527.00 23.04 1017.52 59.97 0 6 3 17 
19:19:23 27.77 0.00000000 0.00000000 -99.00 -99.00 0.00 521.00 523.00 523.00 527.00 23.03 1017.51 59.97 0 6 3 17 
19:19:23 27.97 0.00000000 0.00000000 -99.00 -99.00 0.00 521.00 523.00 522.00 525.00 23.04 1017.48 59.97 0 6 3 17 
19:19:23 28.17 0.00000000 0.00000000 -99.00 -99.00 0.00 521.00 523.00 522.00 527.00 23.04 1017.48 59.97 0 6 3 17 
19:19:24 28.37 0.00000000 0.00000000 -99.00 -99.00 0.00 521.00 523.00 523.00 526.00 23.04 1017.55 59.98 0 6 3 17 
19:19:24 28.57 0.00000000 0.00000000 -99.00 -99.00 0.00 521.00 523.00 522.00 526.00 23.04 1017.51 59.96 0 6 3 17 
19:19:24 28.78 0.00000000 0.00000000 -99.00 -99.00 0.00 521.00 523.00 523.00 526.00 23.04 1017.51 59.95 0 6 3 17 
19:19:24 28.98 0.00000000 0.00000000 -99.00 -99.00 0.00 521.00 523.00 522.00 526.00 23.04 1017.49 59.97 0 6 3 17 
19:19:24 29.18 0.00000000 0.00000000 -99.00 -99.00 0.00 522.00 523.00 524.00 528.00 23.04 1017.49 59.97 0 6 3 17 
