0:0:13 0.47 0.00000000 0.00000000 0.00 0.00 0.00 520.00 522.00 522.00 526.00 0 0 0 
0:0:13 0.67 0.00000000 0.00000000 0.00 0.00 0.00 521.00 522.00 521.00 526.00 6 1 80 
0:0:13 0.87 0.00000000 0.00000000 0.00 0.00 0.00 520.00 522.00 521.00 526.00 6 1 80 
0:0:13 1.07 0.00000000 0.00000000 0.00 0.00 0.00 520.00 522.00 521.00 527.00 6 1 80 
0:0:13 1.27 0.00000000 0.00000000 0.00 0.00 0.00 520.00 522.00 522.00 526.00 6 1 80 
0:0:14 1.48 0.00000000 0.00000000 0.00 0.00 0.00 520.00 522.00 521.00 526.00 6 1 80 
0:0:14 1.68 0.00000000 0.00000000 0.00 0.00 0.00 520.00 522.00 521.00 526.00 6 1 80 
0:0:14 1.88 0.00000000 0.00000000 0.00 0.00 0.00 520.00 522.00 521.00 526.00 6 1 80 
0:0:14 2.08 0.00000000 0.00000000 0.00 0.00 0.00 520.00 522.00 521.00 526.00 6 1 80 
0:0:14 2.28 0.00000000 0.00000000 0.00 0.00 0.00 520.00 522.00 521.00 526.00 6 1 80 
0:0:15 2.48 0.00000000 0.00000000 0.00 0.00 0.00 520.00 522.00 521.00 526.00 6 1 80 
0:0:15 2.68 0.00000000 0.00000000 0.00 0.00 0.00 520.00 522.00 522.00 526.00 6 1 80 
0:0:15 2.88 0.00000000 0.00000000 0.00 0.00 0.00 520.00 522.00 521.00 526.00 6 1 80 
0:0:15 3.08 0.00000000 0.00000000 0.00 0.00 0.00 520.00 522.00 521.00 526.00 6 1 80 
0:0:15 3.29 0.00000000 0.00000000 0.00 0.00 0.00 520.00 522.00 522.00 526.00 6 1 80 
0:0:16 3.49 0.00000000 0.00000000 0.00 0.00 0.00 520.00 522.00 522.00 526.00 6 1 80 
0:0:16 3.69 0.00000000 0.00000000 0.00 0.00 0.00 521.00 522.00 522.00 526.00 6 1 80 
0:0:16 3.89 0.00000000 0.00000000 0.00 0.00 0.00 521.00 522.00 521.00 526.00 6 1 80 
0:0:16 4.09 0.00000000 0.00000000 0.00 0.00 0.00 520.00 522.00 521.00 526.00 6 1 80 
0:0:16 4.29 0.00000000 0.00000000 0.00 0.00 0.00 521.00 522.00 521.00 526.00 6 1 80 
0:0:17 4.49 0.00000000 0.00000000 0.00 0.00 0.00 520.00 522.00 521.00 526.00 6 1 80 
0:0:17 4.69 0.00000000 0.00000000 0.00 0.00 0.00 520.00 522.00 522.00 526.00 6 1 80 
0:0:17 4.89 0.00000000 0.00000000 0.00 0.00 0.00 520.00 522.00 522.00 526.00 6 1 80 
0:0:17 5.09 0.00000000 0.00000000 0.00 0.00 0.00 520.00 522.00 522.00 526.00 6 1 80 
0:0:17 5.30 0.00000000 0.00000000 0.00 0.00 0.00 520.00 522.00 521.00 526.00 6 1 80 
0:0:18 5.50 0.00000000 0.00000000 0.00 0.00 0.00 520.00 522.00 521.00 526.00 6 1 80 
0:0:18 5.70 0.00000000 0.00000000 0.00 0.00 0.00 520.00 522.00 522.00 526.00 6 1 80 
0:0:18 5.90 0.00000000 0.00000000 0.00 0.00 0.00 520.00 522.00 521.00 526.00 6 1 80 
0:0:18 6.10 0.00000000 0.00000000 0.00 0.00 0.00 520.00 522.00 522.00 526.00 6 1 80 
0:0:18 6.30 0.00000000 0.00000000 0.00 0.00 0.00 520.00 522.00 522.00 526.00 6 1 80 
0:0:19 6.50 0.00000000 0.00000000 0.00 0.00 0.00 520.00 522.00 522.00 526.00 6 1 80 
0:0:19 6.70 0.00000000 0.00000000 0.00 0.00 0.00 521.00 522.00 522.00 526.00 6 1 80 
0:0:19 6.90 0.00000000 0.00000000 0.00 0.00 0.00 520.00 522.00 521.00 526.00 6 1 80 
0:0:19 7.10 0.00000000 0.00000000 0.00 0.00 0.00 520.00 522.00 522.00 526.00 6 1 80 
0:0:19 7.30 0.00000000 0.00000000 0.00 0.00 0.00 520.00 522.00 521.00 526.00 6 1 80 
0:0:20 7.50 0.00000000 0.00000000 0.00 0.00 0.00 520.00 522.00 521.00 526.00 6 1 80 
0:0:20 7.71 0.00000000 0.00000000 0.00 0.00 0.00 520.00 522.00 521.00 526.00 6 1 80 
0:0:20 7.91 0.00000000 0.00000000 0.00 0.00 0.00 520.00 522.00 521.00 526.00 6 1 80 
0:0:20 8.11 0.00000000 0.00000000 0.00 0.00 0.00 520.00 522.00 521.00 526.00 6 1 80 
0:0:20 8.31 0.00000000 0.00000000 0.00 0.00 0.00 520.00 522.00 522.00 526.00 6 1 80 
0:0:21 8.51 0.00000000 0.00000000 0.00 0.00 0.00 521.00 522.00 521.00 526.00 6 1 80 
0:0:21 8.71 0.00000000 0.00000000 0.00 0.00 0.00 521.00 522.00 521.00 526.00 6 1 80 
0:0:21 8.91 0.00000000 0.00000000 0.00 0.00 0.00 520.00 522.00 522.00 526.00 6 1 80 
0:0:21 9.11 0.00000000 0.00000000 0.00 0.00 0.00 520.00 522.00 522.00 526.00 6 1 80 
0:0:21 9.31 0.00000000 0.00000000 0.00 0.00 0.00 520.00 522.00 522.00 526.00 6 1 80 
0:0:22 9.51 0.00000000 0.00000000 0.00 0.00 0.00 520.00 522.00 522.00 526.00 6 1 80 
0:0:22 9.71 0.00000000 0.00000000 0.00 0.00 0.00 520.00 522.00 521.00 526.00 6 1 80 
0:0:22 9.91 0.00000000 0.00000000 0.00 0.00 0.00 520.00 522.00 522.00 526.00 6 1 80 
0:0:22 10.11 0.00000000 0.00000000 0.00 0.00 0.00 520.00 522.00 521.00 526.00 6 1 80 
0:0:22 10.31 0.00000000 0.00000000 0.00 0.00 0.00 520.00 522.00 522.00 526.00 6 1 80 
0:0:23 10.52 0.00000000 0.00000000 0.00 0.00 0.00 520.00 522.00 522.00 526.00 6 1 80 
0:0:23 10.72 0.00000000 0.00000000 0.00 0.00 0.00 520.00 522.00 521.00 526.00 6 1 80 
0:0:23 10.92 0.00000000 0.00000000 0.00 0.00 0.00 521.00 522.00 521.00 526.00 6 1 80 
0:0:23 11.12 0.00000000 0.00000000 0.00 0.00 0.00 520.00 522.00 521.00 526.00 6 1 80 
0:0:23 11.32 0.00000000 0.00000000 0.00 0.00 0.00 520.00 522.00 521.00 526.00 6 1 80 
0:0:24 11.52 0.00000000 0.00000000 0.00 0.00 0.00 521.00 522.00 521.00 526.00 6 1 80 
0:0:24 11.72 0.00000000 0.00000000 0.00 0.00 0.00 520.00 522.00 522.00 526.00 6 1 80 
0:0:24 11.92 0.00000000 0.00000000 0.00 0.00 0.00 520.00 522.00 521.00 526.00 6 1 80 
0:0:24 12.12 0.00000000 0.00000000 0.00 0.00 0.00 520.00 522.00 521.00 526.00 6 1 80 
0:0:24 12.32 0.00000000 0.00000000 0.00 0.00 0.00 520.00 522.00 521.00 527.00 6 1 80 
0:0:25 12.52 0.00000000 0.00000000 0.00 0.00 0.00 521.00 522.00 521.00 526.00 6 1 80 
0:0:25 12.72 0.00000000 0.00000000 0.00 0.00 0.00 520.00 522.00 522.00 526.00 6 1 80 
0:0:25 12.92 0.00000000 0.00000000 0.00 0.00 0.00 520.00 522.00 522.00 526.00 6 1 80 
0:0:25 13.12 0.00000000 0.00000000 0.00 0.00 0.00 521.00 522.00 522.00 526.00 6 1 80 
0:0:25 13.32 0.00000000 0.00000000 0.00 0.00 0.00 520.00 522.00 522.00 526.00 6 1 80 
0:0:26 13.53 0.00000000 0.00000000 0.00 0.00 0.00 520.00 522.00 522.00 526.00 6 1 80 
0:0:26 13.73 0.00000000 0.00000000 0.00 0.00 0.00 520.00 522.00 522.00 526.00 6 1 80 
0:0:26 13.93 0.00000000 0.00000000 0.00 0.00 0.00 521.00 522.00 522.00 526.00 6 1 80 
0:0:26 14.13 0.00000000 0.00000000 0.00 0.00 0.00 521.00 522.00 521.00 526.00 6 1 80 
0:0:26 14.33 0.00000000 0.00000000 0.00 0.00 0.00 521.00 522.00 522.00 526.00 6 1 80 
0:0:27 14.53 0.00000000 0.00000000 0.00 0.00 0.00 521.00 522.00 521.00 526.00 6 1 80 
0:0:27 14.73 0.00000000 0.00000000 0.00 0.00 0.00 521.00 522.00 522.00 526.00 6 1 80 
0:0:27 14.93 0.00000000 0.00000000 0.00 0.00 0.00 520.00 521.00 522.00 526.00 6 1 80 
0:0:27 15.13 0.00000000 0.00000000 0.00 0.00 0.00 520.00 522.00 521.00 526.00 6 1 80 
0:0:27 15.33 0.00000000 0.00000000 0.00 0.00 0.00 520.00 522.00 521.00 526.00 6 1 80 
0:0:28 15.53 0.00000000 0.00000000 0.00 0.00 0.00 520.00 523.00 522.00 526.00 6 1 80 
0:0:28 15.73 0.00000000 0.00000000 0.00 0.00 0.00 520.00 522.00 521.00 526.00 6 1 80 
0:0:28 15.94 0.00000000 0.00000000 0.00 0.00 0.00 520.00 522.00 521.00 526.00 6 1 80 
0:0:28 16.14 0.00000000 0.00000000 0.00 0.00 0.00 521.00 522.00 521.00 526.00 6 1 80 
0:0:28 16.34 0.00000000 0.00000000 0.00 0.00 0.00 520.00 522.00 521.00 526.00 6 1 80 
0:0:29 16.54 0.00000000 0.00000000 0.00 0.00 0.00 521.00 522.00 521.00 526.00 6 1 80 
0:0:29 16.74 0.00000000 0.00000000 0.00 0.00 0.00 520.00 522.00 522.00 526.00 6 1 80 
0:0:29 16.94 0.00000000 0.00000000 0.00 0.00 0.00 520.00 522.00 521.00 526.00 6 1 80 
0:0:29 17.14 0.00000000 0.00000000 0.00 0.00 0.00 520.00 522.00 522.00 526.00 6 1 80 
0:0:29 17.34 0.00000000 0.00000000 0.00 0.00 0.00 520.00 522.00 521.00 526.00 6 1 80 
0:0:30 17.54 0.00000000 0.00000000 0.00 0.00 0.00 520.00 522.00 522.00 526.00 6 1 80 
0:0:30 17.74 0.00000000 0.00000000 0.00 0.00 0.00 521.00 522.00 522.00 526.00 6 1 80 
0:0:30 17.94 0.00000000 0.00000000 0.00 0.00 0.00 520.00 522.00 521.00 526.00 6 1 80 
0:0:30 18.15 0.00000000 0.00000000 0.00 0.00 0.00 520.00 522.00 521.00 526.00 6 1 80 
0:0:30 18.35 0.00000000 0.00000000 0.00 0.00 0.00 520.00 522.00 521.00 526.00 6 1 80 
0:0:31 18.55 0.00000000 0.00000000 0.00 0.00 0.00 521.00 522.00 522.00 526.00 6 1 80 
0:0:31 18.75 0.00000000 0.00000000 0.00 0.00 0.00 520.00 522.00 522.00 526.00 6 1 80 
0:0:31 18.95 0.00000000 0.00000000 0.00 0.00 0.00 520.00 522.00 521.00 526.00 6 1 80 
0:0:31 19.15 0.00000000 0.00000000 0.00 0.00 0.00 520.00 522.00 521.00 526.00 6 1 80 
0:0:31 19.35 0.00000000 0.00000000 0.00 0.00 0.00 520.00 522.00 522.00 526.00 6 1 80 
0:0:32 19.55 0.00000000 0.00000000 0.00 0.00 0.00 520.00 522.00 522.00 526.00 6 1 80 
0:0:32 19.75 0.00000000 0.00000000 0.00 0.00 0.00 521.00 522.00 521.00 526.00 6 1 80 
0:0:32 19.96 0.00000000 0.00000000 0.00 0.00 0.00 521.00 522.00 521.00 526.00 6 1 80 
0:0:32 20.16 0.00000000 0.00000000 0.00 0.00 0.00 520.00 522.00 522.00 526.00 6 1 80 
0:0:32 20.36 0.00000000 0.00000000 0.00 0.00 0.00 520.00 522.00 521.00 526.00 6 1 80 
0:0:33 20.56 0.00000000 0.00000000 0.00 0.00 0.00 521.00 522.00 522.00 526.00 6 1 80 
0:0:33 20.76 0.00000000 0.00000000 0.00 0.00 0.00 521.00 522.00 521.00 525.00 6 1 80 
0:0:33 20.96 0.00000000 0.00000000 0.00 0.00 0.00 520.00 522.00 521.00 526.00 6 1 80 
0:0:33 21.16 0.00000000 0.00000000 0.00 0.00 0.00 520.00 522.00 521.00 526.00 6 1 80 
0:0:33 21.36 0.00000000 0.00000000 0.00 0.00 0.00 521.00 522.00 522.00 526.00 6 1 80 
0:0:34 21.56 0.00000000 0.00000000 0.00 0.00 0.00 520.00 522.00 521.00 526.00 6 1 80 
0:0:34 21.77 0.00000000 0.00000000 0.00 0.00 0.00 521.00 522.00 521.00 526.00 6 1 80 
0:0:34 21.97 0.00000000 0.00000000 0.00 0.00 0.00 520.00 522.00 520.00 526.00 6 1 80 
0:0:34 22.17 0.00000000 0.00000000 0.00 0.00 0.00 520.00 522.00 521.00 526.00 6 1 80 
0:0:34 22.37 0.00000000 0.00000000 0.00 0.00 0.00 521.00 522.00 522.00 526.00 6 1 80 
0:0:35 22.57 0.00000000 0.00000000 0.00 0.00 0.00 520.00 522.00 521.00 526.00 6 1 80 
0:0:35 22.77 0.00000000 0.00000000 0.00 0.00 0.00 520.00 522.00 522.00 526.00 6 1 80 
0:0:35 22.97 0.00000000 0.00000000 0.00 0.00 0.00 521.00 522.00 521.00 526.00 6 1 80 
0:0:35 23.17 0.00000000 0.00000000 0.00 0.00 0.00 520.00 522.00 521.00 527.00 6 1 80 
0:0:35 23.37 0.00000000 0.00000000 0.00 0.00 0.00 520.00 522.00 522.00 526.00 6 1 80 
0:0:36 23.58 0.00000000 0.00000000 0.00 0.00 0.00 520.00 522.00 521.00 526.00 6 1 80 
0:0:36 23.78 0.00000000 0.00000000 0.00 0.00 0.00 520.00 522.00 522.00 526.00 6 1 80 
0:0:36 23.98 0.00000000 0.00000000 0.00 0.00 0.00 521.00 522.00 521.00 526.00 6 1 80 
0:0:36 24.18 0.00000000 0.00000000 0.00 0.00 0.00 520.00 522.00 522.00 526.00 6 1 80 
0:0:36 24.38 0.00000000 0.00000000 0.00 0.00 0.00 521.00 521.00 522.00 526.00 6 1 80 
0:0:37 24.58 0.00000000 0.00000000 0.00 0.00 0.00 520.00 522.00 521.00 526.00 6 1 80 
0:0:37 24.78 0.00000000 0.00000000 0.00 0.00 0.00 521.00 522.00 521.00 526.00 6 1 80 
0:0:37 24.98 0.00000000 0.00000000 0.00 0.00 0.00 520.00 522.00 521.00 527.00 6 1 80 
0:0:37 25.18 0.00000000 0.00000000 0.00 0.00 0.00 520.00 522.00 522.00 526.00 6 1 80 
0:0:37 25.39 0.00000000 0.00000000 0.00 0.00 0.00 520.00 522.00 522.00 526.00 6 1 80 
0:0:38 25.59 0.00000000 0.00000000 0.00 0.00 0.00 520.00 521.00 521.00 526.00 6 1 80 
0:0:38 25.79 0.00000000 0.00000000 0.00 0.00 0.00 520.00 522.00 522.00 526.00 6 1 80 
0:0:38 25.99 0.00000000 0.00000000 0.00 0.00 0.00 521.00 522.00 522.00 526.00 6 1 80 
0:0:38 26.19 0.00000000 0.00000000 0.00 0.00 0.00 520.00 522.00 522.00 526.00 6 1 80 
0:0:38 26.39 0.00000000 0.00000000 0.00 0.00 0.00 520.00 522.00 522.00 526.00 6 1 80 
0:0:39 26.59 0.00000000 0.00000000 0.00 0.00 0.00 520.00 522.00 522.00 526.00 6 1 80 
0:0:39 26.79 0.00000000 0.00000000 0.00 0.00 0.00 520.00 522.00 522.00 526.00 6 1 80 
0:0:39 27.00 0.00000000 0.00000000 0.00 0.00 0.00 520.00 522.00 521.00 526.00 6 1 80 
0:0:39 27.20 0.00000000 0.00000000 0.00 0.00 0.00 520.00 522.00 522.00 526.00 6 1 80 
0:0:39 27.40 0.00000000 0.00000000 0.00 0.00 0.00 520.00 521.00 521.00 526.00 6 1 80 
0:0:40 27.60 0.00000000 0.00000000 0.00 0.00 0.00 521.00 522.00 522.00 526.00 6 1 80 
0:0:40 27.80 0.00000000 0.00000000 0.00 0.00 0.00 520.00 522.00 522.00 526.00 6 1 80 
0:0:40 28.00 0.00000000 0.00000000 0.00 0.00 0.00 520.00 522.00 522.00 526.00 6 1 80 
0:0:40 28.20 0.00000000 0.00000000 0.00 0.00 0.00 521.00 522.00 521.00 526.00 6 1 80 
0:0:40 28.40 0.00000000 0.00000000 0.00 0.00 0.00 520.00 522.00 521.00 526.00 6 1 80 
0:0:41 28.60 0.00000000 0.00000000 0.00 0.00 0.00 520.00 522.00 521.00 526.00 6 1 80 
0:0:41 28.81 0.00000000 0.00000000 0.00 0.00 0.00 520.00 522.00 521.00 527.00 6 1 80 
0:0:41 29.01 0.00000000 0.00000000 0.00 0.00 0.00 520.00 522.00 521.00 526.00 6 1 80 
0:0:41 29.21 0.00000000 0.00000000 0.00 0.00 0.00 520.00 522.00 521.00 526.00 6 1 80 
0:0:41 29.41 0.00000000 0.00000000 0.00 0.00 0.00 521.00 522.00 521.00 526.00 6 1 80 
0:0:42 29.61 0.00000000 0.00000000 0.00 0.00 0.00 521.00 522.00 522.00 526.00 6 1 80 
0:0:42 29.81 0.00000000 0.00000000 0.00 0.00 0.00 520.00 522.00 521.00 526.00 6 1 80 
0:0:42 30.01 0.00000000 0.00000000 0.00 0.00 0.00 521.00 522.00 521.00 526.00 6 1 80 
0:0:42 30.21 0.00000000 0.00000000 0.00 0.00 0.00 521.00 522.00 522.00 526.00 6 1 80 
0:0:42 30.42 0.00000000 0.00000000 0.00 0.00 0.00 521.00 522.00 521.00 526.00 6 1 80 
0:0:43 30.62 0.00000000 0.00000000 0.00 0.00 0.00 520.00 522.00 521.00 526.00 6 1 80 
0:0:43 30.82 0.00000000 0.00000000 0.00 0.00 0.00 521.00 522.00 521.00 526.00 6 1 80 
0:0:43 31.02 0.00000000 0.00000000 0.00 0.00 0.00 520.00 522.00 522.00 526.00 6 1 80 
0:0:43 31.22 0.00000000 0.00000000 0.00 0.00 0.00 520.00 522.00 522.00 526.00 6 1 80 
0:0:43 31.42 0.00000000 0.00000000 0.00 0.00 0.00 521.00 522.00 522.00 526.00 6 1 80 
0:0:43 31.62 0.00000000 0.00000000 0.00 0.00 0.00 520.00 522.00 521.00 526.00 6 1 80 
