0:0:0 0.34 0.00000000 0.00000000 0.00 0.00 0.00 486.00 522.00 468.00 486.00 0 0 0 
0:0:0 0.54 0.00000000 0.00000000 0.00 0.00 0.00 487.00 522.00 468.00 486.00 0 0 0 
0:0:0 0.74 0.00000000 0.00000000 0.00 0.00 0.00 487.00 522.00 468.00 486.00 0 0 0 
0:0:12 0.94 0.00000000 0.00000000 0.00 0.00 0.00 486.00 522.00 467.00 485.00 0 0 0 
0:0:12 1.14 0.00000000 0.00000000 0.00 0.00 0.00 486.00 522.00 467.00 486.00 6 1 80 
0:0:12 1.34 0.00000000 0.00000000 0.00 0.00 0.00 487.00 522.00 467.00 486.00 6 1 80 
0:0:12 1.54 0.00000000 0.00000000 0.00 0.00 0.00 486.00 522.00 467.00 486.00 6 1 80 
0:0:12 1.74 0.00000000 0.00000000 0.00 0.00 0.00 486.00 522.00 467.00 486.00 6 1 80 
0:0:13 1.95 0.00000000 0.00000000 0.00 0.00 0.00 486.00 522.00 467.00 485.00 6 1 80 
0:0:13 2.15 0.00000000 0.00000000 0.00 0.00 0.00 486.00 522.00 466.00 486.00 6 1 80 
0:0:13 2.35 0.00000000 0.00000000 0.00 0.00 0.00 486.00 522.00 466.00 486.00 6 1 80 
0:0:13 2.55 0.00000000 0.00000000 0.00 0.00 0.00 486.00 522.00 466.00 485.00 6 1 80 
0:0:13 2.75 0.00000000 0.00000000 0.00 0.00 0.00 486.00 522.00 466.00 485.00 6 1 80 
