0:0:0 0.34 0.00000000 0.00000000 0.00 0.00 0.00 522.00 512.00 401.00 409.00 0 0 0 
0:0:0 0.54 0.00000000 0.00000000 0.00 0.00 0.00 522.00 512.00 429.00 417.00 0 0 0 
0:2:16 0.74 0.00000000 0.00000000 0.00 0.00 0.00 522.00 512.00 444.00 426.00 6 1 80 
0:2:16 0.94 0.00000000 0.00000000 0.00 0.00 0.00 522.00 512.00 453.00 434.00 6 1 80 
0:2:16 1.14 0.00000000 0.00000000 0.00 0.00 0.00 522.00 512.00 458.00 440.00 6 1 80 
0:2:16 1.34 0.00000000 0.00000000 0.00 0.00 0.00 522.00 512.00 461.00 445.00 6 1 80 
0:2:16 1.54 0.00000000 0.00000000 0.00 0.00 0.00 522.00 512.00 462.00 448.00 6 1 80 
0:2:17 1.74 0.00000000 0.00000000 0.00 0.00 0.00 521.00 512.00 462.00 450.00 6 1 80 
0:2:17 1.95 0.00000000 0.00000000 0.00 0.00 0.00 522.00 512.00 461.00 450.00 6 1 80 
0:2:17 2.15 0.00000000 0.00000000 0.00 0.00 0.00 522.00 512.00 460.00 450.00 6 1 80 
0:2:17 2.35 0.00000000 0.00000000 0.00 0.00 0.00 522.00 512.00 459.00 450.00 6 1 80 
