23:59:45 0.77 0.00000000 0.00000000 0.00 0.00 0.00 522.00 523.00 522.00 300.00 5 1 80 
23:59:45 0.97 0.00000000 0.00000000 0.00 0.00 0.00 521.00 523.00 523.00 418.00 5 1 80 
23:59:45 1.17 0.00000000 0.00000000 0.00 0.00 0.00 521.00 524.00 522.00 471.00 5 1 80 
23:59:45 1.37 0.00000000 0.00000000 0.00 0.00 0.00 521.00 522.00 522.00 494.00 5 1 80 
23:59:45 1.57 0.00000000 0.00000000 0.00 0.00 0.00 521.00 522.00 522.00 504.00 5 1 80 
23:59:46 1.77 0.00000000 0.00000000 0.00 0.00 0.00 521.00 523.00 522.00 508.00 5 1 80 
23:59:46 1.98 0.00000000 0.00000000 0.00 0.00 0.00 522.00 522.00 522.00 510.00 5 1 80 
23:59:46 2.18 0.00000000 0.00000000 0.00 0.00 0.00 521.00 522.00 522.00 511.00 5 1 80 
23:59:46 2.38 0.00000000 0.00000000 0.00 0.00 0.00 521.00 522.00 522.00 511.00 5 1 80 
23:59:46 2.58 0.00000000 0.00000000 0.00 0.00 0.00 521.00 522.00 522.00 512.00 5 1 80 
23:59:47 2.78 0.00000000 0.00000000 0.00 0.00 0.00 521.00 522.00 522.00 513.00 5 1 80 
23:59:47 2.98 0.00000000 0.00000000 0.00 0.00 0.00 521.00 522.00 522.00 512.00 5 1 80 
23:59:47 3.18 0.00000000 0.00000000 0.00 0.00 0.00 521.00 522.00 522.00 515.00 5 1 80 
23:59:47 3.38 0.00000000 0.00000000 0.00 0.00 0.00 521.00 522.00 522.00 510.00 5 1 80 
23:59:47 3.58 0.00000000 0.00000000 0.00 0.00 0.00 521.00 522.00 522.00 509.00 5 1 80 
23:59:48 3.79 0.00000000 0.00000000 0.00 0.00 0.00 521.00 522.00 522.00 510.00 5 1 80 
23:59:48 3.99 0.00000000 0.00000000 0.00 0.00 0.00 521.00 522.00 522.00 509.00 5 1 80 
23:59:48 4.19 0.00000000 0.00000000 0.00 0.00 0.00 521.00 521.00 522.00 512.00 5 1 80 
23:59:48 4.39 0.00000000 0.00000000 0.00 0.00 0.00 521.00 522.00 522.00 511.00 5 1 80 
23:59:48 4.59 0.00000000 0.00000000 0.00 0.00 0.00 521.00 522.00 522.00 510.00 5 1 80 
23:59:49 4.79 0.00000000 0.00000000 0.00 0.00 0.00 521.00 522.00 522.00 510.00 5 1 80 
23:59:49 4.99 0.00000000 0.00000000 0.00 0.00 0.00 521.00 522.00 522.00 510.00 5 1 80 
23:59:49 5.19 0.00000000 0.00000000 0.00 0.00 0.00 521.00 522.00 522.00 510.00 5 1 80 
23:59:49 5.39 0.00000000 0.00000000 0.00 0.00 0.00 520.00 522.00 522.00 510.00 5 1 80 
23:59:49 5.59 0.00000000 0.00000000 0.00 0.00 0.00 521.00 522.00 522.00 510.00 5 1 80 
23:59:50 5.79 0.00000000 0.00000000 0.00 0.00 0.00 521.00 521.00 521.00 510.00 5 1 80 
23:59:50 5.99 0.00000000 0.00000000 0.00 0.00 0.00 520.00 522.00 522.00 510.00 5 1 80 
23:59:50 6.19 0.00000000 0.00000000 0.00 0.00 0.00 521.00 522.00 522.00 510.00 5 1 80 
23:59:50 6.39 0.00000000 0.00000000 0.00 0.00 0.00 521.00 521.00 522.00 509.00 5 1 80 
23:59:50 6.59 0.00000000 0.00000000 0.00 0.00 0.00 520.00 522.00 522.00 510.00 5 1 80 
23:59:51 6.79 0.00000000 0.00000000 0.00 0.00 0.00 520.00 522.00 522.00 509.00 5 1 80 
23:59:51 6.99 0.00000000 0.00000000 0.00 0.00 0.00 521.00 522.00 522.00 509.00 5 1 80 
23:59:51 7.20 0.00000000 0.00000000 0.00 0.00 0.00 520.00 522.00 522.00 510.00 5 1 80 
23:59:51 7.40 0.00000000 0.00000000 0.00 0.00 0.00 520.00 522.00 522.00 510.00 5 1 80 
23:59:51 7.60 0.00000000 0.00000000 0.00 0.00 0.00 521.00 522.00 522.00 510.00 5 1 80 
23:59:52 7.80 0.00000000 0.00000000 0.00 0.00 0.00 520.00 522.00 522.00 509.00 5 1 80 
23:59:52 8.00 0.00000000 0.00000000 0.00 0.00 0.00 521.00 522.00 522.00 503.00 5 1 80 
23:59:52 8.20 0.00000000 0.00000000 0.00 0.00 0.00 520.00 522.00 522.00 513.00 5 1 80 
23:59:52 8.40 0.00000000 0.00000000 0.00 0.00 0.00 520.00 522.00 521.00 518.00 5 1 80 
23:59:52 8.60 0.00000000 0.00000000 0.00 0.00 0.00 520.00 522.00 521.00 520.00 5 1 80 
23:59:53 8.80 0.00000000 0.00000000 0.00 0.00 0.00 521.00 522.00 522.00 514.00 5 1 80 
23:59:53 9.00 0.00000000 0.00000000 0.00 0.00 0.00 520.00 522.00 521.00 514.00 5 1 80 
23:59:53 9.20 0.00000000 0.00000000 0.00 0.00 0.00 521.00 522.00 522.00 512.00 5 1 80 
23:59:53 9.40 0.00000000 0.00000000 0.00 0.00 0.00 521.00 521.00 522.00 504.00 5 1 80 
23:59:53 9.60 0.00000000 0.00000000 0.00 0.00 0.00 521.00 522.00 522.00 497.00 5 1 80 
23:59:54 9.80 0.00000000 0.00000000 0.00 0.00 0.00 521.00 522.00 522.00 498.00 5 1 80 
23:59:54 10.00 0.00000000 0.00000000 0.00 0.00 0.00 520.00 522.00 522.00 501.00 5 1 80 
23:59:54 10.20 0.00000000 0.00000000 0.00 0.00 0.00 520.00 522.00 522.00 511.00 5 1 80 
23:59:54 10.40 0.00000000 0.00000000 0.00 0.00 0.00 520.00 522.00 522.00 510.00 5 1 80 
23:59:54 10.61 0.00000000 0.00000000 0.00 0.00 0.00 520.00 522.00 522.00 508.00 5 1 80 
23:59:55 10.81 0.00000000 0.00000000 0.00 0.00 0.00 521.00 522.00 522.00 511.00 5 1 80 
23:59:55 11.01 0.00000000 0.00000000 0.00 0.00 0.00 520.00 522.00 522.00 510.00 5 1 80 
23:59:55 11.21 0.00000000 0.00000000 0.00 0.00 0.00 521.00 522.00 522.00 510.00 5 1 80 
23:59:55 11.41 0.00000000 0.00000000 0.00 0.00 0.00 521.00 522.00 522.00 510.00 5 1 80 
23:59:55 11.61 0.00000000 0.00000000 0.00 0.00 0.00 521.00 522.00 522.00 510.00 5 1 80 
23:59:56 11.81 0.00000000 0.00000000 0.00 0.00 0.00 520.00 522.00 522.00 510.00 5 1 80 
23:59:56 12.01 0.00000000 0.00000000 0.00 0.00 0.00 521.00 522.00 522.00 510.00 5 1 80 
23:59:56 12.21 0.00000000 0.00000000 0.00 0.00 0.00 521.00 522.00 522.00 510.00 5 1 80 
23:59:56 12.41 0.00000000 0.00000000 0.00 0.00 0.00 520.00 522.00 521.00 510.00 5 1 80 
23:59:56 12.61 0.00000000 0.00000000 0.00 0.00 0.00 521.00 522.00 522.00 510.00 5 1 80 
23:59:57 12.81 0.00000000 0.00000000 0.00 0.00 0.00 520.00 522.00 521.00 510.00 5 1 80 
23:59:57 13.01 0.00000000 0.00000000 0.00 0.00 0.00 520.00 521.00 522.00 509.00 5 1 80 
23:59:57 13.22 0.00000000 0.00000000 0.00 0.00 0.00 520.00 522.00 522.00 509.00 5 1 80 
23:59:57 13.42 0.00000000 0.00000000 0.00 0.00 0.00 520.00 522.00 522.00 510.00 5 1 80 
23:59:57 13.62 0.00000000 0.00000000 0.00 0.00 0.00 521.00 522.00 521.00 508.00 5 1 80 
23:59:58 13.82 0.00000000 0.00000000 0.00 0.00 0.00 520.00 522.00 522.00 511.00 5 1 80 
23:59:58 14.02 0.00000000 0.00000000 0.00 0.00 0.00 521.00 522.00 521.00 510.00 5 1 80 
23:59:58 14.22 0.00000000 0.00000000 0.00 0.00 0.00 520.00 522.00 521.00 509.00 5 1 80 
23:59:58 14.42 0.00000000 0.00000000 0.00 0.00 0.00 521.00 522.00 522.00 510.00 5 1 80 
23:59:58 14.62 0.00000000 0.00000000 0.00 0.00 0.00 520.00 522.00 522.00 510.00 5 1 80 
23:59:59 14.82 0.00000000 0.00000000 0.00 0.00 0.00 520.00 522.00 522.00 511.00 5 1 80 
23:59:59 15.02 0.00000000 0.00000000 0.00 0.00 0.00 520.00 522.00 522.00 512.00 5 1 80 
23:59:59 15.22 0.00000000 0.00000000 0.00 0.00 0.00 520.00 522.00 521.00 512.00 5 1 80 
23:59:59 15.42 0.00000000 0.00000000 0.00 0.00 0.00 521.00 522.00 521.00 513.00 5 1 80 
23:59:59 15.62 0.00000000 0.00000000 0.00 0.00 0.00 520.00 522.00 522.00 511.00 5 1 80 
0:0:0 15.82 0.00000000 0.00000000 0.00 0.00 0.00 521.00 522.00 522.00 505.00 6 1 80 
0:0:0 16.02 0.00000000 0.00000000 0.00 0.00 0.00 521.00 522.00 522.00 505.00 6 1 80 
0:0:0 16.23 0.00000000 0.00000000 0.00 0.00 0.00 521.00 522.00 522.00 506.00 6 1 80 
0:0:0 16.43 0.00000000 0.00000000 0.00 0.00 0.00 520.00 522.00 521.00 510.00 6 1 80 
0:0:0 16.63 0.00000000 0.00000000 0.00 0.00 0.00 521.00 522.00 521.00 510.00 6 1 80 
0:0:1 16.83 0.00000000 0.00000000 0.00 0.00 0.00 520.00 522.00 522.00 510.00 6 1 80 
0:0:1 17.03 0.00000000 0.00000000 0.00 0.00 0.00 520.00 522.00 522.00 510.00 6 1 80 
0:0:1 17.23 0.00000000 0.00000000 0.00 0.00 0.00 521.00 522.00 522.00 509.00 6 1 80 
0:0:1 17.43 0.00000000 0.00000000 0.00 0.00 0.00 521.00 522.00 522.00 510.00 6 1 80 
0:0:1 17.63 0.00000000 0.00000000 0.00 0.00 0.00 521.00 522.00 521.00 508.00 6 1 80 
0:0:1 17.83 0.00000000 0.00000000 0.00 0.00 0.00 521.00 522.00 522.00 510.00 6 1 80 
0:0:1 18.04 0.00000000 0.00000000 0.00 0.00 0.00 520.00 522.00 522.00 510.00 6 1 80 
0:0:1 18.24 0.00000000 0.00000000 0.00 0.00 0.00 521.00 522.00 522.00 510.00 6 1 80 
0:0:1 18.44 0.00000000 0.00000000 0.00 0.00 0.00 520.00 522.00 522.00 510.00 6 1 80 
0:0:1 18.64 0.00000000 0.00000000 0.00 0.00 0.00 521.00 522.00 522.00 508.00 6 1 80 
0:0:1 18.84 0.00000000 0.00000000 0.00 0.00 0.00 521.00 522.00 521.00 510.00 6 1 80 
0:0:1 19.04 0.00000000 0.00000000 0.00 0.00 0.00 520.00 522.00 522.00 510.00 6 1 80 
0:0:1 19.24 0.00000000 0.00000000 0.00 0.00 0.00 521.00 522.00 522.00 510.00 6 1 80 
0:0:1 19.44 0.00000000 0.00000000 0.00 0.00 0.00 520.00 522.00 522.00 510.00 6 1 80 
0:0:1 19.64 0.00000000 0.00000000 0.00 0.00 0.00 521.00 522.00 521.00 508.00 6 1 80 
0:0:1 19.85 0.00000000 0.00000000 0.00 0.00 0.00 521.00 522.00 521.00 511.00 6 1 80 
0:0:1 20.05 0.00000000 0.00000000 0.00 0.00 0.00 520.00 522.00 521.00 510.00 6 1 80 
0:0:1 20.25 0.00000000 0.00000000 0.00 0.00 0.00 521.00 522.00 522.00 510.00 6 1 80 
0:0:1 20.45 0.00000000 0.00000000 0.00 0.00 0.00 520.00 522.00 522.00 510.00 6 1 80 
0:0:1 20.65 0.00000000 0.00000000 0.00 0.00 0.00 521.00 522.00 522.00 508.00 6 1 80 
0:0:1 20.85 0.00000000 0.00000000 0.00 0.00 0.00 521.00 522.00 521.00 510.00 6 1 80 
0:0:1 21.05 0.00000000 0.00000000 0.00 0.00 0.00 520.00 522.00 522.00 510.00 6 1 80 
0:0:1 21.25 0.00000000 0.00000000 0.00 0.00 0.00 521.00 522.00 522.00 510.00 6 1 80 
0:0:1 21.45 0.00000000 0.00000000 0.00 0.00 0.00 521.00 522.00 522.00 510.00 6 1 80 
0:0:1 21.66 0.00000000 0.00000000 0.00 0.00 0.00 521.00 523.00 522.00 507.00 6 1 80 
0:0:1 21.86 0.00000000 0.00000000 0.00 0.00 0.00 521.00 522.00 521.00 509.00 6 1 80 
0:0:1 22.06 0.00000000 0.00000000 0.00 0.00 0.00 521.00 522.00 521.00 510.00 6 1 80 
0:0:1 22.26 0.00000000 0.00000000 0.00 0.00 0.00 521.00 522.00 522.00 510.00 6 1 80 
0:0:1 22.46 0.00000000 0.00000000 0.00 0.00 0.00 521.00 522.00 522.00 509.00 6 1 80 
0:0:1 22.66 0.00000000 0.00000000 0.00 0.00 0.00 521.00 523.00 522.00 509.00 6 1 80 
0:0:1 22.86 0.00000000 0.00000000 0.00 0.00 0.00 521.00 522.00 522.00 510.00 6 1 80 
0:0:1 23.06 0.00000000 0.00000000 0.00 0.00 0.00 520.00 522.00 521.00 510.00 6 1 80 
0:0:1 23.27 0.00000000 0.00000000 0.00 0.00 0.00 521.00 522.00 521.00 511.00 6 1 80 
0:0:1 23.47 0.00000000 0.00000000 0.00 0.00 0.00 521.00 522.00 521.00 511.00 6 1 80 
0:0:1 23.67 0.00000000 0.00000000 0.00 0.00 0.00 521.00 522.00 522.00 509.00 6 1 80 
0:0:8 23.87 0.00000000 0.00000000 0.00 0.00 0.00 521.00 522.00 521.00 511.00 6 1 80 
0:0:8 24.07 0.00000000 0.00000000 0.00 0.00 0.00 520.00 522.00 522.00 510.00 6 1 80 
0:0:8 24.27 0.00000000 0.00000000 0.00 0.00 0.00 520.00 522.00 522.00 509.00 6 1 80 
0:0:8 24.47 0.00000000 0.00000000 0.00 0.00 0.00 521.00 522.00 522.00 509.00 6 1 80 
0:0:9 24.68 0.00000000 0.00000000 0.00 0.00 0.00 521.00 522.00 521.00 511.00 6 1 80 
0:0:9 24.88 0.00000000 0.00000000 0.00 0.00 0.00 520.00 522.00 522.00 508.00 6 1 80 
0:0:9 25.08 0.00000000 0.00000000 0.00 0.00 0.00 521.00 522.00 522.00 509.00 6 1 80 
0:0:9 25.28 0.00000000 0.00000000 0.00 0.00 0.00 520.00 521.00 522.00 510.00 6 1 80 
0:0:9 25.48 0.00000000 0.00000000 0.00 0.00 0.00 521.00 522.00 522.00 510.00 6 1 80 
0:0:10 25.68 0.00000000 0.00000000 0.00 0.00 0.00 520.00 522.00 522.00 509.00 6 1 80 
0:0:10 25.88 0.00000000 0.00000000 0.00 0.00 0.00 521.00 522.00 522.00 510.00 6 1 80 
0:0:10 26.08 0.00000000 0.00000000 0.00 0.00 0.00 520.00 522.00 522.00 510.00 6 1 80 
0:0:10 26.28 0.00000000 0.00000000 0.00 0.00 0.00 520.00 522.00 522.00 509.00 6 1 80 
0:0:10 26.49 0.00000000 0.00000000 0.00 0.00 0.00 521.00 522.00 522.00 509.00 6 1 80 
0:0:11 26.69 0.00000000 0.00000000 0.00 0.00 0.00 520.00 522.00 521.00 509.00 6 1 80 
0:0:11 26.89 0.00000000 0.00000000 0.00 0.00 0.00 521.00 522.00 522.00 509.00 6 1 80 
0:0:11 27.09 0.00000000 0.00000000 0.00 0.00 0.00 521.00 522.00 522.00 509.00 6 1 80 
0:0:11 27.29 0.00000000 0.00000000 0.00 0.00 0.00 521.00 522.00 521.00 510.00 6 1 80 
0:0:11 27.49 0.00000000 0.00000000 0.00 0.00 0.00 520.00 522.00 522.00 509.00 6 1 80 
0:0:12 27.69 0.00000000 0.00000000 0.00 0.00 0.00 520.00 522.00 522.00 509.00 6 1 80 
0:0:12 27.89 0.00000000 0.00000000 0.00 0.00 0.00 521.00 522.00 522.00 510.00 6 1 80 
0:0:12 28.10 0.00000000 0.00000000 0.00 0.00 0.00 521.00 522.00 522.00 509.00 6 1 80 
0:0:12 28.30 0.00000000 0.00000000 0.00 0.00 0.00 521.00 522.00 522.00 509.00 6 1 80 
0:0:12 28.50 0.00000000 0.00000000 0.00 0.00 0.00 520.00 522.00 521.00 510.00 6 1 80 
0:0:13 28.70 0.00000000 0.00000000 0.00 0.00 0.00 520.00 522.00 521.00 510.00 6 1 80 
0:0:13 28.90 0.00000000 0.00000000 0.00 0.00 0.00 521.00 522.00 522.00 510.00 6 1 80 
0:0:13 29.10 0.00000000 0.00000000 0.00 0.00 0.00 520.00 522.00 522.00 509.00 6 1 80 
0:0:13 29.30 0.00000000 0.00000000 0.00 0.00 0.00 520.00 522.00 522.00 509.00 6 1 80 
0:0:13 29.50 0.00000000 0.00000000 0.00 0.00 0.00 520.00 522.00 522.00 509.00 6 1 80 
0:0:14 29.70 0.00000000 0.00000000 0.00 0.00 0.00 520.00 522.00 522.00 509.00 6 1 80 
0:0:14 29.91 0.00000000 0.00000000 0.00 0.00 0.00 520.00 522.00 522.00 510.00 6 1 80 
0:0:14 30.11 0.00000000 0.00000000 0.00 0.00 0.00 521.00 522.00 522.00 510.00 6 1 80 
0:0:14 30.31 0.00000000 0.00000000 0.00 0.00 0.00 521.00 522.00 522.00 510.00 6 1 80 
0:0:14 30.51 0.00000000 0.00000000 0.00 0.00 0.00 521.00 522.00 522.00 509.00 6 1 80 
0:0:15 30.71 0.00000000 0.00000000 0.00 0.00 0.00 520.00 522.00 522.00 509.00 6 1 80 
0:0:15 30.91 0.00000000 0.00000000 0.00 0.00 0.00 521.00 522.00 521.00 510.00 6 1 80 
0:0:15 31.11 0.00000000 0.00000000 0.00 0.00 0.00 521.00 522.00 522.00 509.00 6 1 80 
0:0:15 31.31 0.00000000 0.00000000 0.00 0.00 0.00 521.00 522.00 522.00 510.00 6 1 80 
0:0:15 31.51 0.00000000 0.00000000 0.00 0.00 0.00 520.00 522.00 522.00 509.00 6 1 80 
0:0:16 31.72 0.00000000 0.00000000 0.00 0.00 0.00 521.00 522.00 522.00 509.00 6 1 80 
0:0:16 31.92 0.00000000 0.00000000 0.00 0.00 0.00 520.00 522.00 522.00 510.00 6 1 80 
0:0:16 32.12 0.00000000 0.00000000 0.00 0.00 0.00 520.00 522.00 522.00 510.00 6 1 80 
0:0:16 32.32 0.00000000 0.00000000 0.00 0.00 0.00 520.00 522.00 522.00 510.00 6 1 80 
0:0:16 32.52 0.00000000 0.00000000 0.00 0.00 0.00 520.00 522.00 522.00 510.00 6 1 80 
0:0:17 32.72 0.00000000 0.00000000 0.00 0.00 0.00 520.00 522.00 522.00 509.00 6 1 80 
0:0:17 32.92 0.00000000 0.00000000 0.00 0.00 0.00 521.00 522.00 522.00 509.00 6 1 80 
0:0:17 33.12 0.00000000 0.00000000 0.00 0.00 0.00 520.00 522.00 522.00 510.00 6 1 80 
0:0:17 33.32 0.00000000 0.00000000 0.00 0.00 0.00 521.00 522.00 521.00 509.00 6 1 80 
0:0:17 33.53 0.00000000 0.00000000 0.00 0.00 0.00 521.00 522.00 522.00 509.00 6 1 80 
0:0:18 33.73 0.00000000 0.00000000 0.00 0.00 0.00 521.00 523.00 522.00 510.00 6 1 80 
0:0:18 33.93 0.00000000 0.00000000 0.00 0.00 0.00 521.00 522.00 522.00 512.00 6 1 80 
0:0:18 34.13 0.00000000 0.00000000 0.00 0.00 0.00 521.00 522.00 522.00 522.00 6 1 80 
0:0:18 34.33 0.00000000 0.00000000 0.00 0.00 0.00 521.00 522.00 521.00 509.00 6 1 80 
0:0:18 34.53 0.00000000 0.00000000 0.00 0.00 0.00 521.00 522.00 522.00 505.00 6 1 80 
0:0:19 34.73 0.00000000 0.00000000 0.00 0.00 0.00 521.00 522.00 522.00 506.00 6 1 80 
0:0:20 34.94 0.00000000 0.00000000 0.00 0.00 0.00 520.00 522.00 522.00 507.00 6 1 80 
0:0:20 35.14 0.00000000 0.00000000 0.00 0.00 0.00 521.00 523.00 522.00 508.00 6 1 80 
0:0:20 35.34 0.00000000 0.00000000 0.00 0.00 0.00 520.00 522.00 521.00 509.00 6 1 80 
0:0:20 35.54 0.00000000 0.00000000 0.00 0.00 0.00 521.00 522.00 522.00 509.00 6 1 80 
0:0:20 35.74 0.00000000 0.00000000 0.00 0.00 0.00 520.00 522.00 522.00 509.00 6 1 80 
0:0:21 35.94 0.00000000 0.00000000 0.00 0.00 0.00 520.00 522.00 522.00 509.00 6 1 80 
0:0:21 36.14 0.00000000 0.00000000 0.00 0.00 0.00 521.00 522.00 522.00 510.00 6 1 80 
0:0:21 36.34 0.00000000 0.00000000 0.00 0.00 0.00 521.00 522.00 522.00 510.00 6 1 80 
0:0:21 36.54 0.00000000 0.00000000 0.00 0.00 0.00 521.00 522.00 522.00 510.00 6 1 80 
0:0:21 36.75 0.00000000 0.00000000 0.00 0.00 0.00 521.00 522.00 521.00 509.00 6 1 80 
14:48:40 36.95 0.00000000 0.00000000 0.00 0.00 0.00 520.00 522.00 522.00 509.00 6 1 80 
14:48:40 37.15 0.00000000 0.00000000 0.00 0.00 0.00 520.00 522.00 521.00 510.00 10 1 80 
14:48:40 37.35 0.00000000 0.00000000 0.00 0.00 0.00 521.00 522.00 522.00 510.00 10 1 80 
14:48:40 37.55 0.00000000 0.00000000 0.00 0.00 0.00 520.00 522.00 522.00 509.00 10 1 80 
14:48:40 37.75 0.00000000 0.00000000 0.00 0.00 0.00 520.00 522.00 522.00 509.00 10 1 80 
14:48:41 37.95 0.00000000 0.00000000 0.00 0.00 0.00 520.00 522.00 522.00 509.00 10 1 80 
14:48:41 38.15 0.00000000 0.00000000 0.00 0.00 0.00 521.00 522.00 522.00 510.00 10 1 80 
14:48:41 38.35 0.00000000 0.00000000 0.00 0.00 0.00 521.00 522.00 522.00 510.00 10 1 80 
14:48:41 38.56 0.00000000 0.00000000 0.00 0.00 0.00 521.00 522.00 522.00 510.00 10 1 80 
14:48:41 38.76 0.00000000 0.00000000 0.00 0.00 0.00 520.00 522.00 521.00 509.00 10 1 80 
14:48:42 38.96 0.00000000 0.00000000 0.00 0.00 0.00 521.00 522.00 522.00 510.00 10 1 80 
14:48:42 39.16 0.00000000 0.00000000 0.00 0.00 0.00 521.00 522.00 522.00 510.00 10 1 80 
14:48:42 39.36 0.00000000 0.00000000 0.00 0.00 0.00 521.00 522.00 521.00 510.00 10 1 80 
14:48:42 39.56 0.00000000 0.00000000 0.00 0.00 0.00 520.00 522.00 522.00 510.00 10 1 80 
14:48:42 39.76 0.00000000 0.00000000 0.00 0.00 0.00 521.00 522.00 522.00 510.00 10 1 80 
14:48:43 39.96 0.00000000 0.00000000 0.00 0.00 0.00 521.00 523.00 522.00 509.00 10 1 80 
14:48:43 40.16 0.00000000 0.00000000 0.00 0.00 0.00 520.00 522.00 521.00 510.00 10 1 80 
14:48:43 40.37 0.00000000 0.00000000 0.00 0.00 0.00 520.00 522.00 522.00 510.00 10 1 80 
14:48:43 40.57 0.00000000 0.00000000 0.00 0.00 0.00 521.00 522.00 522.00 510.00 10 1 80 
14:48:43 40.77 0.00000000 0.00000000 0.00 0.00 0.00 521.00 522.00 522.00 510.00 10 1 80 
14:48:44 40.97 0.00000000 0.00000000 0.00 0.00 0.00 521.00 522.00 522.00 510.00 10 1 80 
14:48:44 41.17 0.00000000 0.00000000 0.00 0.00 0.00 521.00 522.00 522.00 510.00 10 1 80 
14:48:44 41.37 0.00000000 0.00000000 0.00 0.00 0.00 520.00 522.00 522.00 510.00 10 1 80 
