0:2:39 0.42 0.00000000 0.00000000 0.00 0.00 0.00 521.00 523.00 522.00 527.00 6 1 80 
0:2:39 0.62 0.00000000 0.00000000 0.00 0.00 0.00 521.00 523.00 522.00 526.00 6 1 80 
0:2:39 0.82 0.00000000 0.00000000 0.00 0.00 0.00 521.00 523.00 522.00 526.00 6 1 80 
0:2:39 1.02 0.00000000 0.00000000 0.00 0.00 0.00 522.00 522.00 522.00 526.00 6 1 80 
0:2:39 1.22 0.00000000 0.00000000 0.00 0.00 0.00 521.00 522.00 522.00 526.00 6 1 80 
0:2:40 1.42 0.00000000 0.00000000 0.00 0.00 0.00 521.00 522.00 522.00 526.00 6 1 80 
0:2:40 1.62 0.00000000 0.00000000 0.00 0.00 0.00 521.00 522.00 522.00 526.00 6 1 80 
0:2:40 1.82 0.00000000 0.00000000 0.00 0.00 0.00 521.00 522.00 522.00 527.00 6 1 80 
0:2:40 2.02 0.00000000 0.00000000 0.00 0.00 0.00 521.00 522.00 522.00 527.00 6 1 80 
0:2:40 2.23 0.00000000 0.00000000 0.00 0.00 0.00 521.00 523.00 522.00 526.00 6 1 80 
0:2:41 2.43 0.00000000 0.00000000 0.00 0.00 0.00 521.00 522.00 522.00 527.00 6 1 80 
0:2:41 2.63 0.00000000 0.00000000 0.00 0.00 0.00 521.00 522.00 522.00 526.00 6 1 80 
0:2:41 2.83 0.00000000 0.00000000 0.00 0.00 0.00 521.00 523.00 522.00 527.00 6 1 80 
0:2:41 3.03 0.00000000 0.00000000 0.00 0.00 0.00 521.00 523.00 522.00 526.00 6 1 80 
0:2:41 3.23 0.00000000 0.00000000 0.00 0.00 0.00 521.00 522.00 522.00 527.00 6 1 80 
0:2:42 3.43 0.00000000 0.00000000 0.00 0.00 0.00 521.00 523.00 522.00 527.00 6 1 80 
0:2:42 3.63 0.00000000 0.00000000 0.00 0.00 0.00 521.00 522.00 522.00 526.00 6 1 80 
0:2:42 3.83 0.00000000 0.00000000 0.00 0.00 0.00 521.00 522.00 522.00 526.00 6 1 80 
0:2:42 4.03 0.00000000 0.00000000 0.00 0.00 0.00 521.00 522.00 522.00 526.00 6 1 80 
0:2:42 4.24 0.00000000 0.00000000 0.00 0.00 0.00 521.00 522.00 522.00 527.00 6 1 80 
0:2:43 4.44 0.00000000 0.00000000 0.00 0.00 0.00 521.00 522.00 522.00 526.00 6 1 80 
0:2:43 4.64 0.00000000 0.00000000 0.00 0.00 0.00 521.00 523.00 522.00 527.00 6 1 80 
0:2:43 4.84 0.00000000 0.00000000 0.00 0.00 0.00 521.00 523.00 522.00 526.00 6 1 80 
0:2:43 5.04 0.00000000 0.00000000 0.00 0.00 0.00 521.00 522.00 522.00 526.00 6 1 80 
0:2:43 5.24 0.00000000 0.00000000 0.00 0.00 0.00 521.00 523.00 522.00 526.00 6 1 80 
0:2:44 5.44 0.00000000 0.00000000 0.00 0.00 0.00 521.00 522.00 522.00 526.00 6 1 80 
