0:0:0 0.90 0.00000000 0.00000000 0.00 0.00 0.00 522.00 522.00 524.00 527.00 0 0 0 
19:15:54 1.10 0.00000000 0.00000000 0.00 0.00 0.00 523.00 523.00 525.00 527.00 6 3 17 
19:15:54 1.30 0.00000000 0.00000000 0.00 0.00 0.00 522.00 523.00 525.00 527.00 6 3 17 
19:15:54 1.51 0.00000000 0.00000000 0.00 0.00 0.00 522.00 522.00 525.00 527.00 6 3 17 
19:15:54 1.71 0.00000000 0.00000000 0.00 0.00 0.00 523.00 523.00 525.00 527.00 6 3 17 
19:15:54 1.91 0.00000000 0.00000000 0.00 0.00 0.00 523.00 522.00 526.00 527.00 6 3 17 
19:15:55 2.11 0.00000000 0.00000000 0.00 0.00 0.00 523.00 522.00 524.00 527.00 6 3 17 
19:15:55 2.31 0.00000000 0.00000000 0.00 0.00 0.00 522.00 523.00 525.00 527.00 6 3 17 
19:15:55 2.51 0.00000000 0.00000000 0.00 0.00 0.00 521.00 523.00 525.00 527.00 6 3 17 
19:15:55 2.71 0.00000000 0.00000000 0.00 0.00 0.00 521.00 522.00 524.00 526.00 6 3 17 
19:15:55 2.91 0.00000000 0.00000000 0.00 0.00 0.00 521.00 523.00 524.00 526.00 6 3 17 
19:15:56 3.12 0.00000000 0.00000000 0.00 0.00 0.00 521.00 522.00 524.00 523.00 6 3 17 
19:15:56 3.32 0.00000000 0.00000000 0.00 0.00 0.00 522.00 522.00 524.00 526.00 6 3 17 
19:15:56 3.52 0.00000000 0.00000000 0.00 0.00 0.00 522.00 523.00 524.00 527.00 6 3 17 
19:15:56 3.72 0.00000000 0.00000000 0.00 0.00 0.00 522.00 522.00 524.00 527.00 6 3 17 
19:15:56 3.92 0.00000000 0.00000000 0.00 0.00 0.00 522.00 522.00 524.00 527.00 6 3 17 
19:15:57 4.12 0.00000000 0.00000000 0.00 0.00 0.00 521.00 522.00 525.00 527.00 6 3 17 
19:15:57 4.32 0.00000000 0.00000000 0.00 0.00 0.00 521.00 522.00 519.00 526.00 6 3 17 
19:15:57 4.52 0.00000000 0.00000000 0.00 0.00 0.00 522.00 523.00 524.00 527.00 6 3 17 
19:15:57 4.72 0.00000000 0.00000000 0.00 0.00 0.00 520.00 522.00 523.00 526.00 6 3 17 
19:15:57 4.92 0.00000000 0.00000000 0.00 0.00 0.00 521.00 522.00 522.00 526.00 6 3 17 
19:15:58 5.12 0.00000000 0.00000000 0.00 0.00 0.00 521.00 522.00 522.00 526.00 6 3 17 
19:15:58 5.32 0.00000000 0.00000000 0.00 0.00 0.00 521.00 522.00 523.00 527.00 6 3 17 
19:15:58 5.52 0.00000000 0.00000000 0.00 0.00 0.00 521.00 521.00 523.00 526.00 6 3 17 
19:15:58 5.73 0.00000000 0.00000000 0.00 0.00 0.00 521.00 522.00 524.00 527.00 6 3 17 
19:15:58 5.93 0.00000000 0.00000000 0.00 0.00 0.00 521.00 523.00 523.00 526.00 6 3 17 
19:15:59 6.13 0.00000000 0.00000000 0.00 0.00 0.00 521.00 523.00 523.00 527.00 6 3 17 
19:15:59 6.33 0.00000000 0.00000000 0.00 0.00 0.00 520.00 522.00 523.00 526.00 6 3 17 
19:15:59 6.53 0.00000000 0.00000000 0.00 0.00 0.00 521.00 522.00 523.00 526.00 6 3 17 
19:15:59 6.73 0.00000000 0.00000000 0.00 0.00 0.00 521.00 522.00 523.00 526.00 6 3 17 
19:15:59 6.93 0.00000000 0.00000000 0.00 0.00 0.00 521.00 522.00 523.00 526.00 6 3 17 
19:16:0 7.13 0.00000000 0.00000000 0.00 0.00 0.00 521.00 522.00 523.00 526.00 6 3 17 
19:16:0 7.33 0.00000000 0.00000000 0.00 0.00 0.00 521.00 522.00 524.00 526.00 6 3 17 
19:16:0 7.53 0.00000000 0.00000000 0.00 0.00 0.00 521.00 522.00 523.00 526.00 6 3 17 
19:16:0 7.73 0.00000000 0.00000000 0.00 0.00 0.00 522.00 522.00 524.00 526.00 6 3 17 
19:16:0 7.93 0.00000000 0.00000000 0.00 0.00 0.00 521.00 522.00 522.00 526.00 6 3 17 
19:16:1 8.13 0.00000000 0.00000000 0.00 0.00 0.00 521.00 522.00 523.00 526.00 6 3 17 
19:16:1 8.33 0.00000000 0.00000000 0.00 0.00 0.00 522.00 523.00 525.00 528.00 6 3 17 
19:16:1 8.53 0.00000000 0.00000000 0.00 0.00 0.00 521.00 522.00 523.00 526.00 6 3 17 
19:16:1 8.73 0.00000000 0.00000000 0.00 0.00 0.00 521.00 522.00 524.00 526.00 6 3 17 
19:16:1 8.94 0.00000000 0.00000000 0.00 0.00 0.00 521.00 522.00 523.00 526.00 6 3 17 
19:16:2 9.14 0.00000000 0.00000000 0.00 0.00 0.00 521.00 522.00 523.00 526.00 6 3 17 
19:16:2 9.34 0.00000000 0.00000000 0.00 0.00 0.00 521.00 522.00 523.00 526.00 6 3 17 
19:16:2 9.54 0.00000000 0.00000000 0.00 0.00 0.00 521.00 522.00 523.00 526.00 6 3 17 
19:16:2 9.74 0.00000000 0.00000000 0.00 0.00 0.00 521.00 522.00 523.00 526.00 6 3 17 
19:16:2 9.94 0.00000000 0.00000000 0.00 0.00 0.00 521.00 522.00 523.00 526.00 6 3 17 
19:16:3 10.14 0.00000000 0.00000000 0.00 0.00 0.00 521.00 522.00 522.00 526.00 6 3 17 
19:16:3 10.34 0.00000000 0.00000000 0.00 0.00 0.00 521.00 522.00 523.00 526.00 6 3 17 
19:16:3 10.54 0.00000000 0.00000000 0.00 0.00 0.00 522.00 522.00 526.00 526.00 6 3 17 
19:16:3 10.74 0.00000000 0.00000000 0.00 0.00 0.00 521.00 522.00 523.00 527.00 6 3 17 
19:16:3 10.94 0.00000000 0.00000000 0.00 0.00 0.00 521.00 522.00 523.00 526.00 6 3 17 
19:16:4 11.14 0.00000000 0.00000000 0.00 0.00 0.00 522.00 522.00 524.00 526.00 6 3 17 
19:16:4 11.34 0.00000000 0.00000000 0.00 0.00 0.00 521.00 522.00 524.00 526.00 6 3 17 
19:16:4 11.54 0.00000000 0.00000000 0.00 0.00 0.00 521.00 523.00 523.00 526.00 6 3 17 
19:16:4 11.74 0.00000000 0.00000000 0.00 0.00 0.00 521.00 522.00 525.00 526.00 6 3 17 
19:16:4 11.94 0.00000000 0.00000000 0.00 0.00 0.00 521.00 522.00 524.00 526.00 6 3 17 
19:16:5 12.15 0.00000000 0.00000000 0.00 0.00 0.00 522.00 522.00 523.00 526.00 6 3 17 
19:16:5 12.35 0.00000000 0.00000000 0.00 0.00 0.00 521.00 522.00 524.00 527.00 6 3 17 
19:16:5 12.55 0.00000000 0.00000000 0.00 0.00 0.00 521.00 522.00 523.00 526.00 6 3 17 
19:16:5 12.75 0.00000000 0.00000000 0.00 0.00 0.00 522.00 522.00 522.00 526.00 6 3 17 
19:16:5 12.95 0.00000000 0.00000000 0.00 0.00 0.00 521.00 523.00 523.00 526.00 6 3 17 
19:16:6 13.15 0.00000000 0.00000000 0.00 0.00 0.00 521.00 523.00 523.00 526.00 6 3 17 
19:16:6 13.35 0.00000000 0.00000000 0.00 0.00 0.00 521.00 522.00 524.00 526.00 6 3 17 
19:16:6 13.55 0.00000000 0.00000000 0.00 0.00 0.00 521.00 522.00 524.00 527.00 6 3 17 
19:16:6 13.75 0.00000000 0.00000000 0.00 0.00 0.00 521.00 522.00 524.00 526.00 6 3 17 
19:16:6 13.95 0.00000000 0.00000000 0.00 0.00 0.00 522.00 523.00 524.00 526.00 6 3 17 
19:16:7 14.15 0.00000000 0.00000000 0.00 0.00 0.00 521.00 522.00 524.00 526.00 6 3 17 
19:16:7 14.35 0.00000000 0.00000000 0.00 0.00 0.00 521.00 522.00 523.00 526.00 6 3 17 
19:16:7 14.55 0.00000000 0.00000000 0.00 0.00 0.00 522.00 522.00 524.00 526.00 6 3 17 
19:16:7 14.75 0.00000000 0.00000000 0.00 0.00 0.00 521.00 522.00 524.00 527.00 6 3 17 
19:16:7 14.95 0.00000000 0.00000000 0.00 0.00 0.00 521.00 522.00 524.00 526.00 6 3 17 
19:16:8 15.15 0.00000000 0.00000000 0.00 0.00 0.00 521.00 522.00 523.00 526.00 6 3 17 
19:16:8 15.36 0.00000000 0.00000000 0.00 0.00 0.00 521.00 522.00 523.00 527.00 6 3 17 
19:16:8 15.56 0.00000000 0.00000000 0.00 0.00 0.00 521.00 523.00 524.00 526.00 6 3 17 
19:16:8 15.76 0.00000000 0.00000000 0.00 0.00 0.00 521.00 523.00 524.00 526.00 6 3 17 
19:16:8 15.96 0.00000000 0.00000000 0.00 0.00 0.00 521.00 522.00 524.00 526.00 6 3 17 
19:16:9 16.16 0.00000000 0.00000000 0.00 0.00 0.00 521.00 522.00 520.00 526.00 6 3 17 
19:16:9 16.36 0.00000000 0.00000000 0.00 0.00 0.00 521.00 522.00 523.00 527.00 6 3 17 
19:16:9 16.56 0.00000000 0.00000000 0.00 0.00 0.00 521.00 522.00 524.00 526.00 6 3 17 
19:16:9 16.76 0.00000000 0.00000000 0.00 0.00 0.00 521.00 522.00 524.00 526.00 6 3 17 
19:16:9 16.96 0.00000000 0.00000000 0.00 0.00 0.00 521.00 522.00 525.00 526.00 6 3 17 
19:16:10 17.17 0.00000000 0.00000000 0.00 0.00 0.00 521.00 522.00 523.00 526.00 6 3 17 
19:16:10 17.37 0.00000000 0.00000000 0.00 0.00 0.00 521.00 519.00 523.00 526.00 6 3 17 
19:16:10 17.57 0.00000000 0.00000000 0.00 0.00 0.00 521.00 522.00 524.00 526.00 6 3 17 
19:16:10 17.77 0.00000000 0.00000000 0.00 0.00 0.00 521.00 522.00 524.00 526.00 6 3 17 
19:16:10 17.97 0.00000000 0.00000000 0.00 0.00 0.00 521.00 523.00 522.00 526.00 6 3 17 
19:16:11 18.17 0.00000000 0.00000000 0.00 0.00 0.00 521.00 522.00 523.00 526.00 6 3 17 
19:16:11 18.37 0.00000000 0.00000000 0.00 0.00 0.00 522.00 522.00 523.00 526.00 6 3 17 
19:16:11 18.57 0.00000000 0.00000000 0.00 0.00 0.00 521.00 522.00 523.00 526.00 6 3 17 
19:16:11 18.77 0.00000000 0.00000000 0.00 0.00 0.00 521.00 522.00 523.00 526.00 6 3 17 
19:16:11 18.97 0.00000000 0.00000000 0.00 0.00 0.00 522.00 522.00 524.00 526.00 6 3 17 
19:16:11 19.18 0.00000000 0.00000000 0.00 0.00 0.00 521.00 522.00 523.00 526.00 6 3 17 
19:16:11 19.38 0.00000000 0.00000000 0.00 0.00 0.00 521.00 522.00 523.00 527.00 6 3 17 
19:16:11 19.58 0.00000000 0.00000000 0.00 0.00 0.00 521.00 522.00 523.00 527.00 6 3 17 
19:16:11 19.78 0.00000000 0.00000000 0.00 0.00 0.00 521.00 522.00 522.00 526.00 6 3 17 
19:16:11 19.98 0.00000000 0.00000000 0.00 0.00 0.00 521.00 522.00 523.00 527.00 6 3 17 
19:16:11 20.18 0.00000000 0.00000000 0.00 0.00 0.00 522.00 522.00 523.00 526.00 6 3 17 
19:16:11 20.38 0.00000000 0.00000000 0.00 0.00 0.00 521.00 522.00 524.00 526.00 6 3 17 
19:16:11 20.58 0.00000000 0.00000000 0.00 0.00 0.00 521.00 522.00 523.00 526.00 6 3 17 
19:16:11 20.78 0.00000000 0.00000000 0.00 0.00 0.00 522.00 522.00 523.00 526.00 6 3 17 
19:16:11 20.99 0.00000000 0.00000000 0.00 0.00 0.00 521.00 522.00 522.00 526.00 6 3 17 
19:16:11 21.19 0.00000000 0.00000000 0.00 0.00 0.00 521.00 522.00 524.00 526.00 6 3 17 
19:16:11 21.39 0.00000000 0.00000000 0.00 0.00 0.00 521.00 522.00 524.00 526.00 6 3 17 
19:16:11 21.59 0.00000000 0.00000000 0.00 0.00 0.00 521.00 522.00 524.00 527.00 6 3 17 
19:16:11 21.79 0.00000000 0.00000000 0.00 0.00 0.00 521.00 522.00 523.00 526.00 6 3 17 
19:16:11 21.99 0.00000000 0.00000000 0.00 0.00 0.00 521.00 523.00 522.00 527.00 6 3 17 
19:16:11 22.19 0.00000000 0.00000000 0.00 0.00 0.00 522.00 522.00 523.00 527.00 6 3 17 
19:16:11 22.39 0.00000000 0.00000000 0.00 0.00 0.00 521.00 522.00 523.00 526.00 6 3 17 
19:16:11 22.60 0.00000000 0.00000000 0.00 0.00 0.00 521.00 522.00 523.00 526.00 6 3 17 
19:16:11 22.80 0.00000000 0.00000000 0.00 0.00 0.00 521.00 522.00 524.00 527.00 6 3 17 
19:16:11 23.00 0.00000000 0.00000000 0.00 0.00 0.00 521.00 522.00 523.00 526.00 6 3 17 
19:16:11 23.20 0.00000000 0.00000000 0.00 0.00 0.00 521.00 522.00 520.00 526.00 6 3 17 
19:16:11 23.40 0.00000000 0.00000000 0.00 0.00 0.00 521.00 522.00 523.00 527.00 6 3 17 
19:16:11 23.60 0.00000000 0.00000000 0.00 0.00 0.00 521.00 522.00 523.00 527.00 6 3 17 
19:16:11 23.80 0.00000000 0.00000000 0.00 0.00 0.00 521.00 522.00 524.00 526.00 6 3 17 
19:16:11 24.00 0.00000000 0.00000000 0.00 0.00 0.00 521.00 524.00 522.00 527.00 6 3 17 
19:16:11 24.21 0.00000000 0.00000000 0.00 0.00 0.00 521.00 522.00 523.00 526.00 6 3 17 
19:16:11 24.41 0.00000000 0.00000000 0.00 0.00 0.00 519.00 522.00 522.00 527.00 6 3 17 
19:16:11 24.61 0.00000000 0.00000000 0.00 0.00 0.00 521.00 523.00 523.00 526.00 6 3 17 
19:16:11 24.81 0.00000000 0.00000000 0.00 0.00 0.00 521.00 522.00 523.00 526.00 6 3 17 
19:16:11 25.01 0.00000000 0.00000000 0.00 0.00 0.00 521.00 522.00 523.00 527.00 6 3 17 
19:16:11 25.21 0.00000000 0.00000000 0.00 0.00 0.00 521.00 522.00 523.00 526.00 6 3 17 
19:16:11 25.41 0.00000000 0.00000000 0.00 0.00 0.00 521.00 522.00 523.00 526.00 6 3 17 
19:16:11 25.61 0.00000000 0.00000000 0.00 0.00 0.00 521.00 522.00 522.00 526.00 6 3 17 
19:16:11 25.81 0.00000000 0.00000000 0.00 0.00 0.00 521.00 522.00 523.00 526.00 6 3 17 
19:16:11 26.01 0.00000000 0.00000000 0.00 0.00 0.00 521.00 522.00 523.00 527.00 6 3 17 
19:16:11 26.22 0.00000000 0.00000000 0.00 0.00 0.00 521.00 522.00 523.00 527.00 6 3 17 
19:16:11 26.42 0.00000000 0.00000000 0.00 0.00 0.00 521.00 522.00 523.00 526.00 6 3 17 
19:16:11 26.62 0.00000000 0.00000000 0.00 0.00 0.00 521.00 522.00 523.00 527.00 6 3 17 
19:16:11 26.82 0.00000000 0.00000000 0.00 0.00 0.00 521.00 522.00 522.00 526.00 6 3 17 
19:16:11 27.02 0.00000000 0.00000000 0.00 0.00 0.00 522.00 522.00 522.00 526.00 6 3 17 
19:16:11 27.22 0.00000000 0.00000000 0.00 0.00 0.00 521.00 522.00 523.00 527.00 6 3 17 
19:16:11 27.42 0.00000000 0.00000000 0.00 0.00 0.00 521.00 523.00 523.00 526.00 6 3 17 
19:16:11 27.62 0.00000000 0.00000000 0.00 0.00 0.00 521.00 522.00 523.00 526.00 6 3 17 
19:16:11 27.82 0.00000000 0.00000000 0.00 0.00 0.00 521.00 522.00 523.00 527.00 6 3 17 
19:16:11 28.03 0.00000000 0.00000000 0.00 0.00 0.00 521.00 522.00 524.00 526.00 6 3 17 
19:16:21 28.23 0.00000000 0.00000000 0.00 0.00 0.00 521.00 523.00 523.00 526.00 6 3 17 
19:16:21 28.43 0.00000000 0.00000000 0.00 0.00 0.00 521.00 523.00 524.00 527.00 6 3 17 
19:16:21 28.63 0.00000000 0.00000000 0.00 0.00 0.00 521.00 522.00 523.00 527.00 6 3 17 
19:16:21 28.83 0.00000000 0.00000000 0.00 0.00 0.00 522.00 522.00 523.00 526.00 6 3 17 
19:16:21 29.03 0.00000000 0.00000000 0.00 0.00 0.00 521.00 522.00 523.00 524.00 6 3 17 
19:16:22 29.23 0.00000000 0.00000000 0.00 0.00 0.00 521.00 522.00 524.00 526.00 6 3 17 
19:16:22 29.44 0.00000000 0.00000000 0.00 0.00 0.00 522.00 522.00 524.00 526.00 6 3 17 
19:16:22 29.64 0.00000000 0.00000000 0.00 0.00 0.00 521.00 522.00 524.00 526.00 6 3 17 
19:16:22 29.84 0.00000000 0.00000000 0.00 0.00 0.00 521.00 522.00 524.00 526.00 6 3 17 
19:16:23 30.04 0.00000000 0.00000000 0.00 0.00 0.00 521.00 522.00 524.00 527.00 6 3 17 
19:16:23 30.24 0.00000000 0.00000000 0.00 0.00 0.00 521.00 519.00 523.00 526.00 6 3 17 
19:16:23 30.44 0.00000000 0.00000000 0.00 0.00 0.00 522.00 522.00 523.00 526.00 6 3 17 
19:16:23 30.64 0.00000000 0.00000000 0.00 0.00 0.00 522.00 522.00 523.00 526.00 6 3 17 
19:16:23 30.84 0.00000000 0.00000000 0.00 0.00 0.00 522.00 522.00 523.00 527.00 6 3 17 
19:16:24 31.04 0.00000000 0.00000000 0.00 0.00 0.00 522.00 522.00 523.00 527.00 6 3 17 
19:16:24 31.25 0.00000000 0.00000000 0.00 0.00 0.00 521.00 522.00 524.00 527.00 6 3 17 
19:16:24 31.45 0.00000000 0.00000000 0.00 0.00 0.00 521.00 522.00 522.00 526.00 6 3 17 
19:16:24 31.65 0.00000000 0.00000000 0.00 0.00 0.00 521.00 522.00 523.00 527.00 6 3 17 
19:16:24 31.85 0.00000000 0.00000000 0.00 0.00 0.00 521.00 523.00 524.00 527.00 6 3 17 
19:16:25 32.05 0.00000000 0.00000000 0.00 0.00 0.00 521.00 522.00 523.00 527.00 6 3 17 
19:16:25 32.25 0.00000000 0.00000000 0.00 0.00 0.00 521.00 522.00 523.00 526.00 6 3 17 
19:16:25 32.45 0.00000000 0.00000000 0.00 0.00 0.00 521.00 522.00 524.00 527.00 6 3 17 
19:16:25 32.65 0.00000000 0.00000000 0.00 0.00 0.00 521.00 522.00 522.00 526.00 6 3 17 
19:16:25 32.85 0.00000000 0.00000000 0.00 0.00 0.00 522.00 522.00 523.00 526.00 6 3 17 
19:16:26 33.06 0.00000000 0.00000000 0.00 0.00 0.00 521.00 522.00 523.00 526.00 6 3 17 
19:16:26 33.26 0.00000000 0.00000000 0.00 0.00 0.00 521.00 522.00 523.00 526.00 6 3 17 
19:16:26 33.46 0.00000000 0.00000000 0.00 0.00 0.00 521.00 522.00 524.00 526.00 6 3 17 
19:16:26 33.66 0.00000000 0.00000000 0.00 0.00 0.00 521.00 522.00 523.00 527.00 6 3 17 
19:16:26 33.86 0.00000000 0.00000000 0.00 0.00 0.00 522.00 522.00 522.00 526.00 6 3 17 
19:16:27 34.06 0.00000000 0.00000000 0.00 0.00 0.00 521.00 522.00 523.00 527.00 6 3 17 
19:16:27 34.26 0.00000000 0.00000000 0.00 0.00 0.00 521.00 522.00 523.00 527.00 6 3 17 
19:16:27 34.46 0.00000000 0.00000000 0.00 0.00 0.00 522.00 522.00 523.00 526.00 6 3 17 
19:16:27 34.67 0.00000000 0.00000000 0.00 0.00 0.00 522.00 522.00 523.00 527.00 6 3 17 
19:16:27 34.87 0.00000000 0.00000000 0.00 0.00 0.00 521.00 522.00 523.00 527.00 6 3 17 
19:16:28 35.07 0.00000000 0.00000000 0.00 0.00 0.00 521.00 522.00 523.00 527.00 6 3 17 
19:16:28 35.27 0.00000000 0.00000000 0.00 0.00 0.00 521.00 522.00 524.00 527.00 6 3 17 
19:16:28 35.47 0.00000000 0.00000000 0.00 0.00 0.00 521.00 523.00 523.00 526.00 6 3 17 
19:16:28 35.67 0.00000000 0.00000000 0.00 0.00 0.00 522.00 522.00 523.00 526.00 6 3 17 
19:16:28 35.87 0.00000000 0.00000000 0.00 0.00 0.00 521.00 522.00 524.00 526.00 6 3 17 
19:16:29 36.07 0.00000000 0.00000000 0.00 0.00 0.00 521.00 522.00 520.00 526.00 6 3 17 
19:16:29 36.27 0.00000000 0.00000000 0.00 0.00 0.00 521.00 522.00 524.00 526.00 6 3 17 
19:16:29 36.47 0.00000000 0.00000000 0.00 0.00 0.00 521.00 522.00 523.00 527.00 6 3 17 
19:16:29 36.68 0.00000000 0.00000000 0.00 0.00 0.00 521.00 522.00 523.00 526.00 6 3 17 
19:16:29 36.88 0.00000000 0.00000000 0.00 0.00 0.00 521.00 522.00 524.00 526.00 6 3 17 
19:16:30 37.08 0.00000000 0.00000000 0.00 0.00 0.00 521.00 522.00 523.00 526.00 6 3 17 
19:16:30 37.28 0.00000000 0.00000000 0.00 0.00 0.00 520.00 522.00 522.00 526.00 6 3 17 
19:16:30 37.48 0.00000000 0.00000000 0.00 0.00 0.00 521.00 522.00 523.00 526.00 6 3 17 
19:16:30 37.68 0.00000000 0.00000000 0.00 0.00 0.00 522.00 522.00 523.00 526.00 6 3 17 
19:16:30 37.88 0.00000000 0.00000000 0.00 0.00 0.00 521.00 522.00 523.00 526.00 6 3 17 
19:16:31 38.08 0.00000000 0.00000000 0.00 0.00 0.00 522.00 523.00 523.00 526.00 6 3 17 
19:16:31 38.29 0.00000000 0.00000000 0.00 0.00 0.00 521.00 522.00 523.00 527.00 6 3 17 
19:16:31 38.49 0.00000000 0.00000000 0.00 0.00 0.00 522.00 522.00 522.00 526.00 6 3 17 
19:16:31 38.69 0.00000000 0.00000000 0.00 0.00 0.00 521.00 522.00 524.00 526.00 6 3 17 
19:16:31 38.89 0.00000000 0.00000000 0.00 0.00 0.00 521.00 522.00 523.00 527.00 6 3 17 
19:16:32 39.09 0.00000000 0.00000000 0.00 0.00 0.00 521.00 522.00 523.00 526.00 6 3 17 
19:16:32 39.29 0.00000000 0.00000000 0.00 0.00 0.00 521.00 523.00 524.00 526.00 6 3 17 
19:16:32 39.49 0.00000000 0.00000000 0.00 0.00 0.00 521.00 522.00 523.00 526.00 6 3 17 
19:16:32 39.69 0.00000000 0.00000000 0.00 0.00 0.00 521.00 522.00 523.00 526.00 6 3 17 
19:16:32 39.89 0.00000000 0.00000000 0.00 0.00 0.00 521.00 522.00 524.00 527.00 6 3 17 
19:16:33 40.10 0.00000000 0.00000000 0.00 0.00 0.00 521.00 522.00 523.00 526.00 6 3 17 
19:16:33 40.30 0.00000000 0.00000000 0.00 0.00 0.00 521.00 522.00 523.00 526.00 6 3 17 
19:16:33 40.50 0.00000000 0.00000000 0.00 0.00 0.00 521.00 522.00 524.00 526.00 6 3 17 
19:16:33 40.70 0.00000000 0.00000000 0.00 0.00 0.00 521.00 522.00 524.00 526.00 6 3 17 
19:16:33 40.90 0.00000000 0.00000000 0.00 0.00 0.00 521.00 522.00 523.00 526.00 6 3 17 
19:16:34 41.10 0.00000000 0.00000000 0.00 0.00 0.00 521.00 522.00 523.00 527.00 6 3 17 
19:16:34 41.30 0.00000000 0.00000000 0.00 0.00 0.00 522.00 522.00 523.00 527.00 6 3 17 
19:16:34 41.50 0.00000000 0.00000000 0.00 0.00 0.00 521.00 522.00 523.00 527.00 6 3 17 
19:16:34 41.70 0.00000000 0.00000000 0.00 0.00 0.00 522.00 522.00 523.00 527.00 6 3 17 
19:16:34 41.90 0.00000000 0.00000000 0.00 0.00 0.00 521.00 522.00 523.00 524.00 6 3 17 
19:16:35 42.11 0.00000000 0.00000000 0.00 0.00 0.00 521.00 522.00 523.00 527.00 6 3 17 
19:16:35 42.31 0.00000000 0.00000000 0.00 0.00 0.00 520.00 522.00 523.00 526.00 6 3 17 
19:16:35 42.51 0.00000000 0.00000000 0.00 0.00 0.00 521.00 523.00 523.00 526.00 6 3 17 
19:16:35 42.71 0.00000000 0.00000000 0.00 0.00 0.00 521.00 522.00 523.00 527.00 6 3 17 
19:16:35 42.91 0.00000000 0.00000000 0.00 0.00 0.00 521.00 523.00 523.00 526.00 6 3 17 
19:16:36 43.11 0.00000000 0.00000000 0.00 0.00 0.00 521.00 519.00 522.00 527.00 6 3 17 
19:16:36 43.31 0.00000000 0.00000000 0.00 0.00 0.00 521.00 523.00 524.00 526.00 6 3 17 
19:16:36 43.51 0.00000000 0.00000000 0.00 0.00 0.00 521.00 523.00 523.00 526.00 6 3 17 
19:16:36 43.72 0.00000000 0.00000000 0.00 0.00 0.00 521.00 522.00 523.00 526.00 6 3 17 
19:16:36 43.92 0.00000000 0.00000000 0.00 0.00 0.00 521.00 521.00 523.00 527.00 6 3 17 
19:16:37 44.12 0.00000000 0.00000000 0.00 0.00 0.00 521.00 522.00 523.00 526.00 6 3 17 
19:16:37 44.32 0.00000000 0.00000000 0.00 0.00 0.00 521.00 523.00 523.00 526.00 6 3 17 
19:16:37 44.52 0.00000000 0.00000000 0.00 0.00 0.00 521.00 522.00 524.00 527.00 6 3 17 
19:16:37 44.72 0.00000000 0.00000000 0.00 0.00 0.00 521.00 522.00 523.00 527.00 6 3 17 
19:16:37 44.92 0.00000000 0.00000000 0.00 0.00 0.00 521.00 522.00 523.00 526.00 6 3 17 
19:16:38 45.12 0.00000000 0.00000000 0.00 0.00 0.00 521.00 522.00 523.00 527.00 6 3 17 
19:16:38 45.32 0.00000000 0.00000000 0.00 0.00 0.00 521.00 522.00 523.00 526.00 6 3 17 
19:16:38 45.53 0.00000000 0.00000000 0.00 0.00 0.00 521.00 522.00 522.00 526.00 6 3 17 
19:16:38 45.73 0.00000000 0.00000000 0.00 0.00 0.00 521.00 522.00 523.00 526.00 6 3 17 
19:16:38 45.93 0.00000000 0.00000000 0.00 0.00 0.00 521.00 522.00 523.00 526.00 6 3 17 
19:16:39 46.13 0.00000000 0.00000000 0.00 0.00 0.00 521.00 523.00 523.00 526.00 6 3 17 
19:16:39 46.33 0.00000000 0.00000000 0.00 0.00 0.00 521.00 522.00 523.00 526.00 6 3 17 
19:16:39 46.53 0.00000000 0.00000000 0.00 0.00 0.00 521.00 522.00 523.00 526.00 6 3 17 
19:16:39 46.73 0.00000000 0.00000000 0.00 0.00 0.00 521.00 522.00 522.00 527.00 6 3 17 
19:16:39 46.93 0.00000000 0.00000000 0.00 0.00 0.00 521.00 523.00 523.00 526.00 6 3 17 
19:16:40 47.13 0.00000000 0.00000000 0.00 0.00 0.00 521.00 522.00 523.00 526.00 6 3 17 
19:16:40 47.34 0.00000000 0.00000000 0.00 0.00 0.00 521.00 522.00 523.00 527.00 6 3 17 
19:16:40 47.54 0.00000000 0.00000000 0.00 0.00 0.00 521.00 522.00 523.00 526.00 6 3 17 
19:16:40 47.74 0.00000000 0.00000000 0.00 0.00 0.00 521.00 522.00 523.00 527.00 6 3 17 
19:16:40 47.94 0.00000000 0.00000000 0.00 0.00 0.00 521.00 522.00 523.00 527.00 6 3 17 
19:16:41 48.14 0.00000000 0.00000000 0.00 0.00 0.00 521.00 522.00 523.00 526.00 6 3 17 
19:16:41 48.34 0.00000000 0.00000000 0.00 0.00 0.00 521.00 522.00 524.00 526.00 6 3 17 
19:16:41 48.54 0.00000000 0.00000000 0.00 0.00 0.00 521.00 522.00 523.00 527.00 6 3 17 
19:16:41 48.74 0.00000000 0.00000000 0.00 0.00 0.00 522.00 522.00 523.00 526.00 6 3 17 
19:16:41 48.95 0.00000000 0.00000000 0.00 0.00 0.00 521.00 522.00 520.00 526.00 6 3 17 
19:16:42 49.15 0.00000000 0.00000000 0.00 0.00 0.00 521.00 522.00 523.00 527.00 6 3 17 
19:16:42 49.35 0.00000000 0.00000000 0.00 0.00 0.00 521.00 522.00 523.00 526.00 6 3 17 
19:16:42 49.55 0.00000000 0.00000000 0.00 0.00 0.00 521.00 522.00 523.00 527.00 6 3 17 
19:16:42 49.75 0.00000000 0.00000000 0.00 0.00 0.00 521.00 522.00 523.00 527.00 6 3 17 
19:16:42 49.95 0.00000000 0.00000000 0.00 0.00 0.00 521.00 522.00 523.00 527.00 6 3 17 
19:16:43 50.15 0.00000000 0.00000000 0.00 0.00 0.00 520.00 522.00 522.00 527.00 6 3 17 
19:16:43 50.35 0.00000000 0.00000000 0.00 0.00 0.00 521.00 522.00 523.00 527.00 6 3 17 
19:16:43 50.55 0.00000000 0.00000000 0.00 0.00 0.00 521.00 522.00 523.00 526.00 6 3 17 
19:16:43 50.76 0.00000000 0.00000000 0.00 0.00 0.00 521.00 522.00 523.00 526.00 6 3 17 
19:16:43 50.96 0.00000000 0.00000000 0.00 0.00 0.00 521.00 522.00 523.00 526.00 6 3 17 
19:16:44 51.16 0.00000000 0.00000000 0.00 0.00 0.00 521.00 522.00 523.00 526.00 6 3 17 
19:16:44 51.36 0.00000000 0.00000000 0.00 0.00 0.00 521.00 522.00 522.00 526.00 6 3 17 
19:16:44 51.56 0.00000000 0.00000000 0.00 0.00 0.00 521.00 522.00 523.00 526.00 6 3 17 
19:16:44 51.76 0.00000000 0.00000000 0.00 0.00 0.00 521.00 522.00 523.00 526.00 6 3 17 
19:16:44 51.96 0.00000000 0.00000000 0.00 0.00 0.00 521.00 522.00 523.00 527.00 6 3 17 
19:16:45 52.16 0.00000000 0.00000000 0.00 0.00 0.00 521.00 522.00 523.00 526.00 6 3 17 
19:16:45 52.36 0.00000000 0.00000000 0.00 0.00 0.00 521.00 522.00 523.00 526.00 6 3 17 
19:16:45 52.57 0.00000000 0.00000000 0.00 0.00 0.00 521.00 522.00 522.00 526.00 6 3 17 
19:16:45 52.77 0.00000000 0.00000000 0.00 0.00 0.00 521.00 522.00 523.00 526.00 6 3 17 
19:16:45 52.97 0.00000000 0.00000000 0.00 0.00 0.00 521.00 522.00 524.00 526.00 6 3 17 
19:16:46 53.17 0.00000000 0.00000000 0.00 0.00 0.00 521.00 522.00 523.00 527.00 6 3 17 
19:16:46 53.37 0.00000000 0.00000000 0.00 0.00 0.00 521.00 522.00 523.00 526.00 6 3 17 
19:16:46 53.57 0.00000000 0.00000000 0.00 0.00 0.00 521.00 522.00 523.00 527.00 6 3 17 
19:16:46 53.77 0.00000000 0.00000000 0.00 0.00 0.00 521.00 522.00 523.00 527.00 6 3 17 
19:16:46 53.97 0.00000000 0.00000000 0.00 0.00 0.00 521.00 523.00 523.00 526.00 6 3 17 
19:16:47 54.18 0.00000000 0.00000000 0.00 0.00 0.00 521.00 522.00 523.00 527.00 6 3 17 
19:16:47 54.38 0.00000000 0.00000000 0.00 0.00 0.00 521.00 523.00 523.00 526.00 6 3 17 
19:16:47 54.58 0.00000000 0.00000000 0.00 0.00 0.00 521.00 523.00 523.00 526.00 6 3 17 
19:16:47 54.78 0.00000000 0.00000000 0.00 0.00 0.00 520.00 523.00 524.00 524.00 6 3 17 
19:16:47 54.98 0.00000000 0.00000000 0.00 0.00 0.00 521.00 522.00 523.00 527.00 6 3 17 
19:16:48 55.18 0.00000000 0.00000000 0.00 0.00 0.00 521.00 522.00 523.00 526.00 6 3 17 
19:16:48 55.38 0.00000000 0.00000000 0.00 0.00 0.00 521.00 522.00 524.00 527.00 6 3 17 
19:16:48 55.58 0.00000000 0.00000000 0.00 0.00 0.00 521.00 522.00 523.00 526.00 6 3 17 
19:16:48 55.78 0.00000000 0.00000000 0.00 0.00 0.00 521.00 522.00 523.00 526.00 6 3 17 
19:16:48 55.99 0.00000000 0.00000000 0.00 0.00 0.00 521.00 519.00 522.00 526.00 6 3 17 
19:16:48 56.19 0.00000000 0.00000000 0.00 0.00 0.00 521.00 522.00 523.00 527.00 6 3 17 
19:16:48 56.39 0.00000000 0.00000000 0.00 0.00 0.00 521.00 522.00 523.00 527.00 6 3 17 
19:16:48 56.59 0.00000000 0.00000000 0.00 0.00 0.00 521.00 522.00 523.00 527.00 6 3 17 
19:16:48 56.79 0.00000000 0.00000000 0.00 0.00 0.00 521.00 522.00 523.00 527.00 6 3 17 
19:16:48 56.99 0.00000000 0.00000000 0.00 0.00 0.00 521.00 523.00 524.00 527.00 6 3 17 
19:16:50 57.19 0.00000000 0.00000000 0.00 0.00 0.00 521.00 522.00 523.00 526.00 6 3 17 
19:16:50 57.39 0.00000000 0.00000000 0.00 0.00 0.00 521.00 522.00 523.00 527.00 6 3 17 
19:16:50 57.59 0.00000000 0.00000000 0.00 0.00 0.00 521.00 522.00 523.00 527.00 6 3 17 
19:16:50 57.79 0.00000000 0.00000000 0.00 0.00 0.00 521.00 522.00 523.00 527.00 6 3 17 
19:16:50 58.00 0.00000000 0.00000000 0.00 0.00 0.00 522.00 523.00 523.00 526.00 6 3 17 
19:16:51 58.20 0.00000000 0.00000000 0.00 0.00 0.00 521.00 523.00 523.00 526.00 6 3 17 
19:16:51 58.40 0.00000000 0.00000000 0.00 0.00 0.00 522.00 522.00 522.00 527.00 6 3 17 
19:16:51 58.60 0.00000000 0.00000000 0.00 0.00 0.00 521.00 522.00 523.00 526.00 6 3 17 
19:16:51 58.80 0.00000000 0.00000000 0.00 0.00 0.00 521.00 522.00 524.00 527.00 6 3 17 
19:16:51 59.00 0.00000000 0.00000000 0.00 0.00 0.00 521.00 523.00 523.00 526.00 6 3 17 
19:16:51 59.20 0.00000000 0.00000000 0.00 0.00 0.00 521.00 522.00 524.00 526.00 6 3 17 
19:16:51 59.40 0.00000000 0.00000000 0.00 0.00 0.00 521.00 522.00 523.00 526.00 6 3 17 
19:16:51 59.61 0.00000000 0.00000000 0.00 0.00 0.00 521.00 522.00 523.00 526.00 6 3 17 
19:16:51 59.81 0.00000000 0.00000000 0.00 0.00 0.00 521.00 522.00 523.00 526.00 6 3 17 
19:16:51 60.01 0.00000000 0.00000000 0.00 0.00 0.00 521.00 523.00 522.00 526.00 6 3 17 
19:16:51 60.21 0.00000000 0.00000000 0.00 0.00 0.00 521.00 522.00 523.00 527.00 6 3 17 
19:16:51 60.41 0.00000000 0.00000000 0.00 0.00 0.00 521.00 522.00 523.00 527.00 6 3 17 
19:16:51 60.61 0.00000000 0.00000000 0.00 0.00 0.00 521.00 522.00 523.00 527.00 6 3 17 
19:16:51 60.81 0.00000000 0.00000000 0.00 0.00 0.00 521.00 522.00 523.00 526.00 6 3 17 
19:16:51 61.01 0.00000000 0.00000000 0.00 0.00 0.00 521.00 523.00 523.00 526.00 6 3 17 
19:16:51 61.22 0.00000000 0.00000000 0.00 0.00 0.00 521.00 522.00 523.00 527.00 6 3 17 
19:16:51 61.42 0.00000000 0.00000000 0.00 0.00 0.00 521.00 522.00 523.00 527.00 6 3 17 
19:16:51 61.62 0.00000000 0.00000000 0.00 0.00 0.00 521.00 522.00 523.00 526.00 6 3 17 
19:16:51 61.82 0.00000000 0.00000000 0.00 0.00 0.00 521.00 522.00 520.00 526.00 6 3 17 
19:16:51 62.02 0.00000000 0.00000000 0.00 0.00 0.00 522.00 522.00 522.00 526.00 6 3 17 
19:16:51 62.22 0.00000000 0.00000000 0.00 0.00 0.00 521.00 523.00 523.00 527.00 6 3 17 
19:16:51 62.42 0.00000000 0.00000000 0.00 0.00 0.00 521.00 523.00 523.00 527.00 6 3 17 
19:16:51 62.62 0.00000000 0.00000000 0.00 0.00 0.00 521.00 523.00 523.00 526.00 6 3 17 
19:16:51 62.82 0.00000000 0.00000000 0.00 0.00 0.00 521.00 522.00 524.00 527.00 6 3 17 
19:16:51 63.03 0.00000000 0.00000000 0.00 0.00 0.00 520.00 522.00 522.00 526.00 6 3 17 
19:16:51 63.23 0.00000000 0.00000000 0.00 0.00 0.00 521.00 523.00 523.00 526.00 6 3 17 
19:16:51 63.43 0.00000000 0.00000000 0.00 0.00 0.00 521.00 522.00 523.00 527.00 6 3 17 
19:16:51 63.63 0.00000000 0.00000000 0.00 0.00 0.00 521.00 522.00 523.00 526.00 6 3 17 
19:16:51 63.83 0.00000000 0.00000000 0.00 0.00 0.00 521.00 522.00 524.00 526.00 6 3 17 
19:16:51 64.03 0.00000000 0.00000000 0.00 0.00 0.00 521.00 522.00 522.00 527.00 6 3 17 
19:16:57 64.23 0.00000000 0.00000000 0.00 0.00 0.00 521.00 522.00 522.00 526.00 6 3 17 
19:16:57 64.43 0.00000000 0.00000000 0.00 0.00 0.00 521.00 523.00 523.00 527.00 6 3 17 
19:16:57 64.63 0.00000000 0.00000000 0.00 0.00 0.00 521.00 522.00 523.00 527.00 6 3 17 
19:16:57 64.83 0.00000000 0.00000000 0.00 0.00 0.00 521.00 523.00 523.00 527.00 6 3 17 
19:16:57 65.03 0.00000000 0.00000000 0.00 0.00 0.00 521.00 522.00 523.00 526.00 6 3 17 
19:16:58 65.23 0.00000000 0.00000000 0.00 0.00 0.00 521.00 522.00 523.00 527.00 6 3 17 
19:16:58 65.43 0.00000000 0.00000000 0.00 0.00 0.00 521.00 522.00 522.00 527.00 6 3 17 
19:16:58 65.63 0.00000000 0.00000000 0.00 0.00 0.00 521.00 522.00 523.00 527.00 6 3 17 
19:16:58 65.84 0.00000000 0.00000000 0.00 0.00 0.00 521.00 522.00 523.00 526.00 6 3 17 
19:16:58 66.04 0.00000000 0.00000000 0.00 0.00 0.00 521.00 522.00 522.00 526.00 6 3 17 
19:16:59 66.24 0.00000000 0.00000000 0.00 0.00 0.00 521.00 522.00 523.00 527.00 6 3 17 
19:16:59 66.44 0.00000000 0.00000000 0.00 0.00 0.00 521.00 522.00 523.00 526.00 6 3 17 
19:16:59 66.64 0.00000000 0.00000000 0.00 0.00 0.00 523.00 523.00 523.00 526.00 6 3 17 
19:16:59 66.84 0.00000000 0.00000000 0.00 0.00 0.00 521.00 523.00 523.00 527.00 6 3 17 
19:16:59 67.04 0.00000000 0.00000000 0.00 0.00 0.00 521.00 523.00 523.00 527.00 6 3 17 
19:17:0 67.24 0.00000000 0.00000000 0.00 0.00 0.00 521.00 523.00 524.00 527.00 6 3 17 
19:17:0 67.44 0.00000000 0.00000000 0.00 0.00 0.00 521.00 522.00 523.00 527.00 6 3 17 
19:17:0 67.64 0.00000000 0.00000000 0.00 0.00 0.00 521.00 522.00 523.00 523.00 6 3 17 
19:17:0 67.84 0.00000000 0.00000000 0.00 0.00 0.00 521.00 522.00 523.00 526.00 6 3 17 
19:17:1 68.04 0.00000000 0.00000000 0.00 0.00 0.00 521.00 522.00 524.00 527.00 6 3 17 
19:17:1 68.24 0.00000000 0.00000000 0.00 0.00 0.00 521.00 522.00 523.00 526.00 6 3 17 
19:17:1 68.44 0.00000000 0.00000000 0.00 0.00 0.00 521.00 522.00 523.00 527.00 6 3 17 
19:17:1 68.65 0.00000000 0.00000000 0.00 0.00 0.00 521.00 522.00 523.00 526.00 6 3 17 
19:17:1 68.85 0.00000000 0.00000000 0.00 0.00 0.00 521.00 522.00 521.00 526.00 6 3 17 
19:17:2 69.05 0.00000000 0.00000000 0.00 0.00 0.00 521.00 522.00 523.00 526.00 6 3 17 
19:17:2 69.25 0.00000000 0.00000000 0.00 0.00 0.00 521.00 522.00 523.00 526.00 6 3 17 
19:17:2 69.45 0.00000000 0.00000000 0.00 0.00 0.00 522.00 523.00 523.00 526.00 6 3 17 
19:17:2 69.65 0.00000000 0.00000000 0.00 0.00 0.00 521.00 522.00 523.00 526.00 6 3 17 
19:17:2 69.86 0.00000000 0.00000000 0.00 0.00 0.00 521.00 522.00 523.00 527.00 6 3 17 
19:17:3 70.06 0.00000000 0.00000000 0.00 0.00 0.00 518.00 522.00 522.00 526.00 6 3 17 
19:17:3 70.26 0.00000000 0.00000000 0.00 0.00 0.00 521.00 522.00 523.00 528.00 6 3 17 
19:17:3 70.46 0.00000000 0.00000000 0.00 0.00 0.00 521.00 522.00 523.00 527.00 6 3 17 
19:17:3 70.66 0.00000000 0.00000000 0.00 0.00 0.00 521.00 522.00 523.00 526.00 6 3 17 
19:17:3 70.86 0.00000000 0.00000000 0.00 0.00 0.00 521.00 522.00 523.00 526.00 6 3 17 
19:17:4 71.06 0.00000000 0.00000000 0.00 0.00 0.00 521.00 522.00 524.00 526.00 6 3 17 
19:17:4 71.26 0.00000000 0.00000000 0.00 0.00 0.00 521.00 522.00 523.00 526.00 6 3 17 
19:17:4 71.46 0.00000000 0.00000000 0.00 0.00 0.00 521.00 522.00 524.00 526.00 6 3 17 
19:17:4 71.66 0.00000000 0.00000000 0.00 0.00 0.00 522.00 522.00 523.00 527.00 6 3 17 
19:17:4 71.86 0.00000000 0.00000000 0.00 0.00 0.00 521.00 522.00 523.00 526.00 6 3 17 
19:17:5 72.06 0.00000000 0.00000000 0.00 0.00 0.00 520.00 523.00 522.00 526.00 6 3 17 
19:17:5 72.27 0.00000000 0.00000000 0.00 0.00 0.00 522.00 522.00 523.00 527.00 6 3 17 
19:17:5 72.47 0.00000000 0.00000000 0.00 0.00 0.00 521.00 522.00 523.00 526.00 6 3 17 
19:17:5 72.67 0.00000000 0.00000000 0.00 0.00 0.00 521.00 522.00 523.00 527.00 6 3 17 
19:17:5 72.87 0.00000000 0.00000000 0.00 0.00 0.00 521.00 523.00 523.00 526.00 6 3 17 
19:17:6 73.07 0.00000000 0.00000000 0.00 0.00 0.00 521.00 522.00 523.00 526.00 6 3 17 
19:17:6 73.27 0.00000000 0.00000000 0.00 0.00 0.00 521.00 522.00 523.00 527.00 6 3 17 
19:17:6 73.47 0.00000000 0.00000000 0.00 0.00 0.00 521.00 522.00 523.00 527.00 6 3 17 
19:17:6 73.67 0.00000000 0.00000000 0.00 0.00 0.00 521.00 522.00 523.00 526.00 6 3 17 
19:17:6 73.87 0.00000000 0.00000000 0.00 0.00 0.00 521.00 523.00 523.00 526.00 6 3 17 
19:17:7 74.07 0.00000000 0.00000000 0.00 0.00 0.00 521.00 522.00 523.00 526.00 6 3 17 
19:17:7 74.27 0.00000000 0.00000000 0.00 0.00 0.00 521.00 522.00 523.00 526.00 6 3 17 
19:17:7 74.47 0.00000000 0.00000000 0.00 0.00 0.00 521.00 523.00 523.00 527.00 6 3 17 
19:17:7 74.67 0.00000000 0.00000000 0.00 0.00 0.00 521.00 522.00 523.00 527.00 6 3 17 
19:17:7 74.87 0.00000000 0.00000000 0.00 0.00 0.00 521.00 522.00 523.00 526.00 6 3 17 
19:17:8 75.07 0.00000000 0.00000000 0.00 0.00 0.00 522.00 522.00 523.00 526.00 6 3 17 
19:17:8 75.27 0.00000000 0.00000000 0.00 0.00 0.00 521.00 522.00 523.00 526.00 6 3 17 
19:17:8 75.48 0.00000000 0.00000000 0.00 0.00 0.00 521.00 522.00 523.00 527.00 6 3 17 
19:17:8 75.68 0.00000000 0.00000000 0.00 0.00 0.00 521.00 523.00 523.00 526.00 6 3 17 
19:17:8 75.88 0.00000000 0.00000000 0.00 0.00 0.00 521.00 522.00 523.00 526.00 6 3 17 
19:17:9 76.08 0.00000000 0.00000000 0.00 0.00 0.00 521.00 523.00 522.00 526.00 6 3 17 
19:17:9 76.28 0.00000000 0.00000000 0.00 0.00 0.00 521.00 522.00 523.00 526.00 6 3 17 
19:17:9 76.48 0.00000000 0.00000000 0.00 0.00 0.00 521.00 522.00 523.00 526.00 6 3 17 
19:17:9 76.68 0.00000000 0.00000000 0.00 0.00 0.00 521.00 522.00 524.00 527.00 6 3 17 
19:17:9 76.88 0.00000000 0.00000000 0.00 0.00 0.00 521.00 522.00 524.00 526.00 6 3 17 
19:17:10 77.08 0.00000000 0.00000000 0.00 0.00 0.00 521.00 523.00 523.00 526.00 6 3 17 
19:17:10 77.28 0.00000000 0.00000000 0.00 0.00 0.00 521.00 522.00 523.00 526.00 6 3 17 
19:17:10 77.48 0.00000000 0.00000000 0.00 0.00 0.00 521.00 522.00 523.00 527.00 6 3 17 
19:17:10 77.68 0.00000000 0.00000000 0.00 0.00 0.00 522.00 522.00 523.00 526.00 6 3 17 
19:17:10 77.88 0.00000000 0.00000000 0.00 0.00 0.00 521.00 522.00 523.00 527.00 6 3 17 
19:17:11 78.09 0.00000000 0.00000000 0.00 0.00 0.00 521.00 522.00 523.00 526.00 6 3 17 
19:17:11 78.29 0.00000000 0.00000000 0.00 0.00 0.00 521.00 522.00 521.00 526.00 6 3 17 
19:17:11 78.49 0.00000000 0.00000000 0.00 0.00 0.00 521.00 523.00 523.00 527.00 6 3 17 
19:17:11 78.69 0.00000000 0.00000000 0.00 0.00 0.00 521.00 522.00 523.00 526.00 6 3 17 
19:17:11 78.89 0.00000000 0.00000000 0.00 0.00 0.00 521.00 523.00 523.00 526.00 6 3 17 
19:17:12 79.09 0.00000000 0.00000000 0.00 0.00 0.00 521.00 522.00 522.00 526.00 6 3 17 
19:17:12 79.29 0.00000000 0.00000000 0.00 0.00 0.00 521.00 522.00 523.00 526.00 6 3 17 
19:17:12 79.49 0.00000000 0.00000000 0.00 0.00 0.00 520.00 523.00 523.00 526.00 6 3 17 
19:17:12 79.69 0.00000000 0.00000000 0.00 0.00 0.00 521.00 522.00 523.00 527.00 6 3 17 
19:17:12 79.89 0.00000000 0.00000000 0.00 0.00 0.00 521.00 522.00 523.00 526.00 6 3 17 
19:17:13 80.09 0.00000000 0.00000000 0.00 0.00 0.00 521.00 522.00 523.00 527.00 6 3 17 
19:17:13 80.30 0.00000000 0.00000000 0.00 0.00 0.00 521.00 522.00 523.00 527.00 6 3 17 
19:17:13 80.50 0.00000000 0.00000000 0.00 0.00 0.00 521.00 522.00 523.00 526.00 6 3 17 
19:17:13 80.70 0.00000000 0.00000000 0.00 0.00 0.00 521.00 522.00 523.00 527.00 6 3 17 
19:17:13 80.90 0.00000000 0.00000000 0.00 0.00 0.00 521.00 522.00 523.00 526.00 6 3 17 
19:17:14 81.10 0.00000000 0.00000000 0.00 0.00 0.00 521.00 523.00 523.00 527.00 6 3 17 
19:17:14 81.30 0.00000000 0.00000000 0.00 0.00 0.00 521.00 522.00 523.00 527.00 6 3 17 
19:17:14 81.50 0.00000000 0.00000000 0.00 0.00 0.00 521.00 522.00 523.00 527.00 6 3 17 
19:17:14 81.70 0.00000000 0.00000000 0.00 0.00 0.00 521.00 523.00 523.00 526.00 6 3 17 
19:17:14 81.90 0.00000000 0.00000000 0.00 0.00 0.00 521.00 522.00 522.00 527.00 6 3 17 
19:17:15 82.10 0.00000000 0.00000000 0.00 0.00 0.00 521.00 522.00 523.00 526.00 6 3 17 
19:17:15 82.30 0.00000000 0.00000000 0.00 0.00 0.00 521.00 522.00 523.00 526.00 6 3 17 
19:17:15 82.50 0.00000000 0.00000000 0.00 0.00 0.00 521.00 522.00 523.00 526.00 6 3 17 
19:17:15 82.70 0.00000000 0.00000000 0.00 0.00 0.00 522.00 522.00 522.00 526.00 6 3 17 
19:17:15 82.90 0.00000000 0.00000000 0.00 0.00 0.00 522.00 522.00 522.00 526.00 6 3 17 
19:17:16 83.11 0.00000000 0.00000000 0.00 0.00 0.00 522.00 523.00 523.00 526.00 6 3 17 
19:17:16 83.31 0.00000000 0.00000000 0.00 0.00 0.00 521.00 522.00 523.00 527.00 6 3 17 
19:17:16 83.51 0.00000000 0.00000000 0.00 0.00 0.00 521.00 522.00 522.00 527.00 6 3 17 
19:17:16 83.71 0.00000000 0.00000000 0.00 0.00 0.00 521.00 522.00 522.00 527.00 6 3 17 
19:17:16 83.91 0.00000000 0.00000000 0.00 0.00 0.00 521.00 522.00 522.00 527.00 6 3 17 
19:17:17 84.11 0.00000000 0.00000000 0.00 0.00 0.00 521.00 522.00 523.00 525.00 6 3 17 
19:17:17 84.31 0.00000000 0.00000000 0.00 0.00 0.00 521.00 522.00 523.00 526.00 6 3 17 
19:17:17 84.51 0.00000000 0.00000000 0.00 0.00 0.00 521.00 522.00 523.00 526.00 6 3 17 
19:17:17 84.71 0.00000000 0.00000000 0.00 0.00 0.00 521.00 522.00 523.00 527.00 6 3 17 
19:17:17 84.91 0.00000000 0.00000000 0.00 0.00 0.00 521.00 522.00 523.00 526.00 6 3 17 
19:17:18 85.11 0.00000000 0.00000000 0.00 0.00 0.00 521.00 522.00 523.00 527.00 6 3 17 
19:17:18 85.31 0.00000000 0.00000000 0.00 0.00 0.00 521.00 520.00 522.00 526.00 6 3 17 
19:17:18 85.51 0.00000000 0.00000000 0.00 0.00 0.00 522.00 522.00 522.00 526.00 6 3 17 
19:17:18 85.71 0.00000000 0.00000000 0.00 0.00 0.00 521.00 522.00 523.00 526.00 6 3 17 
19:17:18 85.91 0.00000000 0.00000000 0.00 0.00 0.00 521.00 522.00 523.00 527.00 6 3 17 
19:17:19 86.12 0.00000000 0.00000000 0.00 0.00 0.00 521.00 522.00 523.00 526.00 6 3 17 
19:17:19 86.32 0.00000000 0.00000000 0.00 0.00 0.00 521.00 523.00 523.00 526.00 6 3 17 
19:17:19 86.52 0.00000000 0.00000000 0.00 0.00 0.00 521.00 522.00 522.00 526.00 6 3 17 
19:17:19 86.72 0.00000000 0.00000000 0.00 0.00 0.00 521.00 522.00 523.00 526.00 6 3 17 
19:17:19 86.92 0.00000000 0.00000000 0.00 0.00 0.00 521.00 522.00 523.00 526.00 6 3 17 
19:17:20 87.12 0.00000000 0.00000000 0.00 0.00 0.00 521.00 522.00 523.00 526.00 6 3 17 
19:17:20 87.32 0.00000000 0.00000000 0.00 0.00 0.00 521.00 522.00 523.00 526.00 6 3 17 
19:17:20 87.52 0.00000000 0.00000000 0.00 0.00 0.00 521.00 522.00 524.00 526.00 6 3 17 
19:17:20 87.72 0.00000000 0.00000000 0.00 0.00 0.00 521.00 522.00 523.00 526.00 6 3 17 
19:17:20 87.92 0.00000000 0.00000000 0.00 0.00 0.00 521.00 523.00 523.00 527.00 6 3 17 
19:17:21 88.12 0.00000000 0.00000000 0.00 0.00 0.00 521.00 522.00 524.00 527.00 6 3 17 
19:17:21 88.33 0.00000000 0.00000000 0.00 0.00 0.00 521.00 522.00 522.00 527.00 6 3 17 
19:17:21 88.53 0.00000000 0.00000000 0.00 0.00 0.00 521.00 522.00 523.00 527.00 6 3 17 
19:17:21 88.73 0.00000000 0.00000000 0.00 0.00 0.00 521.00 522.00 523.00 527.00 6 3 17 
19:17:21 88.93 0.00000000 0.00000000 0.00 0.00 0.00 521.00 522.00 522.00 527.00 6 3 17 
19:17:22 89.13 0.00000000 0.00000000 0.00 0.00 0.00 521.00 522.00 523.00 527.00 6 3 17 
19:17:22 89.33 0.00000000 0.00000000 0.00 0.00 0.00 521.00 523.00 523.00 527.00 6 3 17 
19:17:22 89.53 0.00000000 0.00000000 0.00 0.00 0.00 521.00 522.00 523.00 526.00 6 3 17 
19:17:22 89.73 0.00000000 0.00000000 0.00 0.00 0.00 521.00 522.00 523.00 527.00 6 3 17 
19:17:22 89.93 0.00000000 0.00000000 0.00 0.00 0.00 521.00 522.00 523.00 527.00 6 3 17 
19:17:23 90.13 0.00000000 0.00000000 0.00 0.00 0.00 521.00 523.00 523.00 526.00 6 3 17 
19:17:23 90.33 0.00000000 0.00000000 0.00 0.00 0.00 521.00 522.00 523.00 527.00 6 3 17 
