0:0:0 0.36 0.00000000 0.00000000 0.00 0.00 0.00 511.00 507.00 523.00 508.00 0 0 0 
0:0:0 0.56 0.00000000 0.00000000 0.00 0.00 0.00 510.00 507.00 522.00 508.00 0 0 0 
0:0:0 0.76 0.00000000 0.00000000 0.00 0.00 0.00 510.00 507.00 522.00 506.00 0 0 0 
0:0:0 0.96 0.00000000 0.00000000 0.00 0.00 0.00 511.00 507.00 522.00 507.00 0 0 0 
18:57:8 1.16 0.00000000 0.00000000 0.00 0.00 0.00 511.00 508.00 522.00 506.00 9 1 80 
18:57:8 1.37 0.00000000 0.00000000 0.00 0.00 0.00 511.00 507.00 523.00 503.00 9 1 80 
18:57:8 1.57 0.00000000 0.00000000 0.00 0.00 0.00 511.00 508.00 522.00 503.00 9 1 80 
18:57:8 1.77 0.00000000 0.00000000 0.00 0.00 0.00 511.00 508.00 522.00 505.00 9 1 80 
18:57:8 1.97 0.00000000 0.00000000 0.00 0.00 0.00 512.00 508.00 523.00 509.00 9 1 80 
18:57:9 2.17 0.00000000 0.00000000 0.00 0.00 0.00 512.00 508.00 524.00 510.00 9 1 80 
18:57:9 2.37 0.00000000 0.00000000 0.00 0.00 0.00 512.00 508.00 523.00 510.00 9 1 80 
18:57:9 2.57 0.00000000 0.00000000 0.00 0.00 0.00 512.00 508.00 523.00 510.00 9 1 80 
18:57:9 2.77 0.00000000 0.00000000 0.00 0.00 0.00 512.00 508.00 523.00 510.00 9 1 80 
18:57:9 2.98 0.00000000 0.00000000 0.00 0.00 0.00 512.00 508.00 523.00 510.00 9 1 80 
18:57:10 3.18 0.00000000 0.00000000 0.00 0.00 0.00 512.00 508.00 523.00 510.00 9 1 80 
18:57:10 3.38 0.00000000 0.00000000 0.00 0.00 0.00 512.00 508.00 523.00 510.00 9 1 80 
18:57:10 3.58 0.00000000 0.00000000 0.00 0.00 0.00 511.00 508.00 524.00 509.00 9 1 80 
18:57:10 3.78 0.00000000 0.00000000 0.00 0.00 0.00 512.00 508.00 523.00 509.00 9 1 80 
18:57:10 3.98 0.00000000 0.00000000 0.00 0.00 0.00 512.00 508.00 524.00 509.00 9 1 80 
18:57:11 4.18 0.00000000 0.00000000 0.00 0.00 0.00 512.00 508.00 524.00 508.00 9 1 80 
18:57:11 4.38 0.00000000 0.00000000 0.00 0.00 0.00 512.00 508.00 523.00 507.00 9 1 80 
18:57:11 4.58 0.00000000 0.00000000 0.00 0.00 0.00 512.00 508.00 523.00 508.00 9 1 80 
18:57:11 4.78 0.00000000 0.00000000 0.00 0.00 0.00 512.00 508.00 523.00 508.00 9 1 80 
18:57:11 4.98 0.00000000 0.00000000 0.00 0.00 0.00 512.00 508.00 524.00 508.00 9 1 80 
18:57:12 5.19 0.00000000 0.00000000 0.00 0.00 0.00 512.00 508.00 523.00 506.00 9 1 80 
18:57:12 5.39 0.00000000 0.00000000 0.00 0.00 0.00 511.00 508.00 523.00 505.00 9 1 80 
18:57:12 5.59 0.00000000 0.00000000 0.00 0.00 0.00 512.00 508.00 523.00 506.00 9 1 80 
18:57:12 5.79 0.00000000 0.00000000 0.00 0.00 0.00 512.00 508.00 523.00 507.00 9 1 80 
18:57:12 5.99 0.00000000 0.00000000 0.00 0.00 0.00 512.00 508.00 523.00 506.00 9 1 80 
18:57:13 6.19 0.00000000 0.00000000 0.00 0.00 0.00 511.00 508.00 522.00 506.00 9 1 80 
18:57:13 6.39 0.00000000 0.00000000 0.00 0.00 0.00 512.00 508.00 523.00 506.00 9 1 80 
18:57:13 6.59 0.00000000 0.00000000 0.00 0.00 0.00 512.00 508.00 524.00 504.00 9 1 80 
18:57:13 6.79 0.00000000 0.00000000 0.00 0.00 0.00 512.00 508.00 523.00 504.00 9 1 80 
18:57:13 6.99 0.00000000 0.00000000 0.00 0.00 0.00 512.00 508.00 524.00 505.00 9 1 80 
18:57:14 7.19 0.00000000 0.00000000 90180.00 0.00 0.00 512.00 508.00 524.00 506.00 9 1 80 
18:57:14 7.39 0.00000000 0.00000000 90180.00 0.00 0.00 512.00 508.00 524.00 506.00 9 1 80 
18:57:14 7.59 0.00000000 0.00000000 90180.00 0.00 0.00 512.00 508.00 524.00 506.00 9 1 80 
18:57:14 7.79 0.00000000 0.00000000 90180.00 0.00 0.00 512.00 508.00 524.00 505.00 9 1 80 
18:57:14 7.99 0.00000000 0.00000000 90180.00 0.00 0.00 513.00 509.00 524.00 505.00 9 1 80 
18:57:15 8.19 0.00000000 0.00000000 90180.00 0.00 0.00 512.00 508.00 524.00 505.00 9 1 80 
18:57:15 8.40 0.00000000 0.00000000 90180.00 0.00 0.00 512.00 509.00 524.00 505.00 9 1 80 
18:57:15 8.60 0.00000000 0.00000000 90180.00 0.00 0.00 512.00 509.00 524.00 506.00 9 1 80 
18:57:15 8.80 0.00000000 0.00000000 90180.00 0.00 0.00 512.00 508.00 524.00 507.00 9 1 80 
18:57:15 9.00 0.00000000 0.00000000 90180.00 0.00 0.00 512.00 509.00 524.00 508.00 9 1 80 
18:57:15 9.20 0.00000000 0.00000000 90180.00 0.00 0.00 512.00 509.00 524.00 509.00 9 1 80 
18:57:15 9.40 0.00000000 0.00000000 90180.00 0.00 0.00 512.00 508.00 524.00 510.00 9 1 80 
18:57:15 9.60 0.00000000 0.00000000 90180.00 0.00 0.00 512.00 508.00 524.00 509.00 9 1 80 
18:57:15 9.80 0.00000000 0.00000000 90180.00 0.00 0.00 512.00 509.00 524.00 510.00 9 1 80 
18:57:15 10.00 0.00000000 0.00000000 90180.00 0.00 0.00 513.00 509.00 524.00 511.00 9 1 80 
18:57:15 10.20 0.00000000 0.00000000 90180.00 0.00 0.00 512.00 509.00 524.00 510.00 9 1 80 
18:57:15 10.40 0.00000000 0.00000000 90180.00 0.00 0.00 512.00 509.00 524.00 510.00 9 1 80 
18:57:15 10.60 0.00000000 0.00000000 90180.00 0.00 0.00 512.00 509.00 524.00 510.00 9 1 80 
18:57:15 10.80 0.00000000 0.00000000 90180.00 0.00 0.00 512.00 509.00 524.00 511.00 9 1 80 
18:57:15 11.00 0.00000000 0.00000000 90180.00 0.00 0.00 512.00 509.00 524.00 510.00 9 1 80 
18:57:15 11.20 0.00000000 0.00000000 90180.00 0.00 0.00 512.00 509.00 524.00 510.00 9 1 80 
18:57:15 11.40 0.00000000 0.00000000 90180.00 0.00 0.00 512.00 510.00 524.00 510.00 9 1 80 
18:57:15 11.61 0.00000000 0.00000000 90180.00 0.00 0.00 512.00 510.00 524.00 510.00 9 1 80 
18:57:15 11.81 0.00000000 0.00000000 90180.00 0.00 0.00 512.00 509.00 524.00 509.00 9 1 80 
18:57:15 12.01 0.00000000 0.00000000 90180.00 0.00 0.00 512.00 510.00 524.00 507.00 9 1 80 
18:57:15 12.21 0.00000000 0.00000000 90180.00 0.00 0.00 512.00 510.00 524.00 506.00 9 1 80 
18:57:15 12.41 0.00000000 0.00000000 90180.00 0.00 0.00 512.00 510.00 524.00 501.00 9 1 80 
18:57:15 12.61 0.00000000 0.00000000 90180.00 0.00 0.00 512.00 510.00 524.00 497.00 9 1 80 
18:57:15 12.81 0.00000000 0.00000000 90180.00 0.00 0.00 512.00 510.00 524.00 497.00 9 1 80 
18:57:15 13.01 0.00000000 0.00000000 90180.00 0.00 0.00 512.00 510.00 524.00 497.00 9 1 80 
18:57:15 13.21 0.00000000 0.00000000 90180.00 0.00 0.00 513.00 510.00 524.00 497.00 9 1 80 
18:57:20 13.41 0.00000000 0.00000000 0.00 0.00 0.00 513.00 510.00 524.00 501.00 1 3 17 
18:57:20 13.61 0.00000000 0.00000000 0.00 0.00 0.00 512.00 510.00 524.00 502.00 1 3 17 
18:57:20 13.81 0.00000000 0.00000000 0.00 0.00 0.00 512.00 510.00 524.00 502.00 1 3 17 
18:57:21 14.02 0.00000000 0.00000000 0.00 0.00 0.00 512.00 510.00 524.00 503.00 1 3 17 
18:57:21 14.22 0.00000000 0.00000000 0.00 0.00 0.00 513.00 510.00 524.00 506.00 1 3 17 
18:57:21 14.42 0.00000000 0.00000000 0.00 0.00 0.00 512.00 510.00 524.00 506.00 1 3 17 
18:57:21 14.62 0.00000000 0.00000000 0.00 0.00 0.00 512.00 510.00 524.00 506.00 1 3 17 
18:57:21 14.82 0.00000000 0.00000000 0.00 0.00 0.00 512.00 510.00 524.00 506.00 1 3 17 
18:57:22 15.02 0.00000000 0.00000000 0.00 0.00 0.00 512.00 510.00 524.00 507.00 1 3 17 
18:57:22 15.22 0.00000000 0.00000000 0.00 0.00 0.00 512.00 510.00 524.00 507.00 1 3 17 
18:57:22 15.42 0.00000000 0.00000000 0.00 0.00 0.00 513.00 510.00 524.00 506.00 1 3 17 
18:57:22 15.62 0.00000000 0.00000000 0.00 0.00 0.00 513.00 510.00 524.00 507.00 1 3 17 
18:57:22 15.82 0.00000000 0.00000000 0.00 0.00 0.00 513.00 510.00 524.00 506.00 1 3 17 
18:57:23 16.02 0.00000000 0.00000000 0.00 0.00 0.00 512.00 510.00 524.00 506.00 1 3 17 
18:57:23 16.22 0.00000000 0.00000000 0.00 0.00 0.00 513.00 510.00 525.00 505.00 1 3 17 
18:57:23 16.42 0.00000000 0.00000000 0.00 0.00 0.00 512.00 510.00 525.00 506.00 1 3 17 
18:57:23 16.63 0.00000000 0.00000000 0.00 0.00 0.00 513.00 510.00 524.00 505.00 1 3 17 
18:57:23 16.83 0.00000000 0.00000000 0.00 0.00 0.00 512.00 510.00 524.00 505.00 1 3 17 
18:57:24 17.03 0.00000000 0.00000000 0.00 0.00 0.00 512.00 510.00 524.00 505.00 1 3 17 
18:57:24 17.23 0.00000000 0.00000000 0.00 0.00 0.00 513.00 510.00 524.00 505.00 1 3 17 
18:57:24 17.43 0.00000000 0.00000000 0.00 0.00 0.00 512.00 510.00 524.00 504.00 1 3 17 
18:57:24 17.63 0.00000000 0.00000000 0.00 0.00 0.00 512.00 510.00 523.00 504.00 1 3 17 
18:57:24 17.83 0.00000000 0.00000000 0.00 0.00 0.00 512.00 510.00 524.00 504.00 1 3 17 
18:57:25 18.03 0.00000000 0.00000000 0.00 0.00 0.00 512.00 510.00 524.00 505.00 1 3 17 
18:57:25 18.23 0.00000000 0.00000000 0.00 0.00 0.00 512.00 510.00 524.00 505.00 1 3 17 
18:57:25 18.44 0.00000000 0.00000000 0.00 0.00 0.00 512.00 510.00 524.00 505.00 1 3 17 
18:57:25 18.64 0.00000000 0.00000000 0.00 0.00 0.00 512.00 510.00 524.00 505.00 1 3 17 
18:57:25 18.84 0.00000000 0.00000000 0.00 0.00 0.00 512.00 510.00 524.00 506.00 1 3 17 
18:57:26 19.04 0.00000000 0.00000000 0.00 0.00 0.00 511.00 509.00 523.00 505.00 1 3 17 
18:57:26 19.24 0.00000000 0.00000000 0.00 0.00 0.00 512.00 509.00 524.00 505.00 1 3 17 
18:57:26 19.44 0.00000000 0.00000000 0.00 0.00 0.00 512.00 509.00 524.00 505.00 1 3 17 
18:57:26 19.64 0.00000000 0.00000000 0.00 0.00 0.00 512.00 509.00 524.00 505.00 1 3 17 
18:57:26 19.84 0.00000000 0.00000000 0.00 0.00 0.00 511.00 509.00 524.00 505.00 1 3 17 
18:57:27 20.04 0.00000000 0.00000000 0.00 0.00 0.00 511.00 509.00 523.00 504.00 1 3 17 
18:57:27 20.25 0.00000000 0.00000000 0.00 0.00 0.00 512.00 509.00 523.00 504.00 1 3 17 
18:57:27 20.45 0.00000000 0.00000000 0.00 0.00 0.00 511.00 509.00 524.00 505.00 1 3 17 
18:57:27 20.65 0.00000000 0.00000000 0.00 0.00 0.00 511.00 509.00 523.00 504.00 1 3 17 
18:57:27 20.85 0.00000000 0.00000000 0.00 0.00 0.00 511.00 509.00 523.00 504.00 1 3 17 
18:57:28 21.05 0.00000000 0.00000000 0.00 0.00 0.00 511.00 509.00 523.00 504.00 1 3 17 
18:57:28 21.25 0.00000000 0.00000000 0.00 0.00 0.00 511.00 509.00 523.00 503.00 1 3 17 
18:57:28 21.45 0.00000000 0.00000000 0.00 0.00 0.00 512.00 509.00 523.00 503.00 1 3 17 
18:57:28 21.65 0.00000000 0.00000000 0.00 0.00 0.00 511.00 508.00 523.00 503.00 1 3 17 
18:57:28 21.85 0.00000000 0.00000000 0.00 0.00 0.00 512.00 508.00 523.00 503.00 1 3 17 
18:57:29 22.05 0.00000000 0.00000000 0.00 0.00 0.00 512.00 509.00 524.00 503.00 1 3 17 
18:57:29 22.25 0.00000000 0.00000000 0.00 0.00 0.00 511.00 509.00 524.00 503.00 1 3 17 
18:57:29 22.46 0.00000000 0.00000000 0.00 0.00 0.00 511.00 508.00 523.00 502.00 1 3 17 
18:57:29 22.66 0.00000000 0.00000000 0.00 0.00 0.00 511.00 509.00 523.00 502.00 1 3 17 
18:57:29 22.86 0.00000000 0.00000000 0.00 0.00 0.00 511.00 509.00 523.00 501.00 1 3 17 
18:57:30 23.06 0.00000000 0.00000000 0.00 0.00 0.00 511.00 509.00 523.00 501.00 1 3 17 
18:57:30 23.26 0.00000000 0.00000000 0.00 0.00 0.00 512.00 509.00 524.00 501.00 1 3 17 
18:57:30 23.46 0.00000000 0.00000000 0.00 0.00 0.00 511.00 509.00 524.00 500.00 1 3 17 
18:57:30 23.66 0.00000000 0.00000000 0.00 0.00 0.00 511.00 509.00 524.00 502.00 1 3 17 
18:57:30 23.86 0.00000000 0.00000000 0.00 0.00 0.00 512.00 509.00 524.00 502.00 1 3 17 
18:57:31 24.06 0.00000000 0.00000000 0.00 0.00 0.00 511.00 509.00 524.00 502.00 1 3 17 
18:57:31 24.26 0.00000000 0.00000000 0.00 0.00 0.00 512.00 509.00 524.00 502.00 1 3 17 
18:57:31 24.47 0.00000000 0.00000000 0.00 0.00 0.00 512.00 509.00 524.00 502.00 1 3 17 
18:57:31 24.67 0.00000000 0.00000000 0.00 0.00 0.00 512.00 508.00 524.00 501.00 1 3 17 
18:57:31 24.87 0.00000000 0.00000000 0.00 0.00 0.00 512.00 508.00 524.00 500.00 1 3 17 
18:57:32 25.07 0.00000000 0.00000000 0.00 0.00 0.00 512.00 509.00 524.00 499.00 1 3 17 
18:57:32 25.27 0.00000000 0.00000000 0.00 0.00 0.00 512.00 509.00 524.00 502.00 1 3 17 
18:57:32 25.47 0.00000000 0.00000000 0.00 0.00 0.00 512.00 508.00 524.00 503.00 1 3 17 
18:57:32 25.67 0.00000000 0.00000000 0.00 0.00 0.00 512.00 508.00 524.00 504.00 1 3 17 
18:57:32 25.87 0.00000000 0.00000000 0.00 0.00 0.00 512.00 508.00 524.00 505.00 1 3 17 
18:57:33 26.07 0.00000000 0.00000000 0.00 0.00 0.00 513.00 509.00 524.00 506.00 1 3 17 
18:57:33 26.28 0.00000000 0.00000000 0.00 0.00 0.00 512.00 508.00 524.00 506.00 1 3 17 
18:57:33 26.48 0.00000000 0.00000000 0.00 0.00 0.00 512.00 508.00 524.00 505.00 1 3 17 
18:57:33 26.68 0.00000000 0.00000000 0.00 0.00 0.00 513.00 508.00 524.00 506.00 1 3 17 
18:57:33 26.88 0.00000000 0.00000000 0.00 0.00 0.00 512.00 508.00 524.00 507.00 1 3 17 
18:57:34 27.08 0.00000000 0.00000000 0.00 0.00 0.00 512.00 509.00 524.00 507.00 1 3 17 
18:57:34 27.28 0.00000000 0.00000000 0.00 0.00 0.00 512.00 508.00 524.00 507.00 1 3 17 
18:57:34 27.48 0.00000000 0.00000000 0.00 0.00 0.00 512.00 508.00 524.00 507.00 1 3 17 
18:57:34 27.68 0.00000000 0.00000000 0.00 0.00 0.00 512.00 508.00 524.00 506.00 1 3 17 
18:57:34 27.88 0.00000000 0.00000000 0.00 0.00 0.00 512.00 509.00 524.00 507.00 1 3 17 
18:57:34 28.09 0.00000000 0.00000000 0.00 0.00 0.00 512.00 508.00 524.00 507.00 1 3 17 
18:57:35 28.29 0.00000000 0.00000000 0.00 0.00 0.00 512.00 509.00 524.00 507.00 1 3 17 
18:57:35 28.49 0.00000000 0.00000000 0.00 0.00 0.00 512.00 508.00 524.00 507.00 1 3 17 
18:57:35 28.69 0.00000000 0.00000000 0.00 0.00 0.00 512.00 508.00 524.00 507.00 1 3 17 
18:57:35 28.89 0.00000000 0.00000000 0.00 0.00 0.00 512.00 508.00 524.00 507.00 1 3 17 
18:57:35 29.09 0.00000000 0.00000000 0.00 0.00 0.00 512.00 508.00 524.00 507.00 1 3 17 
18:57:35 29.29 0.00000000 0.00000000 0.00 0.00 0.00 512.00 508.00 524.00 507.00 1 3 17 
18:57:35 29.50 0.00000000 0.00000000 0.00 0.00 0.00 512.00 508.00 524.00 507.00 1 3 17 
18:57:35 29.70 0.00000000 0.00000000 0.00 0.00 0.00 512.00 508.00 525.00 507.00 1 3 17 
18:57:35 29.90 0.00000000 0.00000000 0.00 0.00 0.00 512.00 509.00 524.00 508.00 1 3 17 
18:57:35 30.10 0.00000000 0.00000000 0.00 0.00 0.00 512.00 508.00 524.00 507.00 1 3 17 
18:57:35 30.30 0.00000000 0.00000000 0.00 0.00 0.00 512.00 509.00 525.00 507.00 1 3 17 
18:57:35 30.50 0.00000000 0.00000000 0.00 0.00 0.00 512.00 509.00 524.00 506.00 1 3 17 
18:57:35 30.70 0.00000000 0.00000000 0.00 0.00 0.00 513.00 508.00 524.00 506.00 1 3 17 
18:57:35 30.90 0.00000000 0.00000000 0.00 0.00 0.00 512.00 508.00 524.00 506.00 1 3 17 
18:57:35 31.10 0.00000000 0.00000000 0.00 0.00 0.00 512.00 508.00 524.00 506.00 1 3 17 
18:57:35 31.31 0.00000000 0.00000000 0.00 0.00 0.00 512.00 509.00 524.00 505.00 1 3 17 
18:57:35 31.51 0.00000000 0.00000000 0.00 0.00 0.00 512.00 508.00 524.00 505.00 1 3 17 
18:57:35 31.71 0.00000000 0.00000000 0.00 0.00 0.00 512.00 508.00 524.00 503.00 1 3 17 
18:57:35 31.91 0.00000000 0.00000000 0.00 0.00 0.00 513.00 508.00 524.00 504.00 1 3 17 
18:57:35 32.11 0.00000000 0.00000000 0.00 0.00 0.00 512.00 508.00 524.00 504.00 1 3 17 
18:57:39 32.31 0.00000000 0.00000000 0.00 0.00 0.00 512.00 508.00 524.00 504.00 1 3 17 
18:57:39 32.51 0.00000000 0.00000000 0.00 0.00 0.00 512.00 508.00 524.00 504.00 1 3 17 
18:57:39 32.71 0.00000000 0.00000000 0.00 0.00 0.00 512.00 508.00 524.00 505.00 1 3 17 
18:57:39 32.92 0.00000000 0.00000000 0.00 0.00 0.00 512.00 507.00 524.00 505.00 1 3 17 
18:57:39 33.12 0.00000000 0.00000000 0.00 0.00 0.00 512.00 507.00 524.00 505.00 1 3 17 
18:57:40 33.32 0.00000000 0.00000000 0.00 0.00 0.00 512.00 507.00 524.00 505.00 1 3 17 
18:57:40 33.52 0.00000000 0.00000000 0.00 0.00 0.00 512.00 507.00 524.00 504.00 1 3 17 
18:57:40 33.72 0.00000000 0.00000000 0.00 0.00 0.00 512.00 508.00 524.00 504.00 1 3 17 
18:57:40 33.92 0.00000000 0.00000000 0.00 0.00 0.00 512.00 508.00 524.00 504.00 1 3 17 
18:57:40 34.12 0.00000000 0.00000000 0.00 0.00 0.00 512.00 506.00 524.00 503.00 1 3 17 
18:57:40 34.32 0.00000000 0.00000000 0.00 0.00 0.00 512.00 506.00 524.00 503.00 1 3 17 
18:57:40 34.52 0.00000000 0.00000000 0.00 0.00 0.00 512.00 506.00 524.00 502.00 1 3 17 
18:57:40 34.72 0.00000000 0.00000000 0.00 0.00 0.00 516.00 507.00 524.00 503.00 1 3 17 
18:57:40 34.93 0.00000000 0.00000000 0.00 0.00 0.00 516.00 507.00 524.00 503.00 1 3 17 
18:57:40 35.13 0.00000000 0.00000000 0.00 0.00 0.00 515.00 506.00 524.00 503.00 1 3 17 
18:57:42 35.33 0.00000000 0.00000000 0.00 0.00 0.00 507.00 507.00 524.00 503.00 1 3 17 
18:57:42 35.53 0.00000000 0.00000000 0.00 0.00 0.00 509.00 506.00 524.00 503.00 1 3 17 
18:57:42 35.73 0.00000000 0.00000000 0.00 0.00 0.00 509.00 506.00 524.00 503.00 1 3 17 
18:57:42 35.93 0.00000000 0.00000000 0.00 0.00 0.00 509.00 507.00 524.00 503.00 1 3 17 
18:57:43 36.13 0.00000000 0.00000000 0.00 0.00 0.00 509.00 506.00 524.00 502.00 1 3 17 
18:57:43 36.34 0.00000000 0.00000000 0.00 0.00 0.00 510.00 506.00 524.00 501.00 1 3 17 
18:57:43 36.54 0.00000000 0.00000000 0.00 0.00 0.00 509.00 507.00 524.00 503.00 1 3 17 
18:57:43 36.74 0.00000000 0.00000000 0.00 0.00 0.00 510.00 506.00 524.00 502.00 1 3 17 
18:57:43 36.94 0.00000000 0.00000000 0.00 0.00 0.00 510.00 506.00 524.00 502.00 1 3 17 
18:57:44 37.14 0.00000000 0.00000000 0.00 0.00 0.00 510.00 506.00 524.00 501.00 1 3 17 
18:57:44 37.34 0.00000000 0.00000000 0.00 0.00 0.00 510.00 505.00 524.00 502.00 1 3 17 
18:57:44 37.54 0.00000000 0.00000000 0.00 0.00 0.00 510.00 505.00 524.00 502.00 1 3 17 
18:57:44 37.74 0.00000000 0.00000000 0.00 0.00 0.00 510.00 505.00 524.00 502.00 1 3 17 
18:57:44 37.94 0.00000000 0.00000000 0.00 0.00 0.00 510.00 505.00 524.00 502.00 1 3 17 
18:57:45 38.14 0.00000000 0.00000000 0.00 0.00 0.00 510.00 505.00 524.00 501.00 1 3 17 
18:57:45 38.35 0.00000000 0.00000000 0.00 0.00 0.00 510.00 505.00 524.00 499.00 1 3 17 
18:57:45 38.55 0.00000000 0.00000000 0.00 0.00 0.00 510.00 505.00 524.00 501.00 1 3 17 
18:57:45 38.75 0.00000000 0.00000000 0.00 0.00 0.00 510.00 505.00 524.00 501.00 1 3 17 
18:57:45 38.95 0.00000000 0.00000000 0.00 0.00 0.00 510.00 505.00 524.00 500.00 1 3 17 
18:57:46 39.15 0.00000000 0.00000000 0.00 0.00 0.00 511.00 505.00 524.00 498.00 1 3 17 
18:57:46 39.35 0.00000000 0.00000000 0.00 0.00 0.00 511.00 505.00 524.00 499.00 1 3 17 
18:57:46 39.55 0.00000000 0.00000000 0.00 0.00 0.00 511.00 505.00 524.00 501.00 1 3 17 
18:57:46 39.75 0.00000000 0.00000000 0.00 0.00 0.00 511.00 505.00 524.00 500.00 1 3 17 
18:57:46 39.95 0.00000000 0.00000000 0.00 0.00 0.00 511.00 505.00 524.00 501.00 1 3 17 
18:57:47 40.16 0.00000000 0.00000000 0.00 0.00 0.00 515.00 504.00 524.00 500.00 1 3 17 
18:57:47 40.36 0.00000000 0.00000000 0.00 0.00 0.00 516.00 504.00 524.00 501.00 1 3 17 
18:57:47 40.56 0.00000000 0.00000000 0.00 0.00 0.00 518.00 503.00 524.00 501.00 1 3 17 
18:57:47 40.76 0.00000000 0.00000000 0.00 0.00 0.00 520.00 501.00 524.00 500.00 1 3 17 
18:57:47 40.96 0.00000000 0.00000000 0.00 0.00 0.00 521.00 501.00 524.00 501.00 1 3 17 
18:57:48 41.16 0.00000000 0.00000000 0.00 0.00 0.00 522.00 502.00 524.00 501.00 1 3 17 
18:57:48 41.36 0.00000000 0.00000000 0.00 0.00 0.00 521.00 502.00 525.00 501.00 1 3 17 
18:57:48 41.56 0.00000000 0.00000000 0.00 0.00 0.00 521.00 503.00 524.00 501.00 1 3 17 
18:57:48 41.76 0.00000000 0.00000000 0.00 0.00 0.00 521.00 503.00 525.00 500.00 1 3 17 
18:57:48 41.97 0.00000000 0.00000000 0.00 0.00 0.00 521.00 503.00 524.00 500.00 1 3 17 
18:57:49 42.17 0.00000000 0.00000000 0.00 0.00 0.00 521.00 503.00 524.00 500.00 1 3 17 
18:57:49 42.37 0.00000000 0.00000000 0.00 0.00 0.00 521.00 503.00 524.00 500.00 1 3 17 
18:57:49 42.57 0.00000000 0.00000000 0.00 0.00 0.00 521.00 503.00 524.00 500.00 1 3 17 
18:57:49 42.77 0.00000000 0.00000000 0.00 0.00 0.00 521.00 502.00 524.00 500.00 1 3 17 
18:57:49 42.97 0.00000000 0.00000000 0.00 0.00 0.00 521.00 502.00 525.00 500.00 1 3 17 
18:57:50 43.17 0.00000000 0.00000000 0.00 0.00 0.00 521.00 502.00 525.00 500.00 1 3 17 
18:57:50 43.37 0.00000000 0.00000000 0.00 0.00 0.00 521.00 502.00 524.00 500.00 1 3 17 
18:57:50 43.57 0.00000000 0.00000000 0.00 0.00 0.00 521.00 502.00 524.00 500.00 1 3 17 
18:57:50 43.78 0.00000000 0.00000000 0.00 0.00 0.00 521.00 502.00 524.00 501.00 1 3 17 
18:57:50 43.98 0.00000000 0.00000000 0.00 0.00 0.00 522.00 502.00 525.00 503.00 1 3 17 
18:57:51 44.18 0.00000000 0.00000000 0.00 0.00 0.00 521.00 502.00 525.00 504.00 1 3 17 
18:57:51 44.38 0.00000000 0.00000000 0.00 0.00 0.00 521.00 502.00 525.00 504.00 1 3 17 
18:57:51 44.58 0.00000000 0.00000000 0.00 0.00 0.00 521.00 503.00 525.00 504.00 1 3 17 
18:57:51 44.78 0.00000000 0.00000000 0.00 0.00 0.00 519.00 502.00 525.00 504.00 1 3 17 
18:57:51 44.98 0.00000000 0.00000000 0.00 0.00 0.00 521.00 502.00 525.00 504.00 1 3 17 
18:57:52 45.18 0.00000000 0.00000000 0.00 0.00 0.00 520.00 502.00 525.00 503.00 1 3 17 
18:57:52 45.38 0.00000000 0.00000000 0.00 0.00 0.00 522.00 502.00 524.00 504.00 1 3 17 
18:57:52 45.59 0.00000000 0.00000000 0.00 0.00 0.00 523.00 502.00 524.00 504.00 1 3 17 
18:57:52 45.79 0.00000000 0.00000000 0.00 0.00 0.00 523.00 502.00 525.00 504.00 1 3 17 
18:57:52 45.99 0.00000000 0.00000000 0.00 0.00 0.00 523.00 502.00 524.00 504.00 1 3 17 
18:57:53 46.19 0.00000000 0.00000000 0.00 0.00 0.00 523.00 501.00 525.00 505.00 1 3 17 
18:57:53 46.39 0.00000000 0.00000000 0.00 0.00 0.00 523.00 502.00 524.00 505.00 1 3 17 
18:57:53 46.59 0.00000000 0.00000000 0.00 0.00 0.00 522.00 503.00 524.00 506.00 1 3 17 
18:57:53 46.79 0.00000000 0.00000000 0.00 0.00 0.00 525.00 503.00 525.00 506.00 1 3 17 
18:57:53 46.99 0.00000000 0.00000000 0.00 0.00 0.00 523.00 503.00 525.00 506.00 1 3 17 
18:57:54 47.20 0.00000000 0.00000000 0.00 0.00 0.00 524.00 503.00 525.00 506.00 1 3 17 
18:57:54 47.40 0.00000000 0.00000000 0.00 0.00 0.00 524.00 503.00 525.00 506.00 1 3 17 
18:57:54 47.60 0.00000000 0.00000000 0.00 0.00 0.00 525.00 503.00 525.00 506.00 1 3 17 
18:57:54 47.80 0.00000000 0.00000000 0.00 0.00 0.00 524.00 503.00 525.00 505.00 1 3 17 
18:57:54 48.00 0.00000000 0.00000000 0.00 0.00 0.00 525.00 503.00 525.00 505.00 1 3 17 
18:57:55 48.20 0.00000000 0.00000000 0.00 0.00 0.00 524.00 503.00 525.00 506.00 1 3 17 
18:57:55 48.40 0.00000000 0.00000000 0.00 0.00 0.00 525.00 503.00 525.00 505.00 1 3 17 
18:57:55 48.60 0.00000000 0.00000000 0.00 0.00 0.00 525.00 503.00 525.00 505.00 1 3 17 
18:57:55 48.80 0.00000000 0.00000000 0.00 0.00 0.00 525.00 504.00 526.00 505.00 1 3 17 
18:57:55 49.01 0.00000000 0.00000000 0.00 0.00 0.00 525.00 503.00 525.00 505.00 1 3 17 
18:57:56 49.21 0.00000000 0.00000000 0.00 0.00 0.00 525.00 503.00 525.00 504.00 1 3 17 
18:57:56 49.41 0.00000000 0.00000000 0.00 0.00 0.00 525.00 501.00 525.00 504.00 1 3 17 
18:57:56 49.61 0.00000000 0.00000000 0.00 0.00 0.00 525.00 501.00 525.00 504.00 1 3 17 
18:57:56 49.81 0.00000000 0.00000000 0.00 0.00 0.00 525.00 501.00 525.00 504.00 1 3 17 
18:57:56 50.01 0.00000000 0.00000000 0.00 0.00 0.00 525.00 501.00 526.00 504.00 1 3 17 
18:57:57 50.21 0.00000000 0.00000000 0.00 0.00 0.00 525.00 500.00 525.00 504.00 1 3 17 
18:57:57 50.41 0.00000000 0.00000000 0.00 0.00 0.00 525.00 501.00 525.00 504.00 1 3 17 
18:57:57 50.61 0.00000000 0.00000000 0.00 0.00 0.00 525.00 501.00 525.00 504.00 1 3 17 
18:57:57 50.82 0.00000000 0.00000000 0.00 0.00 0.00 525.00 501.00 525.00 504.00 1 3 17 
18:57:57 51.02 0.00000000 0.00000000 0.00 0.00 0.00 525.00 501.00 525.00 503.00 1 3 17 
18:57:58 51.22 0.00000000 0.00000000 0.00 0.00 0.00 523.00 494.00 523.00 500.00 1 3 17 
18:57:58 51.42 0.00000000 0.00000000 0.00 0.00 0.00 521.00 497.00 521.00 500.00 1 3 17 
18:57:58 51.62 0.00000000 0.00000000 0.00 0.00 0.00 523.00 498.00 523.00 502.00 1 3 17 
18:57:58 51.82 0.00000000 0.00000000 0.00 0.00 0.00 524.00 497.00 524.00 502.00 1 3 17 
18:57:58 52.02 0.00000000 0.00000000 0.00 0.00 0.00 524.00 493.00 523.00 502.00 1 3 17 
18:57:59 52.22 0.00000000 0.00000000 0.00 0.00 0.00 524.00 493.00 523.00 501.00 1 3 17 
18:57:59 52.43 0.00000000 0.00000000 0.00 0.00 0.00 524.00 492.00 523.00 503.00 1 3 17 
18:57:59 52.63 0.00000000 0.00000000 0.00 0.00 0.00 523.00 493.00 523.00 502.00 1 3 17 
18:57:59 52.83 0.00000000 0.00000000 0.00 0.00 0.00 523.00 494.00 523.00 503.00 1 3 17 
18:57:59 53.03 0.00000000 0.00000000 0.00 0.00 0.00 524.00 493.00 523.00 502.00 1 3 17 
18:58:0 53.23 0.00000000 0.00000000 0.00 0.00 0.00 524.00 498.00 523.00 501.00 1 3 17 
18:58:0 53.43 0.00000000 0.00000000 0.00 0.00 0.00 523.00 498.00 524.00 502.00 1 3 17 
18:58:0 53.63 0.00000000 0.00000000 0.00 0.00 0.00 523.00 498.00 524.00 502.00 1 3 17 
18:58:0 53.83 0.00000000 0.00000000 0.00 0.00 0.00 524.00 499.00 524.00 502.00 1 3 17 
18:58:0 54.03 0.00000000 0.00000000 0.00 0.00 0.00 524.00 496.00 524.00 502.00 1 3 17 
18:58:1 54.24 0.00000000 0.00000000 0.00 0.00 0.00 524.00 497.00 524.00 503.00 1 3 17 
18:58:1 54.44 0.00000000 0.00000000 0.00 0.00 0.00 524.00 497.00 524.00 503.00 1 3 17 
18:58:1 54.64 0.00000000 0.00000000 0.00 0.00 0.00 524.00 497.00 525.00 503.00 1 3 17 
18:58:1 54.84 0.00000000 0.00000000 0.00 0.00 0.00 524.00 497.00 524.00 502.00 1 3 17 
18:58:1 55.04 0.00000000 0.00000000 0.00 0.00 0.00 524.00 497.00 524.00 502.00 1 3 17 
18:58:2 55.24 0.00000000 0.00000000 0.00 0.00 0.00 524.00 497.00 524.00 502.00 1 3 17 
18:58:2 55.44 0.00000000 0.00000000 0.00 0.00 0.00 524.00 497.00 524.00 503.00 1 3 17 
18:58:2 55.64 0.00000000 0.00000000 0.00 0.00 0.00 525.00 497.00 524.00 503.00 1 3 17 
18:58:2 55.84 0.00000000 0.00000000 0.00 0.00 0.00 524.00 497.00 524.00 503.00 1 3 17 
18:58:2 56.04 0.00000000 0.00000000 0.00 0.00 0.00 524.00 497.00 524.00 503.00 1 3 17 
18:58:3 56.25 0.00000000 0.00000000 0.00 0.00 0.00 525.00 498.00 524.00 503.00 1 3 17 
18:58:3 56.45 0.00000000 0.00000000 0.00 0.00 0.00 524.00 497.00 525.00 503.00 1 3 17 
18:58:3 56.65 0.00000000 0.00000000 0.00 0.00 0.00 524.00 497.00 525.00 503.00 1 3 17 
18:58:3 56.85 0.00000000 0.00000000 0.00 0.00 0.00 525.00 497.00 524.00 503.00 1 3 17 
18:58:3 57.05 0.00000000 0.00000000 0.00 0.00 0.00 524.00 497.00 525.00 503.00 1 3 17 
18:58:4 57.25 0.00000000 0.00000000 0.00 0.00 0.00 525.00 498.00 525.00 502.00 1 3 17 
18:58:4 57.45 0.00000000 0.00000000 0.00 0.00 0.00 524.00 497.00 525.00 499.00 1 3 17 
18:58:4 57.65 0.00000000 0.00000000 0.00 0.00 0.00 524.00 497.00 525.00 502.00 1 3 17 
18:58:4 57.86 0.00000000 0.00000000 0.00 0.00 0.00 525.00 497.00 524.00 501.00 1 3 17 
18:58:4 58.06 0.00000000 0.00000000 0.00 0.00 0.00 525.00 498.00 525.00 500.00 1 3 17 
18:58:5 58.26 0.00000000 0.00000000 0.00 0.00 0.00 525.00 497.00 524.00 499.00 1 3 17 
18:58:5 58.46 0.00000000 0.00000000 0.00 0.00 0.00 525.00 497.00 525.00 499.00 1 3 17 
18:58:5 58.66 0.00000000 0.00000000 0.00 0.00 0.00 525.00 496.00 524.00 500.00 1 3 17 
18:58:5 58.86 0.00000000 0.00000000 0.00 0.00 0.00 524.00 497.00 525.00 501.00 1 3 17 
18:58:5 59.06 0.00000000 0.00000000 0.00 0.00 0.00 525.00 497.00 525.00 501.00 1 3 17 
18:58:5 59.26 0.00000000 0.00000000 0.00 0.00 0.00 525.00 497.00 525.00 501.00 1 3 17 
18:58:5 59.47 0.00000000 0.00000000 0.00 0.00 0.00 525.00 497.00 525.00 501.00 1 3 17 
18:58:5 59.67 0.00000000 0.00000000 0.00 0.00 0.00 525.00 497.00 525.00 502.00 1 3 17 
18:58:5 59.87 0.00000000 0.00000000 0.00 0.00 0.00 524.00 497.00 525.00 502.00 1 3 17 
18:58:5 60.07 0.00000000 0.00000000 0.00 0.00 0.00 525.00 497.00 525.00 502.00 1 3 17 
18:58:5 60.27 0.00000000 0.00000000 0.00 0.00 0.00 525.00 497.00 525.00 502.00 1 3 17 
18:58:5 60.47 0.00000000 0.00000000 0.00 0.00 0.00 524.00 497.00 525.00 502.00 1 3 17 
18:58:5 60.67 0.00000000 0.00000000 0.00 0.00 0.00 524.00 497.00 525.00 503.00 1 3 17 
18:58:5 60.87 0.00000000 0.00000000 0.00 0.00 0.00 525.00 497.00 525.00 503.00 1 3 17 
18:58:5 61.07 0.00000000 0.00000000 0.00 0.00 0.00 525.00 497.00 525.00 503.00 1 3 17 
18:58:5 61.28 0.00000000 0.00000000 0.00 0.00 0.00 525.00 497.00 525.00 503.00 1 3 17 
18:58:5 61.48 0.00000000 0.00000000 0.00 0.00 0.00 525.00 497.00 525.00 502.00 1 3 17 
18:58:5 61.68 0.00000000 0.00000000 0.00 0.00 0.00 525.00 497.00 525.00 503.00 1 3 17 
18:58:5 61.88 0.00000000 0.00000000 0.00 0.00 0.00 525.00 497.00 525.00 503.00 1 3 17 
18:58:5 62.08 0.00000000 0.00000000 0.00 0.00 0.00 525.00 497.00 525.00 503.00 1 3 17 
18:58:5 62.28 0.00000000 0.00000000 0.00 0.00 0.00 525.00 497.00 525.00 503.00 1 3 17 
18:58:5 62.48 0.00000000 0.00000000 0.00 0.00 0.00 525.00 497.00 525.00 504.00 1 3 17 
18:58:5 62.68 0.00000000 0.00000000 0.00 0.00 0.00 525.00 497.00 525.00 504.00 1 3 17 
18:58:5 62.88 0.00000000 0.00000000 0.00 0.00 0.00 525.00 497.00 526.00 505.00 1 3 17 
18:58:5 63.09 0.00000000 0.00000000 0.00 0.00 0.00 525.00 496.00 526.00 505.00 1 3 17 
18:58:5 63.29 0.00000000 0.00000000 0.00 0.00 0.00 525.00 497.00 525.00 506.00 1 3 17 
18:58:5 63.49 0.00000000 0.00000000 0.00 0.00 0.00 525.00 497.00 525.00 505.00 1 3 17 
18:58:5 63.69 0.00000000 0.00000000 0.00 0.00 0.00 525.00 496.00 525.00 505.00 1 3 17 
18:58:5 63.89 0.00000000 0.00000000 0.00 0.00 0.00 525.00 496.00 526.00 504.00 1 3 17 
18:58:5 64.09 0.00000000 0.00000000 0.00 0.00 0.00 525.00 496.00 525.00 505.00 1 3 17 
18:58:5 64.29 0.00000000 0.00000000 0.00 0.00 0.00 525.00 496.00 525.00 505.00 1 3 17 
18:58:5 64.49 0.00000000 0.00000000 0.00 0.00 0.00 523.00 497.00 525.00 505.00 1 3 17 
18:58:5 64.69 0.00000000 0.00000000 0.00 0.00 0.00 525.00 496.00 525.00 505.00 1 3 17 
18:58:5 64.90 0.00000000 0.00000000 0.00 0.00 0.00 525.00 496.00 525.00 505.00 1 3 17 
18:58:5 65.10 0.00000000 0.00000000 0.00 0.00 0.00 525.00 496.00 525.00 505.00 1 3 17 
18:58:5 65.30 0.00000000 0.00000000 0.00 0.00 0.00 525.00 496.00 525.00 505.00 1 3 17 
18:58:5 65.50 0.00000000 0.00000000 0.00 0.00 0.00 526.00 496.00 526.00 505.00 1 3 17 
18:58:5 65.70 0.00000000 0.00000000 0.00 0.00 0.00 524.00 498.00 525.00 506.00 1 3 17 
18:58:5 65.90 0.00000000 0.00000000 0.00 0.00 0.00 525.00 499.00 525.00 506.00 1 3 17 
18:58:5 66.10 0.00000000 0.00000000 0.00 0.00 0.00 525.00 498.00 526.00 506.00 1 3 17 
18:58:5 66.30 0.00000000 0.00000000 0.00 0.00 0.00 526.00 498.00 526.00 506.00 1 3 17 
18:58:5 66.50 0.00000000 0.00000000 0.00 0.00 0.00 525.00 495.00 526.00 505.00 1 3 17 
18:58:5 66.70 0.00000000 0.00000000 0.00 0.00 0.00 525.00 496.00 526.00 506.00 1 3 17 
18:58:5 66.90 0.00000000 0.00000000 0.00 0.00 0.00 525.00 495.00 526.00 507.00 1 3 17 
18:58:5 67.10 0.00000000 0.00000000 0.00 0.00 0.00 525.00 497.00 525.00 507.00 1 3 17 
18:58:14 67.30 0.00000000 0.00000000 0.00 0.00 0.00 525.00 489.00 526.00 507.00 1 3 17 
18:58:14 67.50 0.00000000 0.00000000 0.00 0.00 0.00 525.00 490.00 526.00 507.00 1 3 17 
18:58:14 67.70 0.00000000 0.00000000 0.00 0.00 0.00 525.00 490.00 526.00 507.00 1 3 17 
18:58:14 67.91 0.00000000 0.00000000 0.00 0.00 0.00 525.00 490.00 526.00 507.00 1 3 17 
18:58:14 68.11 0.00000000 0.00000000 0.00 0.00 0.00 525.00 490.00 525.00 507.00 1 3 17 
18:58:15 68.31 0.00000000 0.00000000 0.00 0.00 0.00 525.00 492.00 525.00 506.00 1 3 17 
18:58:15 68.51 0.00000000 0.00000000 0.00 0.00 0.00 525.00 490.00 529.00 507.00 1 3 17 
18:58:15 68.71 0.00000000 0.00000000 0.00 0.00 0.00 522.00 487.00 529.00 504.00 1 3 17 
18:58:15 68.91 0.00000000 0.00000000 0.00 0.00 0.00 519.00 483.00 521.00 500.00 1 3 17 
18:58:15 69.11 0.00000000 0.00000000 0.00 0.00 0.00 519.00 484.00 519.00 500.00 1 3 17 
18:58:16 69.31 0.00000000 0.00000000 0.00 0.00 0.00 519.00 484.00 519.00 500.00 1 3 17 
18:58:16 69.51 0.00000000 0.00000000 0.00 0.00 0.00 519.00 485.00 519.00 500.00 1 3 17 
18:58:16 69.71 0.00000000 0.00000000 0.00 0.00 0.00 519.00 484.00 519.00 499.00 1 3 17 
18:58:16 69.91 0.00000000 0.00000000 0.00 0.00 0.00 519.00 484.00 519.00 500.00 1 3 17 
18:58:16 70.11 0.00000000 0.00000000 0.00 0.00 0.00 519.00 484.00 519.00 499.00 1 3 17 
18:58:17 70.31 0.00000000 0.00000000 0.00 0.00 0.00 519.00 484.00 519.00 499.00 1 3 17 
18:58:17 70.51 0.00000000 0.00000000 0.00 0.00 0.00 519.00 484.00 519.00 499.00 1 3 17 
18:58:17 70.71 0.00000000 0.00000000 0.00 0.00 0.00 518.00 484.00 519.00 499.00 1 3 17 
18:58:17 70.91 0.00000000 0.00000000 0.00 0.00 0.00 518.00 483.00 519.00 499.00 1 3 17 
18:58:17 71.12 0.00000000 0.00000000 0.00 0.00 0.00 518.00 486.00 519.00 500.00 1 3 17 
18:58:18 71.32 0.00000000 0.00000000 0.00 0.00 0.00 518.00 488.00 519.00 500.00 1 3 17 
18:58:18 71.52 0.00000000 0.00000000 0.00 0.00 0.00 518.00 485.00 519.00 499.00 1 3 17 
18:58:18 71.72 0.00000000 0.00000000 0.00 0.00 0.00 519.00 486.00 519.00 500.00 1 3 17 
18:58:18 71.92 0.00000000 0.00000000 0.00 0.00 0.00 519.00 487.00 519.00 500.00 1 3 17 
18:58:19 72.12 0.00000000 0.00000000 0.00 0.00 0.00 520.00 486.00 520.00 500.00 1 3 17 
18:58:19 72.32 0.00000000 0.00000000 0.00 0.00 0.00 520.00 483.00 519.00 500.00 1 3 17 
18:58:19 72.52 0.00000000 0.00000000 0.00 0.00 0.00 520.00 484.00 520.00 501.00 1 3 17 
18:58:19 72.72 0.00000000 0.00000000 0.00 0.00 0.00 520.00 484.00 520.00 500.00 1 3 17 
18:58:19 72.93 0.00000000 0.00000000 0.00 0.00 0.00 520.00 484.00 520.00 501.00 1 3 17 
18:58:19 73.13 0.00000000 0.00000000 0.00 0.00 0.00 520.00 483.00 520.00 501.00 1 3 17 
18:58:20 73.33 0.00000000 0.00000000 0.00 0.00 0.00 520.00 483.00 520.00 501.00 1 3 17 
18:58:20 73.53 0.00000000 0.00000000 0.00 0.00 0.00 520.00 483.00 520.00 501.00 1 3 17 
18:58:20 73.73 0.00000000 0.00000000 0.00 0.00 0.00 522.00 483.00 522.00 505.00 1 3 17 
18:58:20 73.93 0.00000000 0.00000000 0.00 0.00 0.00 524.00 491.00 525.00 505.00 1 3 17 
18:58:21 74.13 0.00000000 0.00000000 0.00 0.00 0.00 524.00 489.00 524.00 510.00 1 3 17 
18:58:21 74.33 0.00000000 0.00000000 0.00 0.00 0.00 524.00 488.00 525.00 510.00 1 3 17 
18:58:21 74.53 0.00000000 0.00000000 0.00 0.00 0.00 524.00 489.00 524.00 510.00 1 3 17 
18:58:21 74.73 0.00000000 0.00000000 0.00 0.00 0.00 524.00 490.00 525.00 510.00 1 3 17 
18:58:21 74.93 0.00000000 0.00000000 0.00 0.00 0.00 524.00 491.00 525.00 510.00 1 3 17 
18:58:22 75.13 0.00000000 0.00000000 0.00 0.00 0.00 524.00 490.00 524.00 510.00 1 3 17 
18:58:22 75.33 0.00000000 0.00000000 0.00 0.00 0.00 524.00 491.00 525.00 510.00 1 3 17 
18:58:22 75.54 0.00000000 0.00000000 0.00 0.00 0.00 524.00 491.00 525.00 510.00 1 3 17 
18:58:22 75.74 0.00000000 0.00000000 0.00 0.00 0.00 525.00 491.00 525.00 510.00 1 3 17 
18:58:22 75.94 0.00000000 0.00000000 0.00 0.00 0.00 524.00 490.00 525.00 510.00 1 3 17 
18:58:22 76.14 0.00000000 0.00000000 0.00 0.00 0.00 525.00 490.00 525.00 510.00 1 3 17 
18:58:23 76.34 0.00000000 0.00000000 0.00 0.00 0.00 524.00 490.00 525.00 510.00 1 3 17 
18:58:23 76.54 0.00000000 0.00000000 0.00 0.00 0.00 524.00 490.00 525.00 510.00 1 3 17 
18:58:23 76.74 0.00000000 0.00000000 0.00 0.00 0.00 524.00 490.00 525.00 510.00 1 3 17 
18:58:23 76.94 0.00000000 0.00000000 0.00 0.00 0.00 525.00 491.00 525.00 510.00 1 3 17 
18:58:23 77.14 0.00000000 0.00000000 0.00 0.00 0.00 524.00 490.00 525.00 511.00 1 3 17 
18:58:24 77.34 0.00000000 0.00000000 0.00 0.00 0.00 525.00 490.00 525.00 510.00 1 3 17 
18:58:24 77.54 0.00000000 0.00000000 0.00 0.00 0.00 524.00 491.00 525.00 511.00 1 3 17 
18:58:24 77.74 0.00000000 0.00000000 0.00 0.00 0.00 525.00 490.00 525.00 510.00 1 3 17 
18:58:24 77.94 0.00000000 0.00000000 0.00 0.00 0.00 525.00 490.00 525.00 510.00 1 3 17 
18:58:25 78.15 0.00000000 0.00000000 0.00 0.00 0.00 524.00 490.00 525.00 510.00 1 3 17 
18:58:25 78.35 0.00000000 0.00000000 0.00 0.00 0.00 524.00 491.00 525.00 510.00 1 3 17 
18:58:25 78.55 0.00000000 0.00000000 0.00 0.00 0.00 524.00 491.00 525.00 510.00 1 3 17 
18:58:25 78.75 0.00000000 0.00000000 0.00 0.00 0.00 524.00 490.00 524.00 511.00 1 3 17 
18:58:25 78.95 0.00000000 0.00000000 0.00 0.00 0.00 525.00 491.00 525.00 511.00 1 3 17 
18:58:26 79.15 0.00000000 0.00000000 0.00 0.00 0.00 524.00 490.00 525.00 510.00 1 3 17 
18:58:26 79.35 0.00000000 0.00000000 0.00 0.00 0.00 525.00 490.00 525.00 511.00 1 3 17 
18:58:26 79.55 0.00000000 0.00000000 0.00 0.00 0.00 524.00 490.00 525.00 511.00 1 3 17 
18:58:26 79.75 0.00000000 0.00000000 0.00 0.00 0.00 525.00 490.00 525.00 511.00 1 3 17 
18:58:26 79.95 0.00000000 0.00000000 0.00 0.00 0.00 524.00 490.00 525.00 511.00 1 3 17 
18:58:27 80.15 0.00000000 0.00000000 0.00 0.00 0.00 525.00 490.00 525.00 511.00 1 3 17 
18:58:27 80.35 0.00000000 0.00000000 0.00 0.00 0.00 525.00 490.00 525.00 511.00 1 3 17 
18:58:27 80.55 0.00000000 0.00000000 0.00 0.00 0.00 525.00 491.00 525.00 511.00 1 3 17 
18:58:27 80.76 0.00000000 0.00000000 0.00 0.00 0.00 524.00 490.00 525.00 511.00 1 3 17 
18:58:27 80.96 0.00000000 0.00000000 0.00 0.00 0.00 525.00 490.00 524.00 511.00 1 3 17 
18:58:28 81.16 0.00000000 0.00000000 0.00 0.00 0.00 525.00 490.00 525.00 511.00 1 3 17 
18:58:28 81.36 0.00000000 0.00000000 0.00 0.00 0.00 525.00 490.00 525.00 511.00 1 3 17 
18:58:28 81.56 0.00000000 0.00000000 0.00 0.00 0.00 524.00 490.00 525.00 511.00 1 3 17 
18:58:28 81.76 0.00000000 0.00000000 0.00 0.00 0.00 525.00 488.00 525.00 511.00 1 3 17 
18:58:28 81.96 0.00000000 0.00000000 0.00 0.00 0.00 525.00 488.00 525.00 511.00 1 3 17 
18:58:29 82.16 0.00000000 0.00000000 0.00 0.00 0.00 525.00 489.00 525.00 511.00 1 3 17 
18:58:29 82.36 0.00000000 0.00000000 0.00 0.00 0.00 525.00 489.00 525.00 511.00 1 3 17 
18:58:29 82.56 0.00000000 0.00000000 0.00 0.00 0.00 525.00 489.00 525.00 511.00 1 3 17 
18:58:29 82.76 0.00000000 0.00000000 0.00 0.00 0.00 525.00 488.00 525.00 511.00 1 3 17 
18:58:29 82.96 0.00000000 0.00000000 0.00 0.00 0.00 525.00 488.00 525.00 511.00 1 3 17 
18:58:30 83.16 0.00000000 0.00000000 0.00 0.00 0.00 525.00 488.00 525.00 511.00 1 3 17 
18:58:30 83.37 0.00000000 0.00000000 0.00 0.00 0.00 525.00 488.00 525.00 511.00 1 3 17 
18:58:30 83.57 0.00000000 0.00000000 0.00 0.00 0.00 525.00 488.00 525.00 511.00 1 3 17 
18:58:30 83.77 0.00000000 0.00000000 0.00 0.00 0.00 525.00 489.00 525.00 511.00 1 3 17 
18:58:30 83.97 0.00000000 0.00000000 0.00 0.00 0.00 525.00 488.00 525.00 512.00 1 3 17 
18:58:31 84.17 0.00000000 0.00000000 0.00 0.00 0.00 525.00 489.00 525.00 511.00 1 3 17 
18:58:31 84.37 0.00000000 0.00000000 0.00 0.00 0.00 525.00 488.00 525.00 511.00 1 3 17 
18:58:31 84.57 0.00000000 0.00000000 0.00 0.00 0.00 525.00 488.00 525.00 511.00 1 3 17 
18:58:31 84.77 0.00000000 0.00000000 0.00 0.00 0.00 525.00 488.00 525.00 511.00 1 3 17 
18:58:31 84.97 0.00000000 0.00000000 0.00 0.00 0.00 525.00 488.00 525.00 511.00 1 3 17 
18:58:32 85.17 0.00000000 0.00000000 0.00 0.00 0.00 525.00 488.00 525.00 511.00 1 3 17 
18:58:32 85.38 0.00000000 0.00000000 0.00 0.00 0.00 525.00 488.00 525.00 511.00 1 3 17 
18:58:32 85.58 0.00000000 0.00000000 0.00 0.00 0.00 524.00 488.00 525.00 512.00 1 3 17 
18:58:32 85.78 0.00000000 0.00000000 0.00 0.00 0.00 525.00 488.00 525.00 512.00 1 3 17 
18:58:32 85.98 0.00000000 0.00000000 0.00 0.00 0.00 525.00 488.00 525.00 512.00 1 3 17 
18:58:33 86.18 0.00000000 0.00000000 0.00 0.00 0.00 525.00 488.00 525.00 512.00 1 3 17 
18:58:33 86.38 0.00000000 0.00000000 0.00 0.00 0.00 525.00 488.00 525.00 511.00 1 3 17 
18:58:33 86.58 0.00000000 0.00000000 0.00 0.00 0.00 525.00 488.00 525.00 511.00 1 3 17 
18:58:33 86.78 0.00000000 0.00000000 0.00 0.00 0.00 525.00 488.00 525.00 510.00 1 3 17 
18:58:33 86.98 0.00000000 0.00000000 0.00 0.00 0.00 525.00 488.00 525.00 511.00 1 3 17 
18:58:34 87.18 0.00000000 0.00000000 0.00 0.00 0.00 525.00 489.00 525.00 511.00 1 3 17 
18:58:34 87.38 0.00000000 0.00000000 0.00 0.00 0.00 524.00 488.00 525.00 511.00 1 3 17 
18:58:34 87.58 0.00000000 0.00000000 0.00 0.00 0.00 525.00 488.00 525.00 511.00 1 3 17 
18:58:34 87.78 0.00000000 0.00000000 0.00 0.00 0.00 524.00 488.00 525.00 511.00 1 3 17 
18:58:34 87.98 0.00000000 0.00000000 0.00 0.00 0.00 525.00 487.00 525.00 511.00 1 3 17 
18:58:35 88.18 0.00000000 0.00000000 0.00 0.00 0.00 525.00 488.00 525.00 511.00 1 3 17 
18:58:35 88.38 0.00000000 0.00000000 0.00 0.00 0.00 525.00 488.00 526.00 511.00 1 3 17 
18:58:35 88.59 0.00000000 0.00000000 0.00 0.00 0.00 525.00 488.00 525.00 510.00 1 3 17 
18:58:35 88.79 0.00000000 0.00000000 0.00 0.00 0.00 525.00 488.00 525.00 511.00 1 3 17 
18:58:35 88.99 0.00000000 0.00000000 0.00 0.00 0.00 525.00 488.00 525.00 510.00 1 3 17 
18:58:36 89.19 0.00000000 0.00000000 0.00 0.00 0.00 525.00 488.00 525.00 510.00 1 3 17 
18:58:36 89.39 0.00000000 0.00000000 0.00 0.00 0.00 525.00 488.00 525.00 509.00 1 3 17 
18:58:36 89.59 0.00000000 0.00000000 0.00 0.00 0.00 525.00 488.00 525.00 510.00 1 3 17 
18:58:36 89.79 0.00000000 0.00000000 0.00 0.00 0.00 524.00 488.00 525.00 509.00 1 3 17 
18:58:36 89.99 0.00000000 0.00000000 0.00 0.00 0.00 525.00 489.00 525.00 509.00 1 3 17 
18:58:37 90.19 0.00000000 0.00000000 0.00 0.00 0.00 525.00 488.00 525.00 510.00 1 3 17 
18:58:37 90.39 0.00000000 0.00000000 0.00 0.00 0.00 525.00 488.00 525.00 510.00 1 3 17 
18:58:37 90.59 0.00000000 0.00000000 0.00 0.00 0.00 525.00 488.00 525.00 510.00 1 3 17 
18:58:37 90.79 0.00000000 0.00000000 0.00 0.00 0.00 524.00 488.00 525.00 510.00 1 3 17 
18:58:37 90.99 0.00000000 0.00000000 0.00 0.00 0.00 525.00 488.00 525.00 509.00 1 3 17 
18:58:38 91.19 0.00000000 0.00000000 0.00 0.00 0.00 525.00 484.00 525.00 509.00 1 3 17 
18:58:38 91.40 0.00000000 0.00000000 0.00 0.00 0.00 524.00 486.00 525.00 508.00 1 3 17 
18:58:38 91.60 0.00000000 0.00000000 0.00 0.00 0.00 524.00 487.00 525.00 504.00 1 3 17 
18:58:38 91.80 0.00000000 0.00000000 0.00 0.00 0.00 524.00 486.00 525.00 507.00 1 3 17 
18:58:38 92.00 0.00000000 0.00000000 0.00 0.00 0.00 524.00 486.00 525.00 509.00 1 3 17 
18:58:39 92.20 0.00000000 0.00000000 0.00 0.00 0.00 525.00 485.00 525.00 509.00 1 3 17 
18:58:39 92.40 0.00000000 0.00000000 0.00 0.00 0.00 524.00 486.00 525.00 510.00 1 3 17 
18:58:39 92.60 0.00000000 0.00000000 0.00 0.00 0.00 524.00 486.00 525.00 511.00 1 3 17 
18:58:39 92.80 0.00000000 0.00000000 0.00 0.00 0.00 524.00 486.00 525.00 511.00 1 3 17 
18:58:39 93.00 0.00000000 0.00000000 0.00 0.00 0.00 522.00 486.00 525.00 512.00 1 3 17 
18:58:40 93.20 0.00000000 0.00000000 0.00 0.00 0.00 518.00 488.00 525.00 512.00 1 3 17 
18:58:40 93.40 0.00000000 0.00000000 0.00 0.00 0.00 518.00 488.00 525.00 512.00 1 3 17 
18:58:40 93.60 0.00000000 0.00000000 0.00 0.00 0.00 519.00 489.00 525.00 512.00 1 3 17 
18:58:40 93.80 0.00000000 0.00000000 0.00 0.00 0.00 518.00 488.00 524.00 513.00 1 3 17 
18:58:40 94.00 0.00000000 0.00000000 0.00 0.00 0.00 517.00 489.00 525.00 513.00 1 3 17 
18:58:41 94.20 0.00000000 0.00000000 0.00 0.00 0.00 514.00 490.00 525.00 512.00 1 3 17 
18:58:41 94.41 0.00000000 0.00000000 0.00 0.00 0.00 516.00 490.00 525.00 513.00 1 3 17 
18:58:41 94.61 0.00000000 0.00000000 0.00 0.00 0.00 514.00 489.00 522.00 513.00 1 3 17 
18:58:41 94.81 0.00000000 0.00000000 0.00 0.00 0.00 522.00 490.00 522.00 511.00 1 3 17 
18:58:41 95.01 0.00000000 0.00000000 0.00 0.00 0.00 521.00 489.00 522.00 511.00 1 3 17 
18:58:42 95.21 0.00000000 0.00000000 0.00 0.00 0.00 522.00 490.00 522.00 511.00 1 3 17 
18:58:42 95.41 0.00000000 0.00000000 0.00 0.00 0.00 520.00 491.00 523.00 511.00 1 3 17 
18:58:42 95.61 0.00000000 0.00000000 0.00 0.00 0.00 515.00 491.00 523.00 511.00 1 3 17 
18:58:42 95.81 0.00000000 0.00000000 0.00 0.00 0.00 517.00 491.00 523.00 511.00 1 3 17 
18:58:42 96.01 0.00000000 0.00000000 0.00 0.00 0.00 517.00 491.00 523.00 512.00 1 3 17 
18:58:43 96.21 0.00000000 0.00000000 0.00 0.00 0.00 514.00 491.00 523.00 512.00 1 3 17 
18:58:43 96.41 0.00000000 0.00000000 0.00 0.00 0.00 521.00 491.00 523.00 512.00 1 3 17 
18:58:43 96.61 0.00000000 0.00000000 0.00 0.00 0.00 518.00 491.00 524.00 512.00 1 3 17 
18:58:43 96.81 0.00000000 0.00000000 0.00 0.00 0.00 522.00 491.00 524.00 512.00 1 3 17 
18:58:43 97.01 0.00000000 0.00000000 0.00 0.00 0.00 518.00 491.00 524.00 512.00 1 3 17 
18:58:44 97.22 0.00000000 0.00000000 0.00 0.00 0.00 523.00 491.00 524.00 512.00 1 3 17 
18:58:44 97.42 0.00000000 0.00000000 0.00 0.00 0.00 523.00 491.00 523.00 512.00 1 3 17 
18:58:44 97.62 0.00000000 0.00000000 0.00 0.00 0.00 515.00 490.00 524.00 512.00 1 3 17 
18:58:44 97.82 0.00000000 0.00000000 0.00 0.00 0.00 511.00 487.00 522.00 512.00 1 3 17 
18:58:44 98.02 0.00000000 0.00000000 0.00 0.00 0.00 502.00 489.00 520.00 535.00 1 3 17 
18:58:45 98.22 0.00000000 0.00000000 0.00 0.00 0.00 504.00 488.00 521.00 536.00 1 3 17 
18:58:45 98.42 0.00000000 0.00000000 0.00 0.00 0.00 521.00 490.00 521.00 536.00 1 3 17 
18:58:45 98.62 0.00000000 0.00000000 0.00 0.00 0.00 517.00 489.00 520.00 535.00 1 3 17 
18:58:45 98.82 0.00000000 0.00000000 0.00 0.00 0.00 522.00 490.00 520.00 534.00 1 3 17 
18:58:45 99.02 0.00000000 0.00000000 0.00 0.00 0.00 523.00 490.00 521.00 534.00 1 3 17 
18:58:46 99.22 0.00000000 0.00000000 0.00 0.00 0.00 524.00 489.00 520.00 532.00 1 3 17 
18:58:46 99.42 0.00000000 0.00000000 0.00 0.00 0.00 524.00 489.00 520.00 532.00 1 3 17 
18:58:46 99.62 0.00000000 0.00000000 0.00 0.00 0.00 516.00 490.00 521.00 532.00 1 3 17 
18:58:46 99.82 0.00000000 0.00000000 0.00 0.00 0.00 524.00 489.00 520.00 535.00 1 3 17 
18:58:46 100.02 0.00000000 0.00000000 0.00 0.00 0.00 524.00 489.00 520.00 534.00 1 3 17 
18:58:47 100.22 0.00000000 0.00000000 0.00 0.00 0.00 521.00 489.00 521.00 532.00 1 3 17 
18:58:47 100.43 0.00000000 0.00000000 0.00 0.00 0.00 506.00 489.00 520.00 529.00 1 3 17 
18:58:47 100.63 0.00000000 0.00000000 0.00 0.00 0.00 520.00 490.00 521.00 514.00 1 3 17 
18:58:47 100.83 0.00000000 0.00000000 0.00 0.00 0.00 521.00 489.00 521.00 512.00 1 3 17 
18:58:47 101.03 0.00000000 0.00000000 0.00 0.00 0.00 522.00 490.00 521.00 521.00 1 3 17 
18:58:48 101.23 0.00000000 0.00000000 0.00 0.00 0.00 525.00 490.00 521.00 524.00 1 3 17 
18:58:48 101.43 0.00000000 0.00000000 0.00 0.00 0.00 522.00 488.00 520.00 537.00 1 3 17 
18:58:48 101.63 0.00000000 0.00000000 0.00 0.00 0.00 521.00 489.00 521.00 538.00 1 3 17 
18:58:48 101.83 0.00000000 0.00000000 0.00 0.00 0.00 522.00 488.00 521.00 538.00 1 3 17 
18:58:48 102.03 0.00000000 0.00000000 0.00 0.00 0.00 521.00 489.00 520.00 537.00 1 3 17 
18:58:49 102.23 0.00000000 0.00000000 0.00 0.00 0.00 522.00 489.00 521.00 537.00 1 3 17 
18:58:49 102.43 0.00000000 0.00000000 0.00 0.00 0.00 521.00 489.00 520.00 536.00 1 3 17 
18:58:49 102.63 0.00000000 0.00000000 0.00 0.00 0.00 536.00 488.00 520.00 536.00 1 3 17 
18:58:49 102.83 0.00000000 0.00000000 0.00 0.00 0.00 733.00 488.00 520.00 536.00 1 3 17 
18:58:49 103.03 0.00000000 0.00000000 0.00 0.00 0.00 731.00 488.00 520.00 537.00 1 3 17 
18:58:50 103.23 0.00000000 0.00000000 0.00 0.00 0.00 796.00 488.00 520.00 537.00 1 3 17 
18:58:50 103.43 0.00000000 0.00000000 0.00 0.00 0.00 669.00 488.00 520.00 537.00 1 3 17 
18:58:50 103.63 0.00000000 0.00000000 0.00 0.00 0.00 703.00 488.00 521.00 537.00 1 3 17 
18:58:50 103.84 0.00000000 0.00000000 0.00 0.00 0.00 748.00 488.00 520.00 534.00 1 3 17 
18:58:50 104.04 0.00000000 0.00000000 0.00 0.00 0.00 588.00 489.00 521.00 516.00 1 3 17 
18:58:51 104.24 0.00000000 0.00000000 0.00 0.00 0.00 683.00 489.00 522.00 510.00 1 3 17 
18:58:51 104.44 0.00000000 0.00000000 0.00 0.00 0.00 904.00 488.00 520.00 511.00 1 3 17 
18:58:51 104.64 0.00000000 0.00000000 0.00 0.00 0.00 779.00 488.00 521.00 507.00 1 3 17 
18:58:51 104.84 0.00000000 0.00000000 0.00 0.00 0.00 776.00 487.00 520.00 510.00 1 3 17 
18:58:51 105.04 0.00000000 0.00000000 0.00 0.00 0.00 701.00 487.00 520.00 510.00 1 3 17 
18:58:52 105.24 0.00000000 0.00000000 0.00 0.00 0.00 833.00 487.00 520.00 510.00 1 3 17 
18:58:52 105.44 0.00000000 0.00000000 0.00 0.00 0.00 736.00 487.00 520.00 510.00 1 3 17 
18:58:52 105.64 0.00000000 0.00000000 0.00 0.00 0.00 780.00 487.00 520.00 510.00 1 3 17 
18:58:52 105.84 0.00000000 0.00000000 0.00 0.00 0.00 799.00 487.00 521.00 511.00 1 3 17 
18:58:52 106.04 0.00000000 0.00000000 0.00 0.00 0.00 697.00 487.00 520.00 511.00 1 3 17 
18:58:53 106.24 0.00000000 0.00000000 0.00 0.00 0.00 710.00 487.00 520.00 512.00 1 3 17 
18:58:53 106.44 0.00000000 0.00000000 0.00 0.00 0.00 753.00 487.00 520.00 512.00 1 3 17 
18:58:53 106.65 0.00000000 0.00000000 0.00 0.00 0.00 682.00 484.00 517.00 532.00 1 3 17 
18:58:53 106.85 0.00000000 0.00000000 0.00 0.00 0.00 539.00 483.00 516.00 531.00 1 3 17 
18:58:53 107.05 0.00000000 0.00000000 0.00 0.00 0.00 351.00 483.00 516.00 530.00 1 3 17 
18:58:54 107.25 0.00000000 0.00000000 0.00 0.00 0.00 469.00 482.00 515.00 529.00 1 3 17 
18:58:54 107.45 0.00000000 0.00000000 0.00 0.00 0.00 403.00 483.00 516.00 529.00 1 3 17 
18:58:54 107.65 0.00000000 0.00000000 0.00 0.00 0.00 489.00 483.00 516.00 530.00 1 3 17 
18:58:54 107.85 0.00000000 0.00000000 0.00 0.00 0.00 471.00 483.00 516.00 528.00 1 3 17 
18:58:54 108.05 0.00000000 0.00000000 0.00 0.00 0.00 349.00 486.00 520.00 532.00 1 3 17 
18:58:55 108.25 0.00000000 0.00000000 0.00 0.00 0.00 438.00 483.00 516.00 529.00 1 3 17 
18:58:55 108.45 0.00000000 0.00000000 0.00 0.00 0.00 550.00 487.00 520.00 534.00 1 3 17 
18:58:55 108.65 0.00000000 0.00000000 0.00 0.00 0.00 340.00 487.00 520.00 534.00 1 3 17 
18:58:55 108.85 0.00000000 0.00000000 0.00 0.00 0.00 277.00 486.00 520.00 533.00 1 3 17 
18:58:55 109.05 0.00000000 0.00000000 0.00 0.00 0.00 373.00 486.00 520.00 534.00 1 3 17 
18:58:56 109.25 0.00000000 0.00000000 0.00 0.00 0.00 560.00 486.00 520.00 534.00 1 3 17 
18:58:56 109.45 0.00000000 0.00000000 0.00 0.00 0.00 554.00 483.00 517.00 532.00 1 3 17 
18:58:56 109.66 0.00000000 0.00000000 0.00 0.00 0.00 573.00 484.00 517.00 532.00 1 3 17 
18:58:56 109.86 0.00000000 0.00000000 0.00 0.00 0.00 608.00 483.00 517.00 533.00 1 3 17 
18:58:56 110.06 0.00000000 0.00000000 0.00 0.00 0.00 647.00 483.00 517.00 532.00 1 3 17 
18:58:57 110.26 0.00000000 0.00000000 0.00 0.00 0.00 549.00 483.00 517.00 532.00 1 3 17 
18:58:57 110.46 0.00000000 0.00000000 0.00 0.00 0.00 464.00 483.00 517.00 532.00 1 3 17 
18:58:57 110.66 0.00000000 0.00000000 0.00 0.00 0.00 438.00 483.00 517.00 532.00 1 3 17 
18:58:57 110.86 0.00000000 0.00000000 0.00 0.00 0.00 598.00 490.00 525.00 541.00 1 3 17 
18:58:57 111.06 0.00000000 0.00000000 0.00 0.00 0.00 506.00 489.00 524.00 541.00 1 3 17 
18:58:58 111.26 0.00000000 0.00000000 0.00 0.00 0.00 392.00 490.00 524.00 540.00 1 3 17 
18:58:58 111.46 0.00000000 0.00000000 0.00 0.00 0.00 386.00 489.00 524.00 541.00 1 3 17 
18:58:58 111.66 0.00000000 0.00000000 0.00 0.00 0.00 388.00 489.00 524.00 540.00 1 3 17 
18:58:58 111.86 0.00000000 0.00000000 0.00 0.00 0.00 492.00 488.00 524.00 540.00 1 3 17 
18:58:58 112.06 0.00000000 0.00000000 0.00 0.00 0.00 469.00 489.00 525.00 540.00 1 3 17 
18:58:59 112.26 0.00000000 0.00000000 0.00 0.00 0.00 479.00 489.00 524.00 537.00 1 3 17 
18:58:59 112.46 0.00000000 0.00000000 0.00 0.00 0.00 472.00 489.00 524.00 511.00 1 3 17 
18:58:59 112.66 0.00000000 0.00000000 0.00 0.00 0.00 512.00 489.00 525.00 517.00 1 3 17 
18:58:59 112.87 0.00000000 0.00000000 0.00 0.00 0.00 491.00 486.00 521.00 523.00 1 3 17 
18:58:59 113.07 0.00000000 0.00000000 0.00 0.00 0.00 496.00 488.00 524.00 514.00 1 3 17 
18:59:0 113.27 0.00000000 0.00000000 0.00 0.00 0.00 484.00 478.00 514.00 500.00 1 3 17 
18:59:0 113.47 0.00000000 0.00000000 0.00 0.00 0.00 511.00 482.00 518.00 495.00 1 3 17 
18:59:0 113.67 0.00000000 0.00000000 0.00 0.00 0.00 488.00 478.00 513.00 505.00 1 3 17 
18:59:0 113.87 0.00000000 0.00000000 0.00 0.00 0.00 516.00 480.00 517.00 508.00 1 3 17 
18:59:0 114.07 0.00000000 0.00000000 0.00 0.00 0.00 513.00 479.00 515.00 511.00 1 3 17 
18:59:1 114.27 0.00000000 0.00000000 0.00 0.00 0.00 443.00 480.00 516.00 513.00 1 3 17 
18:59:1 114.47 0.00000000 0.00000000 0.00 0.00 0.00 518.00 480.00 516.00 513.00 1 3 17 
18:59:1 114.67 0.00000000 0.00000000 0.00 0.00 0.00 472.00 478.00 515.00 511.00 1 3 17 
18:59:1 114.87 0.00000000 0.00000000 0.00 0.00 0.00 522.00 483.00 521.00 514.00 1 3 17 
18:59:1 115.07 0.00000000 0.00000000 0.00 0.00 0.00 517.00 484.00 520.00 515.00 1 3 17 
18:59:2 115.27 0.00000000 0.00000000 0.00 0.00 0.00 356.00 484.00 521.00 515.00 1 3 17 
18:59:2 115.47 0.00000000 0.00000000 0.00 0.00 0.00 518.00 485.00 522.00 522.00 1 3 17 
18:59:2 115.68 0.00000000 0.00000000 0.00 0.00 0.00 521.00 484.00 521.00 522.00 1 3 17 
18:59:2 115.88 0.00000000 0.00000000 0.00 0.00 0.00 520.00 484.00 521.00 522.00 1 3 17 
18:59:2 116.08 0.00000000 0.00000000 0.00 0.00 0.00 523.00 484.00 521.00 521.00 1 3 17 
18:59:2 116.28 0.00000000 0.00000000 0.00 0.00 0.00 484.00 477.00 514.00 510.00 1 3 17 
18:59:2 116.48 0.00000000 0.00000000 0.00 0.00 0.00 512.00 486.00 523.00 515.00 1 3 17 
18:59:2 116.68 0.00000000 0.00000000 0.00 0.00 0.00 526.00 486.00 523.00 515.00 1 3 17 
18:59:2 116.88 0.00000000 0.00000000 0.00 0.00 0.00 522.00 481.00 518.00 521.00 1 3 17 
18:59:2 117.08 0.00000000 0.00000000 0.00 0.00 0.00 518.00 480.00 517.00 529.00 1 3 17 
18:59:2 117.28 0.00000000 0.00000000 0.00 0.00 0.00 519.00 480.00 517.00 527.00 1 3 17 
18:59:2 117.48 0.00000000 0.00000000 0.00 0.00 0.00 519.00 480.00 517.00 524.00 1 3 17 
18:59:2 117.68 0.00000000 0.00000000 0.00 0.00 0.00 519.00 480.00 518.00 525.00 1 3 17 
18:59:2 117.88 0.00000000 0.00000000 0.00 0.00 0.00 498.00 481.00 518.00 526.00 1 3 17 
18:59:2 118.09 0.00000000 0.00000000 0.00 0.00 0.00 505.00 481.00 518.00 526.00 1 3 17 
18:59:5 118.29 0.00000000 0.00000000 0.00 0.00 0.00 520.00 484.00 523.00 526.00 1 3 17 
18:59:5 118.49 0.00000000 0.00000000 0.00 0.00 0.00 520.00 483.00 521.00 522.00 1 3 17 
18:59:5 118.69 0.00000000 0.00000000 0.00 0.00 0.00 517.00 483.00 521.00 520.00 1 3 17 
18:59:5 118.89 0.00000000 0.00000000 0.00 0.00 0.00 514.00 484.00 521.00 520.00 1 3 17 
18:59:5 119.09 0.00000000 0.00000000 0.00 0.00 0.00 513.00 483.00 522.00 519.00 1 3 17 
18:59:6 119.29 0.00000000 0.00000000 0.00 0.00 0.00 521.00 482.00 520.00 518.00 1 3 17 
18:59:6 119.49 0.00000000 0.00000000 0.00 0.00 0.00 519.00 481.00 519.00 515.00 1 3 17 
18:59:6 119.69 0.00000000 0.00000000 0.00 0.00 0.00 520.00 481.00 519.00 515.00 1 3 17 
18:59:6 119.89 0.00000000 0.00000000 0.00 0.00 0.00 519.00 481.00 519.00 515.00 1 3 17 
18:59:6 120.09 0.00000000 0.00000000 0.00 0.00 0.00 520.00 480.00 519.00 515.00 1 3 17 
18:59:6 120.29 0.00000000 0.00000000 0.00 0.00 0.00 520.00 480.00 519.00 515.00 1 3 17 
18:59:6 120.49 0.00000000 0.00000000 0.00 0.00 0.00 520.00 480.00 519.00 514.00 1 3 17 
18:59:6 120.69 0.00000000 0.00000000 0.00 0.00 0.00 520.00 481.00 519.00 515.00 1 3 17 
18:59:6 120.90 0.00000000 0.00000000 0.00 0.00 0.00 520.00 480.00 519.00 515.00 1 3 17 
18:59:6 121.10 0.00000000 0.00000000 0.00 0.00 0.00 520.00 480.00 519.00 516.00 1 3 17 
18:59:6 121.30 0.00000000 0.00000000 0.00 0.00 0.00 520.00 480.00 519.00 516.00 1 3 17 
18:59:6 121.50 0.00000000 0.00000000 0.00 0.00 0.00 520.00 480.00 519.00 506.00 1 3 17 
18:59:6 121.70 0.00000000 0.00000000 0.00 0.00 0.00 519.00 480.00 519.00 487.00 1 3 17 
18:59:6 121.90 0.00000000 0.00000000 0.00 0.00 0.00 540.00 501.00 541.00 506.00 1 3 17 
18:59:6 122.10 0.00000000 0.00000000 0.00 0.00 0.00 541.00 502.00 540.00 510.00 1 3 17 
18:59:6 122.30 0.00000000 0.00000000 0.00 0.00 0.00 541.00 502.00 540.00 510.00 1 3 17 
18:59:6 122.50 0.00000000 0.00000000 0.00 0.00 0.00 539.00 500.00 539.00 508.00 1 3 17 
18:59:6 122.70 0.00000000 0.00000000 0.00 0.00 0.00 540.00 500.00 539.00 508.00 1 3 17 
18:59:6 122.90 0.00000000 0.00000000 0.00 0.00 0.00 540.00 500.00 539.00 508.00 1 3 17 
18:59:6 123.11 0.00000000 0.00000000 0.00 0.00 0.00 539.00 501.00 539.00 508.00 1 3 17 
18:59:6 123.31 0.00000000 0.00000000 0.00 0.00 0.00 540.00 502.00 539.00 508.00 1 3 17 
18:59:6 123.51 0.00000000 0.00000000 0.00 0.00 0.00 539.00 502.00 539.00 508.00 1 3 17 
18:59:6 123.71 0.00000000 0.00000000 0.00 0.00 0.00 539.00 502.00 539.00 508.00 1 3 17 
18:59:6 123.91 0.00000000 0.00000000 0.00 0.00 0.00 539.00 504.00 539.00 508.00 1 3 17 
18:59:6 124.11 0.00000000 0.00000000 0.00 0.00 0.00 539.00 504.00 538.00 506.00 1 3 17 
18:59:10 124.31 0.00000000 0.00000000 0.00 0.00 0.00 539.00 505.00 539.00 507.00 1 3 17 
18:59:10 124.51 0.00000000 0.00000000 0.00 0.00 0.00 540.00 508.00 541.00 509.00 1 3 17 
18:59:10 124.71 0.00000000 0.00000000 0.00 0.00 0.00 536.00 532.00 536.00 499.00 1 3 17 
18:59:10 124.91 0.00000000 0.00000000 0.00 0.00 0.00 533.00 529.00 533.00 496.00 1 3 17 
18:59:10 125.11 0.00000000 0.00000000 0.00 0.00 0.00 533.00 530.00 533.00 496.00 1 3 17 
18:59:10 125.31 0.00000000 0.00000000 0.00 0.00 0.00 533.00 530.00 534.00 497.00 1 3 17 
18:59:10 125.51 0.00000000 0.00000000 0.00 0.00 0.00 533.00 530.00 533.00 497.00 1 3 17 
18:59:10 125.72 0.00000000 0.00000000 0.00 0.00 0.00 533.00 529.00 534.00 498.00 1 3 17 
18:59:10 125.92 0.00000000 0.00000000 0.00 0.00 0.00 534.00 530.00 534.00 498.00 1 3 17 
18:59:10 126.12 0.00000000 0.00000000 0.00 0.00 0.00 534.00 530.00 534.00 498.00 1 3 17 
18:59:13 126.32 0.00000000 0.00000000 0.00 0.00 0.00 534.00 529.00 533.00 498.00 1 3 17 
18:59:13 126.52 0.00000000 0.00000000 0.00 0.00 0.00 533.00 529.00 533.00 499.00 1 3 17 
18:59:13 126.72 0.00000000 0.00000000 0.00 0.00 0.00 534.00 530.00 534.00 499.00 1 3 17 
18:59:13 126.92 0.00000000 0.00000000 0.00 0.00 0.00 533.00 530.00 533.00 499.00 1 3 17 
18:59:13 127.12 0.00000000 0.00000000 0.00 0.00 0.00 533.00 530.00 534.00 499.00 1 3 17 
18:59:14 127.32 0.00000000 0.00000000 0.00 0.00 0.00 534.00 530.00 534.00 499.00 1 3 17 
18:59:14 127.52 0.00000000 0.00000000 0.00 0.00 0.00 533.00 530.00 533.00 499.00 1 3 17 
18:59:14 127.73 0.00000000 0.00000000 0.00 0.00 0.00 532.00 529.00 533.00 498.00 1 3 17 
18:59:14 127.93 0.00000000 0.00000000 0.00 0.00 0.00 533.00 529.00 532.00 499.00 1 3 17 
18:59:14 128.13 0.00000000 0.00000000 0.00 0.00 0.00 533.00 529.00 532.00 498.00 1 3 17 
18:59:15 128.33 0.00000000 0.00000000 0.00 0.00 0.00 532.00 528.00 532.00 499.00 1 3 17 
18:59:15 128.53 0.00000000 0.00000000 0.00 0.00 0.00 532.00 528.00 532.00 499.00 1 3 17 
18:59:15 128.73 0.00000000 0.00000000 0.00 0.00 0.00 532.00 529.00 533.00 499.00 1 3 17 
18:59:15 128.93 0.00000000 0.00000000 0.00 0.00 0.00 532.00 529.00 532.00 499.00 1 3 17 
18:59:15 129.13 0.00000000 0.00000000 0.00 0.00 0.00 532.00 529.00 533.00 499.00 1 3 17 
18:59:16 129.33 0.00000000 0.00000000 0.00 0.00 0.00 532.00 529.00 533.00 499.00 1 3 17 
18:59:16 129.53 0.00000000 0.00000000 0.00 0.00 0.00 532.00 528.00 532.00 499.00 1 3 17 
18:59:16 129.73 0.00000000 0.00000000 0.00 0.00 0.00 532.00 528.00 533.00 500.00 1 3 17 
18:59:16 129.93 0.00000000 0.00000000 0.00 0.00 0.00 532.00 528.00 533.00 500.00 1 3 17 
18:59:17 130.13 0.00000000 0.00000000 0.00 0.00 0.00 532.00 528.00 532.00 500.00 1 3 17 
18:59:17 130.34 0.00000000 0.00000000 0.00 0.00 0.00 532.00 528.00 533.00 500.00 1 3 17 
18:59:17 130.54 0.00000000 0.00000000 0.00 0.00 0.00 533.00 528.00 532.00 500.00 1 3 17 
18:59:17 130.74 0.00000000 0.00000000 0.00 0.00 0.00 532.00 528.00 532.00 500.00 1 3 17 
18:59:17 130.94 0.00000000 0.00000000 0.00 0.00 0.00 532.00 529.00 531.00 500.00 1 3 17 
18:59:18 131.14 0.00000000 0.00000000 0.00 0.00 0.00 532.00 528.00 532.00 500.00 1 3 17 
18:59:18 131.34 0.00000000 0.00000000 0.00 0.00 0.00 532.00 528.00 532.00 500.00 1 3 17 
18:59:18 131.54 0.00000000 0.00000000 0.00 0.00 0.00 532.00 528.00 532.00 500.00 1 3 17 
18:59:18 131.74 0.00000000 0.00000000 0.00 0.00 0.00 532.00 528.00 532.00 500.00 1 3 17 
18:59:18 131.94 0.00000000 0.00000000 0.00 0.00 0.00 532.00 528.00 532.00 500.00 1 3 17 
18:59:19 132.15 0.00000000 0.00000000 0.00 0.00 0.00 532.00 528.00 532.00 500.00 1 3 17 
18:59:19 132.35 0.00000000 0.00000000 0.00 0.00 0.00 532.00 528.00 532.00 500.00 1 3 17 
18:59:19 132.55 0.00000000 0.00000000 0.00 0.00 0.00 532.00 528.00 532.00 500.00 1 3 17 
18:59:19 132.75 0.00000000 0.00000000 0.00 0.00 0.00 532.00 528.00 532.00 500.00 1 3 17 
18:59:19 132.95 0.00000000 0.00000000 0.00 0.00 0.00 532.00 528.00 532.00 500.00 1 3 17 
18:59:20 133.15 0.00000000 0.00000000 0.00 0.00 0.00 532.00 528.00 532.00 500.00 1 3 17 
18:59:20 133.35 0.00000000 0.00000000 0.00 0.00 0.00 532.00 528.00 532.00 500.00 1 3 17 
18:59:20 133.55 0.00000000 0.00000000 0.00 0.00 0.00 532.00 528.00 532.00 501.00 1 3 17 
18:59:20 133.75 0.00000000 0.00000000 0.00 0.00 0.00 532.00 528.00 532.00 501.00 1 3 17 
18:59:20 133.95 0.00000000 0.00000000 0.00 0.00 0.00 532.00 528.00 532.00 501.00 1 3 17 
18:59:21 134.15 0.00000000 0.00000000 0.00 0.00 0.00 532.00 528.00 532.00 501.00 1 3 17 
18:59:21 134.35 0.00000000 0.00000000 0.00 0.00 0.00 532.00 528.00 532.00 501.00 1 3 17 
18:59:21 134.55 0.00000000 0.00000000 0.00 0.00 0.00 532.00 528.00 532.00 501.00 1 3 17 
18:59:21 134.75 0.00000000 0.00000000 0.00 0.00 0.00 532.00 529.00 532.00 501.00 1 3 17 
18:59:21 134.96 0.00000000 0.00000000 0.00 0.00 0.00 533.00 529.00 532.00 501.00 1 3 17 
18:59:22 135.16 0.00000000 0.00000000 0.00 0.00 0.00 533.00 529.00 533.00 502.00 1 3 17 
18:59:22 135.36 0.00000000 0.00000000 0.00 0.00 0.00 533.00 529.00 533.00 501.00 1 3 17 
18:59:22 135.56 0.00000000 0.00000000 0.00 0.00 0.00 533.00 529.00 532.00 501.00 1 3 17 
18:59:22 135.76 0.00000000 0.00000000 0.00 0.00 0.00 533.00 529.00 533.00 501.00 1 3 17 
18:59:22 135.96 0.00000000 0.00000000 0.00 0.00 0.00 533.00 529.00 533.00 502.00 1 3 17 
18:59:23 136.16 0.00000000 0.00000000 0.00 0.00 0.00 532.00 529.00 533.00 502.00 1 3 17 
18:59:23 136.36 0.00000000 0.00000000 0.00 0.00 0.00 533.00 529.00 533.00 502.00 1 3 17 
18:59:23 136.56 0.00000000 0.00000000 0.00 0.00 0.00 533.00 529.00 533.00 502.00 1 3 17 
18:59:23 136.76 0.00000000 0.00000000 0.00 0.00 0.00 532.00 529.00 532.00 502.00 1 3 17 
18:59:23 136.97 0.00000000 0.00000000 0.00 0.00 0.00 533.00 528.00 532.00 501.00 1 3 17 
18:59:24 137.17 0.00000000 0.00000000 0.00 0.00 0.00 532.00 528.00 532.00 501.00 1 3 17 
18:59:24 137.37 0.00000000 0.00000000 0.00 0.00 0.00 532.00 528.00 532.00 501.00 1 3 17 
18:59:24 137.57 0.00000000 0.00000000 0.00 0.00 0.00 532.00 528.00 532.00 501.00 1 3 17 
18:59:24 137.77 0.00000000 0.00000000 0.00 0.00 0.00 532.00 528.00 532.00 501.00 1 3 17 
18:59:24 137.97 0.00000000 0.00000000 0.00 0.00 0.00 532.00 528.00 532.00 501.00 1 3 17 
18:59:25 138.17 0.00000000 0.00000000 0.00 0.00 0.00 532.00 528.00 532.00 501.00 1 3 17 
18:59:25 138.38 0.00000000 0.00000000 0.00 0.00 0.00 531.00 528.00 532.00 501.00 1 3 17 
18:59:25 138.58 0.00000000 0.00000000 0.00 0.00 0.00 532.00 528.00 532.00 501.00 1 3 17 
18:59:25 138.78 0.00000000 0.00000000 0.00 0.00 0.00 532.00 528.00 532.00 501.00 1 3 17 
18:59:25 138.98 0.00000000 0.00000000 0.00 0.00 0.00 532.00 528.00 532.00 501.00 1 3 17 
18:59:25 139.18 0.00000000 0.00000000 0.00 0.00 0.00 532.00 528.00 532.00 501.00 1 3 17 
18:59:26 139.38 0.00000000 0.00000000 0.00 0.00 0.00 532.00 528.00 532.00 501.00 1 3 17 
18:59:26 139.58 0.00000000 0.00000000 0.00 0.00 0.00 532.00 528.00 532.00 502.00 1 3 17 
18:59:26 139.78 0.00000000 0.00000000 0.00 0.00 0.00 532.00 528.00 532.00 501.00 1 3 17 
18:59:26 139.98 0.00000000 0.00000000 0.00 0.00 0.00 532.00 528.00 532.00 501.00 1 3 17 
18:59:27 140.18 0.00000000 0.00000000 0.00 0.00 0.00 532.00 528.00 532.00 500.00 1 3 17 
18:59:27 140.38 0.00000000 0.00000000 0.00 0.00 0.00 532.00 528.00 532.00 501.00 1 3 17 
18:59:27 140.58 0.00000000 0.00000000 0.00 0.00 0.00 532.00 528.00 532.00 501.00 1 3 17 
18:59:27 140.79 0.00000000 0.00000000 0.00 0.00 0.00 532.00 528.00 532.00 501.00 1 3 17 
18:59:27 140.99 0.00000000 0.00000000 0.00 0.00 0.00 532.00 528.00 532.00 501.00 1 3 17 
18:59:28 141.19 0.00000000 0.00000000 0.00 0.00 0.00 532.00 528.00 532.00 501.00 1 3 17 
18:59:28 141.39 0.00000000 0.00000000 0.00 0.00 0.00 532.00 528.00 532.00 502.00 1 3 17 
18:59:28 141.59 0.00000000 0.00000000 0.00 0.00 0.00 532.00 528.00 532.00 502.00 1 3 17 
18:59:28 141.79 0.00000000 0.00000000 0.00 0.00 0.00 532.00 528.00 532.00 502.00 1 3 17 
18:59:28 141.99 0.00000000 0.00000000 0.00 0.00 0.00 532.00 528.00 532.00 501.00 1 3 17 
18:59:29 142.19 0.00000000 0.00000000 0.00 0.00 0.00 532.00 528.00 532.00 502.00 1 3 17 
18:59:29 142.39 0.00000000 0.00000000 0.00 0.00 0.00 532.00 528.00 532.00 502.00 1 3 17 
18:59:29 142.59 0.00000000 0.00000000 0.00 0.00 0.00 532.00 528.00 532.00 502.00 1 3 17 
18:59:29 142.79 0.00000000 0.00000000 0.00 0.00 0.00 532.00 529.00 532.00 501.00 1 3 17 
18:59:29 142.99 0.00000000 0.00000000 0.00 0.00 0.00 532.00 528.00 532.00 502.00 1 3 17 
18:59:30 143.19 0.00000000 0.00000000 0.00 0.00 0.00 532.00 528.00 532.00 501.00 1 3 17 
18:59:30 143.40 0.00000000 0.00000000 0.00 0.00 0.00 532.00 528.00 532.00 501.00 1 3 17 
18:59:30 143.60 0.00000000 0.00000000 0.00 0.00 0.00 532.00 528.00 532.00 502.00 1 3 17 
18:59:30 143.80 0.00000000 0.00000000 0.00 0.00 0.00 532.00 528.00 532.00 502.00 1 3 17 
18:59:30 144.00 0.00000000 0.00000000 0.00 0.00 0.00 532.00 528.00 532.00 502.00 1 3 17 
18:59:31 144.20 0.00000000 0.00000000 0.00 0.00 0.00 532.00 529.00 532.00 502.00 1 3 17 
18:59:31 144.40 0.00000000 0.00000000 0.00 0.00 0.00 532.00 529.00 532.00 502.00 1 3 17 
18:59:31 144.60 0.00000000 0.00000000 0.00 0.00 0.00 532.00 528.00 532.00 502.00 1 3 17 
18:59:31 144.80 0.00000000 0.00000000 0.00 0.00 0.00 532.00 528.00 532.00 501.00 1 3 17 
18:59:31 145.00 0.00000000 0.00000000 0.00 0.00 0.00 533.00 529.00 532.00 502.00 1 3 17 
18:59:32 145.20 0.00000000 0.00000000 0.00 0.00 0.00 532.00 529.00 532.00 502.00 1 3 17 
18:59:32 145.40 0.00000000 0.00000000 0.00 0.00 0.00 532.00 529.00 532.00 502.00 1 3 17 
18:59:32 145.60 0.00000000 0.00000000 0.00 0.00 0.00 532.00 529.00 532.00 502.00 1 3 17 
18:59:32 145.80 0.00000000 0.00000000 0.00 0.00 0.00 532.00 528.00 533.00 502.00 1 3 17 
18:59:32 146.00 0.00000000 0.00000000 0.00 0.00 0.00 532.00 529.00 532.00 502.00 1 3 17 
18:59:33 146.20 0.00000000 0.00000000 0.00 0.00 0.00 532.00 529.00 532.00 503.00 1 3 17 
18:59:33 146.40 0.00000000 0.00000000 0.00 0.00 0.00 532.00 529.00 532.00 502.00 1 3 17 
18:59:33 146.61 0.00000000 0.00000000 0.00 0.00 0.00 532.00 529.00 532.00 503.00 1 3 17 
18:59:33 146.81 0.00000000 0.00000000 0.00 0.00 0.00 532.00 529.00 532.00 502.00 1 3 17 
18:59:33 147.01 0.00000000 0.00000000 0.00 0.00 0.00 533.00 529.00 532.00 502.00 1 3 17 
18:59:34 147.21 0.00000000 0.00000000 0.00 0.00 0.00 533.00 529.00 532.00 502.00 1 3 17 
18:59:34 147.41 0.00000000 0.00000000 0.00 0.00 0.00 533.00 529.00 533.00 503.00 1 3 17 
18:59:34 147.61 0.00000000 0.00000000 0.00 0.00 0.00 533.00 529.00 533.00 502.00 1 3 17 
18:59:34 147.81 0.00000000 0.00000000 0.00 0.00 0.00 533.00 529.00 533.00 502.00 1 3 17 
18:59:34 148.01 0.00000000 0.00000000 0.00 0.00 0.00 533.00 529.00 532.00 503.00 1 3 17 
18:59:35 148.21 0.00000000 0.00000000 0.00 0.00 0.00 532.00 529.00 533.00 503.00 1 3 17 
18:59:35 148.41 0.00000000 0.00000000 0.00 0.00 0.00 533.00 529.00 533.00 503.00 1 3 17 
