0:0:0 0.91 0.00000000 0.00000000 -99.00 -99.00 0.00 524.00 524.00 523.00 528.00 23.66 1010.59 57.39 0 0 0 17 
0:0:0 1.11 0.00000000 0.00000000 -99.00 -99.00 0.00 524.00 523.00 524.00 528.00 23.70 1010.57 57.39 0 0 0 17 
0:0:0 1.31 0.00000000 0.00000000 -99.00 -99.00 0.00 524.00 524.00 525.00 528.00 23.71 1010.53 57.38 0 0 0 17 
0:0:0 1.51 0.00000000 0.00000000 -99.00 -99.00 0.00 523.00 524.00 525.00 528.00 23.72 1010.57 57.37 0 0 0 17 
15:16:41 1.71 0.00000000 0.00000000 -99.00 -99.00 0.00 523.00 524.00 525.00 525.00 23.73 1010.55 57.36 0 28 3 17 
15:16:41 1.91 0.00000000 0.00000000 -99.00 -99.00 0.00 523.00 524.00 524.00 528.00 23.72 1010.47 57.35 0 28 3 17 
15:16:41 2.11 0.00000000 0.00000000 -99.00 -99.00 0.00 524.00 524.00 524.00 528.00 23.73 1010.54 57.35 0 28 3 17 
15:16:41 2.31 0.00000000 0.00000000 -99.00 -99.00 0.00 523.00 523.00 525.00 528.00 23.73 1010.53 57.34 0 28 3 17 
15:16:41 2.51 0.00000000 0.00000000 -99.00 -99.00 0.00 524.00 524.00 524.00 528.00 23.73 1010.54 57.33 0 28 3 17 
15:16:42 2.72 0.00000000 0.00000000 -99.00 -99.00 0.00 524.00 524.00 524.00 528.00 23.73 1010.54 57.33 0 28 3 17 
