0:0:0 0.84 0.00000000 0.00000000 0.00 0.00 0.00 522.00 523.00 522.00 527.00 0 0 0 
0:0:0 1.04 0.00000000 0.00000000 0.00 0.00 0.00 521.00 523.00 522.00 527.00 0 0 0 
0:0:0 1.24 0.00000000 0.00000000 0.00 0.00 0.00 522.00 523.00 522.00 527.00 0 0 0 
0:0:0 1.44 0.00000000 0.00000000 0.00 0.00 0.00 522.00 522.00 523.00 526.00 0 0 0 
23:59:46 1.64 0.00000000 0.00000000 0.00 0.00 0.00 521.00 522.00 522.00 527.00 0 0 0 
23:59:46 1.85 0.00000000 0.00000000 0.00 0.00 0.00 520.00 524.00 522.00 527.00 0 0 0 
23:59:46 2.05 0.00000000 0.00000000 0.00 0.00 0.00 521.00 523.00 522.00 526.00 0 0 0 
23:59:46 2.25 0.00000000 0.00000000 0.00 0.00 0.00 521.00 523.00 522.00 527.00 0 0 0 
23:59:46 2.45 0.00000000 0.00000000 0.00 0.00 0.00 521.00 522.00 522.00 527.00 0 0 0 
23:59:46 2.65 0.00000000 0.00000000 0.00 0.00 0.00 521.00 522.00 522.00 526.00 0 0 0 
23:59:46 2.85 0.00000000 0.00000000 0.00 0.00 0.00 521.00 522.00 522.00 527.00 0 0 0 
23:59:46 3.05 0.00000000 0.00000000 0.00 0.00 0.00 521.00 522.00 522.00 527.00 0 0 0 
23:59:46 3.25 0.00000000 0.00000000 0.00 0.00 0.00 521.00 523.00 522.00 526.00 0 0 0 
23:59:46 3.46 0.00000000 0.00000000 0.00 0.00 0.00 521.00 522.00 522.00 527.00 0 0 0 
23:59:46 3.66 0.00000000 0.00000000 0.00 0.00 0.00 521.00 522.00 522.00 526.00 0 0 0 
23:59:46 3.86 0.00000000 0.00000000 0.00 0.00 0.00 521.00 522.00 522.00 527.00 0 0 0 
23:59:46 4.06 0.00000000 0.00000000 0.00 0.00 0.00 520.00 522.00 522.00 526.00 0 0 0 
23:59:46 4.26 0.00000000 0.00000000 0.00 0.00 0.00 521.00 522.00 521.00 527.00 0 0 0 
23:59:46 4.46 0.00000000 0.00000000 0.00 0.00 0.00 521.00 523.00 522.00 527.00 0 0 0 
23:59:46 4.66 0.00000000 0.00000000 0.00 0.00 0.00 521.00 522.00 522.00 527.00 0 0 0 
23:59:46 4.86 0.00000000 0.00000000 0.00 0.00 0.00 521.00 523.00 522.00 526.00 0 0 0 
23:59:46 5.06 0.00000000 0.00000000 0.00 0.00 0.00 521.00 523.00 522.00 526.00 0 0 0 
23:59:46 5.26 0.00000000 0.00000000 0.00 0.00 0.00 521.00 522.00 522.00 527.00 0 0 0 
23:59:46 5.47 0.00000000 0.00000000 0.00 0.00 0.00 521.00 523.00 522.00 526.00 0 0 0 
23:59:46 5.67 0.00000000 0.00000000 0.00 0.00 0.00 521.00 523.00 522.00 527.00 0 0 0 
23:59:46 5.87 0.00000000 0.00000000 0.00 0.00 0.00 521.00 523.00 522.00 527.00 0 0 0 
23:59:46 6.07 0.00000000 0.00000000 0.00 0.00 0.00 521.00 523.00 521.00 527.00 0 0 0 
23:59:46 6.27 0.00000000 0.00000000 0.00 0.00 0.00 521.00 523.00 522.00 526.00 0 0 0 
23:59:46 6.47 0.00000000 0.00000000 0.00 0.00 0.00 521.00 522.00 521.00 526.00 0 0 0 
23:59:51 6.67 0.00000000 0.00000000 0.00 0.00 0.00 521.00 522.00 522.00 527.00 5 1 80 
23:59:51 6.87 0.00000000 0.00000000 0.00 0.00 0.00 521.00 523.00 522.00 527.00 5 1 80 
23:59:51 7.07 0.00000000 0.00000000 0.00 0.00 0.00 521.00 522.00 522.00 527.00 5 1 80 
23:59:51 7.27 0.00000000 0.00000000 0.00 0.00 0.00 521.00 522.00 522.00 526.00 5 1 80 
23:59:51 7.47 0.00000000 0.00000000 0.00 0.00 0.00 521.00 522.00 522.00 526.00 5 1 80 
23:59:52 7.67 0.00000000 0.00000000 0.00 0.00 0.00 521.00 522.00 522.00 526.00 5 1 80 
23:59:52 7.87 0.00000000 0.00000000 0.00 0.00 0.00 521.00 522.00 522.00 526.00 5 1 80 
23:59:52 8.07 0.00000000 0.00000000 0.00 0.00 0.00 521.00 522.00 522.00 526.00 5 1 80 
23:59:52 8.28 0.00000000 0.00000000 0.00 0.00 0.00 521.00 522.00 522.00 526.00 5 1 80 
23:59:52 8.48 0.00000000 0.00000000 0.00 0.00 0.00 521.00 522.00 522.00 526.00 5 1 80 
23:59:53 8.68 0.00000000 0.00000000 0.00 0.00 0.00 521.00 522.00 522.00 526.00 5 1 80 
23:59:53 8.88 0.00000000 0.00000000 0.00 0.00 0.00 521.00 522.00 522.00 526.00 5 1 80 
23:59:53 9.08 0.00000000 0.00000000 0.00 0.00 0.00 521.00 522.00 522.00 526.00 5 1 80 
23:59:53 9.28 0.00000000 0.00000000 0.00 0.00 0.00 521.00 522.00 522.00 526.00 5 1 80 
23:59:53 9.48 0.00000000 0.00000000 0.00 0.00 0.00 521.00 522.00 522.00 526.00 5 1 80 
23:59:54 9.68 0.00000000 0.00000000 0.00 0.00 0.00 521.00 522.00 522.00 527.00 5 1 80 
23:59:54 9.88 0.00000000 0.00000000 0.00 0.00 0.00 521.00 522.00 522.00 526.00 5 1 80 
23:59:54 10.08 0.00000000 0.00000000 0.00 0.00 0.00 521.00 522.00 522.00 526.00 5 1 80 
23:59:54 10.28 0.00000000 0.00000000 0.00 0.00 0.00 521.00 523.00 522.00 526.00 5 1 80 
23:59:55 10.49 0.00000000 0.00000000 0.00 0.00 0.00 521.00 523.00 522.00 526.00 5 1 80 
23:59:55 10.69 0.00000000 0.00000000 0.00 0.00 0.00 522.00 522.00 522.00 526.00 5 1 80 
23:59:55 10.89 0.00000000 0.00000000 0.00 0.00 0.00 521.00 522.00 522.00 527.00 5 1 80 
23:59:55 11.09 0.00000000 0.00000000 0.00 0.00 0.00 521.00 522.00 522.00 526.00 5 1 80 
23:59:55 11.29 0.00000000 0.00000000 0.00 0.00 0.00 521.00 522.00 522.00 526.00 5 1 80 
23:59:56 11.49 0.00000000 0.00000000 0.00 0.00 0.00 521.00 522.00 522.00 527.00 5 1 80 
23:59:56 11.69 0.00000000 0.00000000 0.00 0.00 0.00 521.00 522.00 522.00 526.00 5 1 80 
23:59:56 11.90 0.00000000 0.00000000 0.00 0.00 0.00 521.00 523.00 522.00 526.00 5 1 80 
23:59:56 12.10 0.00000000 0.00000000 0.00 0.00 0.00 521.00 522.00 522.00 526.00 5 1 80 
23:59:56 12.30 0.00000000 0.00000000 0.00 0.00 0.00 521.00 522.00 522.00 526.00 5 1 80 
23:59:57 12.50 0.00000000 0.00000000 0.00 0.00 0.00 521.00 522.00 521.00 526.00 5 1 80 
23:59:57 12.70 0.00000000 0.00000000 0.00 0.00 0.00 521.00 522.00 522.00 526.00 5 1 80 
23:59:57 12.90 0.00000000 0.00000000 0.00 0.00 0.00 521.00 523.00 522.00 526.00 5 1 80 
23:59:57 13.10 0.00000000 0.00000000 0.00 0.00 0.00 521.00 522.00 522.00 526.00 5 1 80 
23:59:57 13.30 0.00000000 0.00000000 0.00 0.00 0.00 521.00 522.00 522.00 526.00 5 1 80 
23:59:58 13.50 0.00000000 0.00000000 0.00 0.00 0.00 521.00 522.00 522.00 526.00 5 1 80 
23:59:58 13.70 0.00000000 0.00000000 0.00 0.00 0.00 521.00 522.00 522.00 526.00 5 1 80 
23:59:58 13.90 0.00000000 0.00000000 0.00 0.00 0.00 521.00 522.00 522.00 527.00 5 1 80 
23:59:58 14.10 0.00000000 0.00000000 0.00 0.00 0.00 521.00 523.00 522.00 526.00 5 1 80 
23:59:58 14.31 0.00000000 0.00000000 0.00 0.00 0.00 521.00 522.00 522.00 527.00 5 1 80 
23:59:59 14.51 0.00000000 0.00000000 0.00 0.00 0.00 521.00 522.00 522.00 526.00 5 1 80 
23:59:59 14.71 0.00000000 0.00000000 0.00 0.00 0.00 521.00 522.00 522.00 526.00 5 1 80 
23:59:59 14.91 0.00000000 0.00000000 0.00 0.00 0.00 521.00 522.00 522.00 525.00 5 1 80 
23:59:59 15.11 0.00000000 0.00000000 0.00 0.00 0.00 521.00 522.00 522.00 526.00 5 1 80 
23:59:59 15.31 0.00000000 0.00000000 0.00 0.00 0.00 521.00 522.00 522.00 526.00 5 1 80 
0:0:0 15.51 0.00000000 0.00000000 0.00 0.00 0.00 521.00 522.00 522.00 526.00 5 1 80 
0:0:0 15.71 0.00000000 0.00000000 0.00 0.00 0.00 521.00 522.00 522.00 526.00 6 1 80 
0:0:0 15.92 0.00000000 0.00000000 0.00 0.00 0.00 521.00 522.00 522.00 526.00 6 1 80 
0:0:0 16.12 0.00000000 0.00000000 0.00 0.00 0.00 521.00 522.00 522.00 526.00 6 1 80 
0:0:0 16.32 0.00000000 0.00000000 0.00 0.00 0.00 521.00 522.00 522.00 526.00 6 1 80 
0:0:1 16.52 0.00000000 0.00000000 0.00 0.00 0.00 521.00 522.00 522.00 526.00 6 1 80 
0:0:1 16.72 0.00000000 0.00000000 0.00 0.00 0.00 521.00 522.00 522.00 526.00 6 1 80 
0:0:1 16.92 0.00000000 0.00000000 0.00 0.00 0.00 521.00 522.00 522.00 526.00 6 1 80 
0:0:1 17.12 0.00000000 0.00000000 0.00 0.00 0.00 521.00 522.00 522.00 526.00 6 1 80 
0:0:1 17.32 0.00000000 0.00000000 0.00 0.00 0.00 521.00 522.00 522.00 526.00 6 1 80 
0:0:2 17.52 0.00000000 0.00000000 0.00 0.00 0.00 521.00 523.00 522.00 526.00 6 1 80 
0:0:2 17.73 0.00000000 0.00000000 0.00 0.00 0.00 521.00 522.00 522.00 526.00 6 1 80 
0:0:2 17.93 0.00000000 0.00000000 0.00 0.00 0.00 522.00 522.00 522.00 526.00 6 1 80 
0:0:2 18.13 0.00000000 0.00000000 0.00 0.00 0.00 521.00 523.00 522.00 526.00 6 1 80 
0:0:2 18.33 0.00000000 0.00000000 0.00 0.00 0.00 521.00 522.00 522.00 526.00 6 1 80 
0:0:3 18.53 0.00000000 0.00000000 0.00 0.00 0.00 521.00 522.00 522.00 525.00 6 1 80 
0:0:3 18.73 0.00000000 0.00000000 0.00 0.00 0.00 521.00 522.00 522.00 526.00 6 1 80 
0:0:3 18.93 0.00000000 0.00000000 0.00 0.00 0.00 521.00 522.00 522.00 526.00 6 1 80 
0:0:3 19.13 0.00000000 0.00000000 0.00 0.00 0.00 521.00 523.00 522.00 526.00 6 1 80 
0:0:3 19.33 0.00000000 0.00000000 0.00 0.00 0.00 521.00 522.00 522.00 526.00 6 1 80 
0:0:4 19.54 0.00000000 0.00000000 0.00 0.00 0.00 521.00 522.00 522.00 526.00 6 1 80 
0:0:4 19.74 0.00000000 0.00000000 0.00 0.00 0.00 521.00 522.00 522.00 526.00 6 1 80 
0:0:4 19.94 0.00000000 0.00000000 0.00 0.00 0.00 521.00 522.00 522.00 526.00 6 1 80 
0:0:4 20.14 0.00000000 0.00000000 0.00 0.00 0.00 521.00 522.00 522.00 526.00 6 1 80 
0:0:4 20.34 0.00000000 0.00000000 0.00 0.00 0.00 521.00 522.00 522.00 526.00 6 1 80 
0:0:5 20.54 0.00000000 0.00000000 0.00 0.00 0.00 521.00 522.00 522.00 526.00 6 1 80 
0:0:5 20.74 0.00000000 0.00000000 0.00 0.00 0.00 522.00 522.00 522.00 526.00 6 1 80 
0:0:5 20.94 0.00000000 0.00000000 0.00 0.00 0.00 521.00 522.00 522.00 526.00 6 1 80 
0:0:5 21.14 0.00000000 0.00000000 0.00 0.00 0.00 521.00 522.00 522.00 526.00 6 1 80 
0:0:5 21.34 0.00000000 0.00000000 0.00 0.00 0.00 521.00 522.00 522.00 526.00 6 1 80 
0:0:6 21.55 0.00000000 0.00000000 0.00 0.00 0.00 521.00 522.00 522.00 526.00 6 1 80 
0:0:6 21.75 0.00000000 0.00000000 0.00 0.00 0.00 521.00 522.00 522.00 526.00 6 1 80 
0:0:6 21.95 0.00000000 0.00000000 0.00 0.00 0.00 521.00 522.00 522.00 526.00 6 1 80 
0:0:6 22.15 0.00000000 0.00000000 0.00 0.00 0.00 521.00 522.00 522.00 526.00 6 1 80 
0:0:6 22.35 0.00000000 0.00000000 0.00 0.00 0.00 521.00 522.00 522.00 526.00 6 1 80 
0:0:7 22.55 0.00000000 0.00000000 0.00 0.00 0.00 521.00 523.00 522.00 526.00 6 1 80 
0:0:7 22.75 0.00000000 0.00000000 0.00 0.00 0.00 521.00 523.00 522.00 526.00 6 1 80 
0:0:7 22.95 0.00000000 0.00000000 0.00 0.00 0.00 521.00 523.00 522.00 526.00 6 1 80 
0:0:7 23.16 0.00000000 0.00000000 0.00 0.00 0.00 521.00 523.00 522.00 526.00 6 1 80 
0:0:7 23.36 0.00000000 0.00000000 0.00 0.00 0.00 521.00 522.00 522.00 526.00 6 1 80 
0:0:8 23.56 0.00000000 0.00000000 0.00 0.00 0.00 521.00 522.00 522.00 527.00 6 1 80 
0:0:8 23.76 0.00000000 0.00000000 0.00 0.00 0.00 521.00 522.00 522.00 526.00 6 1 80 
0:0:8 23.96 0.00000000 0.00000000 0.00 0.00 0.00 521.00 522.00 522.00 527.00 6 1 80 
0:0:8 24.16 0.00000000 0.00000000 0.00 0.00 0.00 521.00 522.00 523.00 526.00 6 1 80 
0:0:8 24.36 0.00000000 0.00000000 0.00 0.00 0.00 521.00 522.00 522.00 526.00 6 1 80 
0:0:9 24.56 0.00000000 0.00000000 0.00 0.00 0.00 521.00 522.00 522.00 526.00 6 1 80 
0:0:9 24.76 0.00000000 0.00000000 0.00 0.00 0.00 522.00 522.00 522.00 526.00 6 1 80 
0:0:9 24.97 0.00000000 0.00000000 0.00 0.00 0.00 521.00 522.00 522.00 527.00 6 1 80 
0:0:9 25.17 0.00000000 0.00000000 0.00 0.00 0.00 521.00 522.00 522.00 526.00 6 1 80 
0:0:9 25.37 0.00000000 0.00000000 0.00 0.00 0.00 521.00 522.00 522.00 526.00 6 1 80 
0:0:10 25.57 0.00000000 0.00000000 0.00 0.00 0.00 521.00 522.00 522.00 526.00 6 1 80 
0:0:10 25.77 0.00000000 0.00000000 0.00 0.00 0.00 521.00 522.00 522.00 526.00 6 1 80 
0:0:10 25.97 0.00000000 0.00000000 0.00 0.00 0.00 521.00 522.00 522.00 526.00 6 1 80 
0:0:10 26.17 0.00000000 0.00000000 0.00 0.00 0.00 521.00 522.00 522.00 526.00 6 1 80 
0:0:10 26.37 0.00000000 0.00000000 0.00 0.00 0.00 521.00 522.00 522.00 526.00 6 1 80 
0:0:11 26.57 0.00000000 0.00000000 0.00 0.00 0.00 521.00 522.00 522.00 526.00 6 1 80 
0:0:11 26.78 0.00000000 0.00000000 0.00 0.00 0.00 521.00 522.00 522.00 526.00 6 1 80 
0:0:11 26.98 0.00000000 0.00000000 0.00 0.00 0.00 521.00 522.00 521.00 527.00 6 1 80 
0:0:11 27.18 0.00000000 0.00000000 0.00 0.00 0.00 521.00 522.00 522.00 526.00 6 1 80 
0:0:11 27.38 0.00000000 0.00000000 0.00 0.00 0.00 521.00 522.00 522.00 526.00 6 1 80 
0:0:12 27.58 0.00000000 0.00000000 0.00 0.00 0.00 521.00 523.00 522.00 526.00 6 1 80 
0:0:12 27.78 0.00000000 0.00000000 0.00 0.00 0.00 521.00 522.00 522.00 526.00 6 1 80 
0:0:12 27.98 0.00000000 0.00000000 0.00 0.00 0.00 521.00 522.00 522.00 526.00 6 1 80 
0:0:12 28.18 0.00000000 0.00000000 0.00 0.00 0.00 521.00 522.00 522.00 526.00 6 1 80 
0:0:12 28.38 0.00000000 0.00000000 0.00 0.00 0.00 521.00 522.00 522.00 526.00 6 1 80 
0:0:13 28.59 0.00000000 0.00000000 0.00 0.00 0.00 521.00 522.00 522.00 526.00 6 1 80 
0:0:13 28.79 0.00000000 0.00000000 0.00 0.00 0.00 521.00 522.00 522.00 526.00 6 1 80 
0:0:13 28.99 0.00000000 0.00000000 0.00 0.00 0.00 521.00 522.00 522.00 527.00 6 1 80 
0:0:13 29.19 0.00000000 0.00000000 0.00 0.00 0.00 521.00 522.00 522.00 527.00 6 1 80 
0:0:13 29.39 0.00000000 0.00000000 0.00 0.00 0.00 521.00 522.00 522.00 526.00 6 1 80 
0:0:14 29.59 0.00000000 0.00000000 0.00 0.00 0.00 522.00 522.00 522.00 526.00 6 1 80 
0:0:14 29.79 0.00000000 0.00000000 0.00 0.00 0.00 521.00 522.00 522.00 526.00 6 1 80 
0:0:14 30.00 0.00000000 0.00000000 0.00 0.00 0.00 521.00 522.00 522.00 526.00 6 1 80 
0:0:14 30.20 0.00000000 0.00000000 0.00 0.00 0.00 521.00 522.00 522.00 526.00 6 1 80 
0:0:14 30.40 0.00000000 0.00000000 0.00 0.00 0.00 521.00 522.00 522.00 526.00 6 1 80 
0:0:15 30.60 0.00000000 0.00000000 0.00 0.00 0.00 521.00 522.00 521.00 526.00 6 1 80 
0:0:15 30.80 0.00000000 0.00000000 0.00 0.00 0.00 521.00 522.00 522.00 527.00 6 1 80 
0:0:15 31.00 0.00000000 0.00000000 0.00 0.00 0.00 521.00 522.00 522.00 526.00 6 1 80 
0:0:15 31.20 0.00000000 0.00000000 0.00 0.00 0.00 521.00 523.00 522.00 526.00 6 1 80 
0:0:15 31.40 0.00000000 0.00000000 0.00 0.00 0.00 521.00 522.00 522.00 526.00 6 1 80 
0:0:16 31.60 0.00000000 0.00000000 0.00 0.00 0.00 521.00 522.00 522.00 526.00 6 1 80 
0:0:16 31.80 0.00000000 0.00000000 0.00 0.00 0.00 521.00 522.00 522.00 527.00 6 1 80 
0:0:16 32.01 0.00000000 0.00000000 0.00 0.00 0.00 521.00 522.00 522.00 526.00 6 1 80 
0:0:16 32.21 0.00000000 0.00000000 0.00 0.00 0.00 521.00 522.00 522.00 526.00 6 1 80 
0:0:16 32.41 0.00000000 0.00000000 0.00 0.00 0.00 521.00 522.00 522.00 527.00 6 1 80 
0:0:17 32.61 0.00000000 0.00000000 0.00 0.00 0.00 521.00 522.00 522.00 526.00 6 1 80 
0:0:17 32.81 0.00000000 0.00000000 0.00 0.00 0.00 521.00 522.00 522.00 526.00 6 1 80 
0:0:17 33.01 0.00000000 0.00000000 0.00 0.00 0.00 521.00 521.00 522.00 526.00 6 1 80 
0:0:17 33.21 0.00000000 0.00000000 0.00 0.00 0.00 521.00 522.00 522.00 526.00 6 1 80 
0:0:17 33.41 0.00000000 0.00000000 0.00 0.00 0.00 522.00 523.00 522.00 526.00 6 1 80 
0:0:18 33.62 0.00000000 0.00000000 0.00 0.00 0.00 521.00 522.00 522.00 526.00 6 1 80 
0:0:18 33.82 0.00000000 0.00000000 0.00 0.00 0.00 521.00 522.00 522.00 526.00 6 1 80 
0:0:18 34.02 0.00000000 0.00000000 0.00 0.00 0.00 521.00 522.00 522.00 526.00 6 1 80 
0:0:18 34.22 0.00000000 0.00000000 0.00 0.00 0.00 521.00 522.00 522.00 526.00 6 1 80 
0:0:18 34.42 0.00000000 0.00000000 0.00 0.00 0.00 521.00 522.00 522.00 527.00 6 1 80 
0:0:19 34.62 0.00000000 0.00000000 0.00 0.00 0.00 521.00 523.00 522.00 527.00 6 1 80 
0:0:19 34.82 0.00000000 0.00000000 0.00 0.00 0.00 521.00 522.00 522.00 527.00 6 1 80 
0:0:19 35.02 0.00000000 0.00000000 0.00 0.00 0.00 521.00 522.00 522.00 526.00 6 1 80 
0:0:19 35.22 0.00000000 0.00000000 0.00 0.00 0.00 521.00 523.00 522.00 526.00 6 1 80 
0:0:19 35.43 0.00000000 0.00000000 0.00 0.00 0.00 520.00 522.00 522.00 526.00 6 1 80 
0:0:20 35.63 0.00000000 0.00000000 0.00 0.00 0.00 521.00 522.00 522.00 526.00 6 1 80 
0:0:20 35.83 0.00000000 0.00000000 0.00 0.00 0.00 520.00 522.00 522.00 526.00 6 1 80 
0:0:20 36.03 0.00000000 0.00000000 0.00 0.00 0.00 521.00 522.00 522.00 526.00 6 1 80 
0:0:20 36.23 0.00000000 0.00000000 0.00 0.00 0.00 521.00 523.00 522.00 526.00 6 1 80 
0:0:20 36.43 0.00000000 0.00000000 0.00 0.00 0.00 521.00 523.00 522.00 526.00 6 1 80 
0:0:21 36.63 0.00000000 0.00000000 0.00 0.00 0.00 521.00 522.00 522.00 526.00 6 1 80 
0:0:21 36.83 0.00000000 0.00000000 0.00 0.00 0.00 521.00 522.00 522.00 526.00 6 1 80 
0:0:21 37.04 0.00000000 0.00000000 0.00 0.00 0.00 521.00 522.00 523.00 527.00 6 1 80 
0:0:21 37.24 0.00000000 0.00000000 0.00 0.00 0.00 521.00 522.00 522.00 526.00 6 1 80 
0:0:21 37.44 0.00000000 0.00000000 0.00 0.00 0.00 521.00 522.00 522.00 526.00 6 1 80 
0:0:21 37.64 0.00000000 0.00000000 0.00 0.00 0.00 521.00 522.00 522.00 526.00 6 1 80 
0:0:21 37.84 0.00000000 0.00000000 0.00 0.00 0.00 521.00 522.00 522.00 526.00 6 1 80 
0:0:21 38.04 0.00000000 0.00000000 0.00 0.00 0.00 521.00 522.00 522.00 526.00 6 1 80 
0:0:21 38.24 0.00000000 0.00000000 0.00 0.00 0.00 521.00 522.00 522.00 526.00 6 1 80 
0:0:21 38.44 0.00000000 0.00000000 0.00 0.00 0.00 521.00 523.00 522.00 526.00 6 1 80 
0:0:21 38.64 0.00000000 0.00000000 0.00 0.00 0.00 521.00 523.00 522.00 526.00 6 1 80 
0:0:21 38.85 0.00000000 0.00000000 0.00 0.00 0.00 521.00 522.00 522.00 526.00 6 1 80 
0:0:21 39.05 0.00000000 0.00000000 0.00 0.00 0.00 521.00 523.00 522.00 526.00 6 1 80 
0:0:21 39.25 0.00000000 0.00000000 0.00 0.00 0.00 521.00 522.00 522.00 526.00 6 1 80 
0:0:21 39.45 0.00000000 0.00000000 0.00 0.00 0.00 521.00 523.00 522.00 526.00 6 1 80 
0:0:21 39.65 0.00000000 0.00000000 0.00 0.00 0.00 521.00 522.00 522.00 526.00 6 1 80 
0:0:21 39.85 0.00000000 0.00000000 0.00 0.00 0.00 521.00 522.00 522.00 526.00 6 1 80 
0:0:21 40.05 0.00000000 0.00000000 0.00 0.00 0.00 521.00 522.00 522.00 527.00 6 1 80 
0:0:21 40.25 0.00000000 0.00000000 0.00 0.00 0.00 521.00 522.00 522.00 526.00 6 1 80 
0:0:21 40.46 0.00000000 0.00000000 0.00 0.00 0.00 521.00 522.00 522.00 526.00 6 1 80 
0:0:21 40.66 0.00000000 0.00000000 0.00 0.00 0.00 521.00 522.00 522.00 526.00 6 1 80 
0:0:21 40.86 0.00000000 0.00000000 0.00 0.00 0.00 521.00 522.00 522.00 526.00 6 1 80 
0:0:21 41.06 0.00000000 0.00000000 0.00 0.00 0.00 521.00 522.00 523.00 526.00 6 1 80 
0:0:21 41.26 0.00000000 0.00000000 0.00 0.00 0.00 521.00 522.00 522.00 526.00 6 1 80 
0:0:21 41.46 0.00000000 0.00000000 0.00 0.00 0.00 521.00 522.00 522.00 526.00 6 1 80 
0:0:21 41.66 0.00000000 0.00000000 0.00 0.00 0.00 521.00 522.00 522.00 527.00 6 1 80 
0:0:21 41.86 0.00000000 0.00000000 0.00 0.00 0.00 521.00 522.00 522.00 526.00 6 1 80 
0:0:21 42.06 0.00000000 0.00000000 0.00 0.00 0.00 521.00 522.00 522.00 527.00 6 1 80 
0:0:21 42.27 0.00000000 0.00000000 0.00 0.00 0.00 521.00 522.00 522.00 527.00 6 1 80 
0:0:21 42.47 0.00000000 0.00000000 0.00 0.00 0.00 522.00 522.00 522.00 526.00 6 1 80 
0:0:21 42.67 0.00000000 0.00000000 0.00 0.00 0.00 521.00 522.00 522.00 526.00 6 1 80 
0:0:21 42.87 0.00000000 0.00000000 0.00 0.00 0.00 521.00 522.00 522.00 527.00 6 1 80 
0:0:21 43.07 0.00000000 0.00000000 0.00 0.00 0.00 521.00 522.00 522.00 526.00 6 1 80 
0:0:21 43.27 0.00000000 0.00000000 0.00 0.00 0.00 521.00 523.00 522.00 526.00 6 1 80 
0:0:21 43.47 0.00000000 0.00000000 0.00 0.00 0.00 521.00 522.00 522.00 526.00 6 1 80 
0:0:21 43.67 0.00000000 0.00000000 0.00 0.00 0.00 521.00 522.00 522.00 526.00 6 1 80 
0:0:21 43.87 0.00000000 0.00000000 0.00 0.00 0.00 521.00 522.00 522.00 526.00 6 1 80 
0:0:21 44.08 0.00000000 0.00000000 0.00 0.00 0.00 521.00 523.00 522.00 526.00 6 1 80 
0:0:21 44.28 0.00000000 0.00000000 0.00 0.00 0.00 521.00 522.00 522.00 526.00 6 1 80 
0:0:21 44.48 0.00000000 0.00000000 0.00 0.00 0.00 521.00 523.00 522.00 526.00 6 1 80 
0:0:21 44.68 0.00000000 0.00000000 0.00 0.00 0.00 521.00 522.00 522.00 527.00 6 1 80 
0:0:21 44.88 0.00000000 0.00000000 0.00 0.00 0.00 521.00 522.00 522.00 526.00 6 1 80 
0:0:21 45.08 0.00000000 0.00000000 0.00 0.00 0.00 521.00 522.00 522.00 526.00 6 1 80 
0:0:21 45.28 0.00000000 0.00000000 0.00 0.00 0.00 521.00 522.00 522.00 527.00 6 1 80 
0:0:21 45.48 0.00000000 0.00000000 0.00 0.00 0.00 522.00 522.00 522.00 526.00 6 1 80 
0:0:30 45.69 0.00000000 0.00000000 0.00 0.00 0.00 521.00 523.00 523.00 527.00 6 1 80 
0:0:30 45.89 0.00000000 0.00000000 0.00 0.00 0.00 521.00 522.00 522.00 526.00 6 1 80 
0:0:30 46.09 0.00000000 0.00000000 0.00 0.00 0.00 521.00 522.00 522.00 526.00 6 1 80 
0:0:30 46.29 0.00000000 0.00000000 0.00 0.00 0.00 521.00 522.00 522.00 526.00 6 1 80 
0:0:30 46.49 0.00000000 0.00000000 0.00 0.00 0.00 521.00 522.00 522.00 526.00 6 1 80 
0:0:31 46.69 0.00000000 0.00000000 0.00 0.00 0.00 521.00 523.00 522.00 526.00 6 1 80 
0:0:31 46.89 0.00000000 0.00000000 0.00 0.00 0.00 521.00 522.00 522.00 526.00 6 1 80 
0:0:31 47.09 0.00000000 0.00000000 0.00 0.00 0.00 521.00 522.00 522.00 526.00 6 1 80 
0:0:31 47.29 0.00000000 0.00000000 0.00 0.00 0.00 522.00 522.00 522.00 527.00 6 1 80 
0:0:32 47.50 0.00000000 0.00000000 0.00 0.00 0.00 521.00 523.00 522.00 526.00 6 1 80 
0:0:32 47.70 0.00000000 0.00000000 0.00 0.00 0.00 521.00 522.00 522.00 526.00 6 1 80 
0:0:32 47.90 0.00000000 0.00000000 0.00 0.00 0.00 521.00 523.00 522.00 526.00 6 1 80 
0:0:32 48.10 0.00000000 0.00000000 0.00 0.00 0.00 521.00 522.00 522.00 527.00 6 1 80 
0:0:32 48.30 0.00000000 0.00000000 0.00 0.00 0.00 521.00 522.00 522.00 526.00 6 1 80 
0:0:33 48.51 0.00000000 0.00000000 0.00 0.00 0.00 521.00 522.00 522.00 526.00 6 1 80 
0:0:33 48.71 0.00000000 0.00000000 0.00 0.00 0.00 521.00 522.00 522.00 526.00 6 1 80 
0:0:33 48.91 0.00000000 0.00000000 0.00 0.00 0.00 521.00 522.00 522.00 526.00 6 1 80 
0:0:33 49.11 0.00000000 0.00000000 0.00 0.00 0.00 521.00 522.00 522.00 526.00 6 1 80 
0:0:33 49.31 0.00000000 0.00000000 0.00 0.00 0.00 521.00 522.00 522.00 526.00 6 1 80 
0:0:34 49.51 0.00000000 0.00000000 0.00 0.00 0.00 521.00 522.00 522.00 526.00 6 1 80 
0:0:34 49.71 0.00000000 0.00000000 0.00 0.00 0.00 521.00 522.00 523.00 527.00 6 1 80 
0:0:34 49.91 0.00000000 0.00000000 0.00 0.00 0.00 521.00 522.00 522.00 526.00 6 1 80 
0:0:34 50.11 0.00000000 0.00000000 0.00 0.00 0.00 522.00 522.00 522.00 526.00 6 1 80 
0:0:34 50.31 0.00000000 0.00000000 0.00 0.00 0.00 521.00 523.00 522.00 527.00 6 1 80 
0:0:35 50.52 0.00000000 0.00000000 0.00 0.00 0.00 521.00 522.00 522.00 526.00 6 1 80 
0:0:35 50.72 0.00000000 0.00000000 0.00 0.00 0.00 521.00 522.00 522.00 527.00 6 1 80 
0:0:35 50.92 0.00000000 0.00000000 0.00 0.00 0.00 521.00 522.00 522.00 527.00 6 1 80 
0:0:35 51.12 0.00000000 0.00000000 0.00 0.00 0.00 521.00 522.00 522.00 526.00 6 1 80 
0:0:35 51.32 0.00000000 0.00000000 0.00 0.00 0.00 521.00 523.00 522.00 526.00 6 1 80 
0:0:36 51.52 0.00000000 0.00000000 0.00 0.00 0.00 521.00 522.00 522.00 526.00 6 1 80 
0:0:36 51.72 0.00000000 0.00000000 0.00 0.00 0.00 521.00 523.00 522.00 526.00 6 1 80 
0:0:36 51.92 0.00000000 0.00000000 0.00 0.00 0.00 521.00 523.00 522.00 526.00 6 1 80 
0:0:36 52.12 0.00000000 0.00000000 0.00 0.00 0.00 521.00 523.00 522.00 526.00 6 1 80 
0:0:36 52.32 0.00000000 0.00000000 0.00 0.00 0.00 521.00 522.00 522.00 526.00 6 1 80 
0:0:37 52.53 0.00000000 0.00000000 0.00 0.00 0.00 521.00 522.00 522.00 526.00 6 1 80 
0:0:37 52.73 0.00000000 0.00000000 0.00 0.00 0.00 521.00 522.00 522.00 526.00 6 1 80 
0:0:37 52.93 0.00000000 0.00000000 0.00 0.00 0.00 521.00 522.00 522.00 526.00 6 1 80 
0:0:37 53.13 0.00000000 0.00000000 0.00 0.00 0.00 521.00 522.00 523.00 527.00 6 1 80 
0:0:37 53.33 0.00000000 0.00000000 0.00 0.00 0.00 521.00 522.00 522.00 526.00 6 1 80 
0:0:38 53.53 0.00000000 0.00000000 0.00 0.00 0.00 521.00 522.00 523.00 526.00 6 1 80 
0:0:38 53.73 0.00000000 0.00000000 0.00 0.00 0.00 521.00 522.00 522.00 527.00 6 1 80 
0:0:38 53.93 0.00000000 0.00000000 0.00 0.00 0.00 522.00 522.00 522.00 526.00 6 1 80 
0:0:38 54.13 0.00000000 0.00000000 0.00 0.00 0.00 521.00 522.00 522.00 526.00 6 1 80 
0:0:38 54.34 0.00000000 0.00000000 0.00 0.00 0.00 521.00 522.00 522.00 526.00 6 1 80 
0:0:39 54.54 0.00000000 0.00000000 0.00 0.00 0.00 521.00 522.00 522.00 525.00 6 1 80 
0:0:39 54.74 0.00000000 0.00000000 0.00 0.00 0.00 521.00 523.00 522.00 526.00 6 1 80 
0:0:39 54.94 0.00000000 0.00000000 0.00 0.00 0.00 521.00 523.00 522.00 527.00 6 1 80 
0:0:39 55.14 0.00000000 0.00000000 0.00 0.00 0.00 521.00 522.00 522.00 526.00 6 1 80 
0:0:39 55.34 0.00000000 0.00000000 0.00 0.00 0.00 521.00 522.00 522.00 527.00 6 1 80 
0:0:40 55.54 0.00000000 0.00000000 0.00 0.00 0.00 521.00 522.00 522.00 526.00 6 1 80 
0:0:40 55.74 0.00000000 0.00000000 0.00 0.00 0.00 521.00 523.00 522.00 526.00 6 1 80 
0:0:40 55.95 0.00000000 0.00000000 0.00 0.00 0.00 521.00 522.00 522.00 526.00 6 1 80 
0:0:40 56.15 0.00000000 0.00000000 0.00 0.00 0.00 521.00 522.00 522.00 526.00 6 1 80 
0:0:40 56.35 0.00000000 0.00000000 0.00 0.00 0.00 521.00 522.00 522.00 527.00 6 1 80 
0:0:41 56.55 0.00000000 0.00000000 0.00 0.00 0.00 521.00 522.00 522.00 527.00 6 1 80 
0:0:41 56.75 0.00000000 0.00000000 0.00 0.00 0.00 521.00 523.00 522.00 526.00 6 1 80 
0:0:41 56.95 0.00000000 0.00000000 0.00 0.00 0.00 521.00 522.00 521.00 526.00 6 1 80 
0:0:41 57.15 0.00000000 0.00000000 0.00 0.00 0.00 521.00 522.00 523.00 526.00 6 1 80 
0:0:41 57.35 0.00000000 0.00000000 0.00 0.00 0.00 521.00 522.00 522.00 526.00 6 1 80 
0:0:42 57.55 0.00000000 0.00000000 0.00 0.00 0.00 521.00 523.00 522.00 526.00 6 1 80 
0:0:42 57.75 0.00000000 0.00000000 0.00 0.00 0.00 521.00 522.00 522.00 526.00 6 1 80 
0:0:42 57.96 0.00000000 0.00000000 0.00 0.00 0.00 521.00 522.00 522.00 526.00 6 1 80 
0:0:42 58.16 0.00000000 0.00000000 0.00 0.00 0.00 521.00 523.00 521.00 526.00 6 1 80 
0:0:42 58.36 0.00000000 0.00000000 0.00 0.00 0.00 521.00 523.00 522.00 527.00 6 1 80 
0:0:43 58.56 0.00000000 0.00000000 0.00 0.00 0.00 521.00 522.00 522.00 527.00 6 1 80 
0:0:43 58.76 0.00000000 0.00000000 0.00 0.00 0.00 521.00 523.00 522.00 526.00 6 1 80 
0:0:43 58.96 0.00000000 0.00000000 0.00 0.00 0.00 521.00 523.00 522.00 526.00 6 1 80 
0:0:43 59.16 0.00000000 0.00000000 0.00 0.00 0.00 521.00 522.00 522.00 526.00 6 1 80 
0:0:43 59.36 0.00000000 0.00000000 0.00 0.00 0.00 521.00 522.00 522.00 527.00 6 1 80 
0:0:44 59.56 0.00000000 0.00000000 0.00 0.00 0.00 521.00 522.00 522.00 527.00 6 1 80 
0:0:44 59.76 0.00000000 0.00000000 0.00 0.00 0.00 521.00 522.00 522.00 526.00 6 1 80 
0:0:44 59.97 0.00000000 0.00000000 0.00 0.00 0.00 521.00 522.00 522.00 526.00 6 1 80 
0:0:44 60.17 0.00000000 0.00000000 0.00 0.00 0.00 521.00 522.00 522.00 526.00 6 1 80 
0:0:44 60.37 0.00000000 0.00000000 0.00 0.00 0.00 521.00 522.00 522.00 526.00 6 1 80 
0:0:45 60.57 0.00000000 0.00000000 0.00 0.00 0.00 520.00 522.00 522.00 526.00 6 1 80 
0:0:45 60.77 0.00000000 0.00000000 0.00 0.00 0.00 521.00 522.00 522.00 526.00 6 1 80 
0:0:45 60.97 0.00000000 0.00000000 0.00 0.00 0.00 522.00 523.00 522.00 526.00 6 1 80 
0:0:45 61.17 0.00000000 0.00000000 0.00 0.00 0.00 521.00 522.00 522.00 526.00 6 1 80 
0:0:45 61.37 0.00000000 0.00000000 0.00 0.00 0.00 521.00 522.00 522.00 526.00 6 1 80 
0:0:46 61.57 0.00000000 0.00000000 0.00 0.00 0.00 521.00 523.00 522.00 527.00 6 1 80 
0:0:46 61.78 0.00000000 0.00000000 0.00 0.00 0.00 521.00 522.00 522.00 527.00 6 1 80 
0:0:46 61.98 0.00000000 0.00000000 0.00 0.00 0.00 521.00 522.00 522.00 527.00 6 1 80 
0:0:46 62.18 0.00000000 0.00000000 0.00 0.00 0.00 522.00 522.00 522.00 526.00 6 1 80 
0:0:46 62.38 0.00000000 0.00000000 0.00 0.00 0.00 521.00 523.00 522.00 526.00 6 1 80 
0:0:47 62.58 0.00000000 0.00000000 0.00 0.00 0.00 521.00 522.00 522.00 526.00 6 1 80 
0:0:47 62.78 0.00000000 0.00000000 0.00 0.00 0.00 521.00 523.00 522.00 526.00 6 1 80 
0:0:47 62.98 0.00000000 0.00000000 0.00 0.00 0.00 521.00 522.00 522.00 526.00 6 1 80 
0:0:47 63.18 0.00000000 0.00000000 0.00 0.00 0.00 521.00 523.00 522.00 527.00 6 1 80 
0:0:47 63.38 0.00000000 0.00000000 0.00 0.00 0.00 521.00 523.00 522.00 526.00 6 1 80 
0:0:48 63.59 0.00000000 0.00000000 0.00 0.00 0.00 521.00 522.00 522.00 526.00 6 1 80 
0:0:48 63.79 0.00000000 0.00000000 0.00 0.00 0.00 521.00 523.00 522.00 527.00 6 1 80 
0:0:48 63.99 0.00000000 0.00000000 0.00 0.00 0.00 521.00 522.00 522.00 526.00 6 1 80 
0:0:48 64.19 0.00000000 0.00000000 0.00 0.00 0.00 521.00 522.00 522.00 527.00 6 1 80 
0:0:48 64.39 0.00000000 0.00000000 0.00 0.00 0.00 521.00 522.00 522.00 526.00 6 1 80 
0:0:49 64.59 0.00000000 0.00000000 0.00 0.00 0.00 521.00 522.00 522.00 527.00 6 1 80 
0:0:49 64.79 0.00000000 0.00000000 0.00 0.00 0.00 521.00 523.00 522.00 526.00 6 1 80 
0:0:49 64.99 0.00000000 0.00000000 0.00 0.00 0.00 521.00 522.00 522.00 526.00 6 1 80 
0:0:49 65.19 0.00000000 0.00000000 0.00 0.00 0.00 521.00 522.00 522.00 526.00 6 1 80 
0:0:49 65.39 0.00000000 0.00000000 0.00 0.00 0.00 522.00 523.00 522.00 526.00 6 1 80 
0:0:50 65.59 0.00000000 0.00000000 0.00 0.00 0.00 521.00 524.00 522.00 526.00 6 1 80 
0:0:50 65.79 0.00000000 0.00000000 0.00 0.00 0.00 521.00 523.00 522.00 527.00 6 1 80 
0:0:50 65.99 0.00000000 0.00000000 0.00 0.00 0.00 521.00 522.00 522.00 526.00 6 1 80 
0:0:50 66.19 0.00000000 0.00000000 0.00 0.00 0.00 521.00 522.00 522.00 526.00 6 1 80 
0:0:50 66.40 0.00000000 0.00000000 0.00 0.00 0.00 521.00 522.00 522.00 526.00 6 1 80 
0:0:51 66.60 0.00000000 0.00000000 0.00 0.00 0.00 521.00 523.00 522.00 526.00 6 1 80 
0:0:51 66.80 0.00000000 0.00000000 0.00 0.00 0.00 521.00 523.00 523.00 527.00 6 1 80 
0:0:51 67.00 0.00000000 0.00000000 0.00 0.00 0.00 521.00 523.00 522.00 526.00 6 1 80 
0:0:51 67.20 0.00000000 0.00000000 0.00 0.00 0.00 521.00 523.00 522.00 526.00 6 1 80 
0:0:51 67.40 0.00000000 0.00000000 0.00 0.00 0.00 521.00 522.00 522.00 526.00 6 1 80 
0:0:52 67.60 0.00000000 0.00000000 0.00 0.00 0.00 521.00 522.00 522.00 527.00 6 1 80 
0:0:52 67.80 0.00000000 0.00000000 0.00 0.00 0.00 521.00 522.00 522.00 526.00 6 1 80 
0:0:52 68.00 0.00000000 0.00000000 0.00 0.00 0.00 521.00 522.00 522.00 527.00 6 1 80 
0:0:52 68.20 0.00000000 0.00000000 0.00 0.00 0.00 521.00 523.00 522.00 526.00 6 1 80 
0:0:52 68.40 0.00000000 0.00000000 0.00 0.00 0.00 521.00 522.00 522.00 526.00 6 1 80 
0:0:53 68.60 0.00000000 0.00000000 0.00 0.00 0.00 521.00 522.00 522.00 526.00 6 1 80 
0:0:53 68.80 0.00000000 0.00000000 0.00 0.00 0.00 521.00 522.00 522.00 526.00 6 1 80 
0:0:53 69.00 0.00000000 0.00000000 0.00 0.00 0.00 521.00 522.00 522.00 526.00 6 1 80 
0:0:53 69.21 0.00000000 0.00000000 0.00 0.00 0.00 521.00 523.00 522.00 526.00 6 1 80 
0:0:53 69.41 0.00000000 0.00000000 0.00 0.00 0.00 522.00 522.00 522.00 527.00 6 1 80 
0:0:54 69.61 0.00000000 0.00000000 0.00 0.00 0.00 521.00 522.00 522.00 527.00 6 1 80 
0:0:54 69.81 0.00000000 0.00000000 0.00 0.00 0.00 521.00 522.00 522.00 526.00 6 1 80 
0:0:54 70.01 0.00000000 0.00000000 0.00 0.00 0.00 522.00 522.00 522.00 526.00 6 1 80 
0:0:54 70.21 0.00000000 0.00000000 0.00 0.00 0.00 521.00 522.00 522.00 526.00 6 1 80 
0:0:54 70.41 0.00000000 0.00000000 0.00 0.00 0.00 521.00 522.00 522.00 527.00 6 1 80 
0:0:55 70.61 0.00000000 0.00000000 0.00 0.00 0.00 521.00 522.00 522.00 526.00 6 1 80 
0:0:55 70.81 0.00000000 0.00000000 0.00 0.00 0.00 522.00 522.00 522.00 527.00 6 1 80 
0:0:55 71.01 0.00000000 0.00000000 0.00 0.00 0.00 522.00 522.00 522.00 526.00 6 1 80 
0:0:55 71.21 0.00000000 0.00000000 0.00 0.00 0.00 521.00 522.00 522.00 526.00 6 1 80 
0:0:55 71.41 0.00000000 0.00000000 0.00 0.00 0.00 521.00 523.00 522.00 527.00 6 1 80 
0:0:56 71.61 0.00000000 0.00000000 0.00 0.00 0.00 521.00 522.00 522.00 527.00 6 1 80 
0:0:56 71.81 0.00000000 0.00000000 0.00 0.00 0.00 521.00 523.00 523.00 527.00 6 1 80 
0:0:56 72.01 0.00000000 0.00000000 0.00 0.00 0.00 521.00 522.00 522.00 526.00 6 1 80 
0:0:56 72.22 0.00000000 0.00000000 0.00 0.00 0.00 521.00 522.00 522.00 526.00 6 1 80 
0:0:56 72.42 0.00000000 0.00000000 0.00 0.00 0.00 521.00 522.00 523.00 526.00 6 1 80 
0:0:57 72.62 0.00000000 0.00000000 0.00 0.00 0.00 521.00 522.00 521.00 526.00 6 1 80 
0:0:57 72.82 0.00000000 0.00000000 0.00 0.00 0.00 521.00 523.00 522.00 526.00 6 1 80 
0:0:57 73.02 0.00000000 0.00000000 0.00 0.00 0.00 521.00 522.00 522.00 527.00 6 1 80 
0:0:57 73.22 0.00000000 0.00000000 0.00 0.00 0.00 521.00 522.00 522.00 527.00 6 1 80 
0:0:57 73.42 0.00000000 0.00000000 0.00 0.00 0.00 521.00 523.00 522.00 526.00 6 1 80 
0:0:58 73.62 0.00000000 0.00000000 0.00 0.00 0.00 521.00 523.00 522.00 526.00 6 1 80 
0:0:58 73.82 0.00000000 0.00000000 0.00 0.00 0.00 522.00 522.00 522.00 526.00 6 1 80 
0:0:58 74.02 0.00000000 0.00000000 0.00 0.00 0.00 521.00 522.00 522.00 526.00 6 1 80 
0:0:58 74.22 0.00000000 0.00000000 0.00 0.00 0.00 521.00 522.00 522.00 526.00 6 1 80 
0:0:58 74.43 0.00000000 0.00000000 0.00 0.00 0.00 522.00 522.00 522.00 526.00 6 1 80 
0:0:59 74.63 0.00000000 0.00000000 0.00 0.00 0.00 521.00 523.00 523.00 527.00 6 1 80 
0:0:59 74.83 0.00000000 0.00000000 0.00 0.00 0.00 521.00 522.00 522.00 527.00 6 1 80 
0:0:59 75.03 0.00000000 0.00000000 0.00 0.00 0.00 521.00 522.00 522.00 526.00 6 1 80 
0:0:59 75.23 0.00000000 0.00000000 0.00 0.00 0.00 521.00 522.00 523.00 527.00 6 1 80 
0:0:59 75.43 0.00000000 0.00000000 0.00 0.00 0.00 521.00 522.00 522.00 527.00 6 1 80 
0:1:0 75.63 0.00000000 0.00000000 0.00 0.00 0.00 521.00 523.00 522.00 526.00 6 1 80 
0:1:0 75.83 0.00000000 0.00000000 0.00 0.00 0.00 521.00 523.00 522.00 526.00 6 1 80 
0:1:0 76.03 0.00000000 0.00000000 0.00 0.00 0.00 521.00 522.00 522.00 526.00 6 1 80 
0:1:0 76.23 0.00000000 0.00000000 0.00 0.00 0.00 521.00 523.00 522.00 526.00 6 1 80 
0:1:0 76.43 0.00000000 0.00000000 0.00 0.00 0.00 521.00 522.00 522.00 526.00 6 1 80 
0:1:0 76.64 0.00000000 0.00000000 0.00 0.00 0.00 522.00 522.00 522.00 527.00 6 1 80 
0:1:1 76.84 0.00000000 0.00000000 0.00 0.00 0.00 521.00 523.00 522.00 526.00 6 1 80 
0:1:1 77.04 0.00000000 0.00000000 0.00 0.00 0.00 521.00 523.00 522.00 526.00 6 1 80 
0:1:1 77.24 0.00000000 0.00000000 0.00 0.00 0.00 521.00 522.00 522.00 526.00 6 1 80 
0:1:1 77.44 0.00000000 0.00000000 0.00 0.00 0.00 521.00 523.00 522.00 526.00 6 1 80 
0:1:1 77.64 0.00000000 0.00000000 0.00 0.00 0.00 521.00 523.00 522.00 526.00 6 1 80 
0:1:1 77.84 0.00000000 0.00000000 0.00 0.00 0.00 521.00 522.00 522.00 526.00 6 1 80 
0:1:1 78.04 0.00000000 0.00000000 0.00 0.00 0.00 521.00 522.00 522.00 526.00 6 1 80 
0:1:1 78.24 0.00000000 0.00000000 0.00 0.00 0.00 521.00 522.00 522.00 526.00 6 1 80 
0:1:1 78.44 0.00000000 0.00000000 0.00 0.00 0.00 521.00 523.00 522.00 526.00 6 1 80 
0:1:1 78.65 0.00000000 0.00000000 0.00 0.00 0.00 521.00 523.00 522.00 526.00 6 1 80 
0:1:1 78.85 0.00000000 0.00000000 0.00 0.00 0.00 521.00 522.00 522.00 527.00 6 1 80 
0:1:1 79.05 0.00000000 0.00000000 0.00 0.00 0.00 521.00 523.00 522.00 526.00 6 1 80 
0:1:1 79.25 0.00000000 0.00000000 0.00 0.00 0.00 521.00 523.00 522.00 526.00 6 1 80 
0:1:1 79.45 0.00000000 0.00000000 0.00 0.00 0.00 521.00 523.00 522.00 526.00 6 1 80 
0:1:1 79.65 0.00000000 0.00000000 0.00 0.00 0.00 521.00 522.00 522.00 526.00 6 1 80 
0:1:1 79.85 0.00000000 0.00000000 0.00 0.00 0.00 521.00 523.00 522.00 526.00 6 1 80 
0:1:1 80.05 0.00000000 0.00000000 0.00 0.00 0.00 521.00 522.00 522.00 526.00 6 1 80 
0:1:1 80.25 0.00000000 0.00000000 0.00 0.00 0.00 521.00 522.00 522.00 527.00 6 1 80 
0:1:1 80.45 0.00000000 0.00000000 0.00 0.00 0.00 521.00 522.00 522.00 526.00 6 1 80 
0:1:1 80.65 0.00000000 0.00000000 0.00 0.00 0.00 522.00 522.00 522.00 526.00 6 1 80 
0:1:1 80.86 0.00000000 0.00000000 0.00 0.00 0.00 522.00 523.00 522.00 527.00 6 1 80 
0:1:1 81.06 0.00000000 0.00000000 0.00 0.00 0.00 521.00 522.00 522.00 526.00 6 1 80 
0:1:1 81.26 0.00000000 0.00000000 0.00 0.00 0.00 521.00 523.00 522.00 527.00 6 1 80 
0:1:1 81.46 0.00000000 0.00000000 0.00 0.00 0.00 522.00 522.00 522.00 526.00 6 1 80 
0:1:1 81.66 0.00000000 0.00000000 0.00 0.00 0.00 521.00 522.00 522.00 526.00 6 1 80 
0:1:1 81.86 0.00000000 0.00000000 0.00 0.00 0.00 522.00 523.00 522.00 526.00 6 1 80 
0:1:1 82.06 0.00000000 0.00000000 0.00 0.00 0.00 521.00 522.00 522.00 527.00 6 1 80 
0:1:1 82.26 0.00000000 0.00000000 0.00 0.00 0.00 521.00 523.00 522.00 526.00 6 1 80 
