0:0:0 1.31 0.00000000 0.00000000 -99.00 -99.00 0.00 524.00 525.00 524.00 529.00 25.28 1010.57 55.14 0 0 0 17 
0:0:0 1.51 0.00000000 0.00000000 -99.00 -99.00 0.00 524.00 524.00 525.00 529.00 25.35 1010.61 55.13 0 0 0 17 
0:0:0 1.72 0.00000000 0.00000000 -99.00 -99.00 0.00 525.00 524.00 525.00 529.00 25.37 1010.56 55.13 0 0 0 17 
0:0:0 1.92 0.00000000 0.00000000 -99.00 -99.00 0.00 524.00 524.00 525.00 530.00 25.39 1010.57 55.10 0 0 0 17 
15:7:33 2.12 0.00000000 0.00000000 -99.00 -99.00 0.00 524.00 524.00 525.00 526.00 25.41 1010.66 55.06 0 28 3 17 
15:7:33 2.32 0.00000000 0.00000000 -99.00 -99.00 0.00 524.00 524.00 525.00 529.00 25.42 1010.67 55.03 0 28 3 17 
15:7:33 2.52 0.00000000 0.00000000 -99.00 -99.00 0.00 523.00 524.00 525.00 529.00 25.43 1010.67 55.11 0 28 3 17 
15:7:33 2.72 0.00000000 0.00000000 -99.00 -99.00 0.00 524.00 524.00 526.00 529.00 25.43 1010.63 55.28 0 28 3 17 
15:7:33 2.92 0.00000000 0.00000000 -99.00 -99.00 0.00 524.00 524.00 526.00 529.00 25.44 1010.58 55.50 0 28 3 17 
15:7:34 3.12 0.00000000 0.00000000 -99.00 -99.00 0.00 524.00 524.00 524.00 529.00 25.44 1010.62 55.64 0 28 3 17 
15:7:34 3.32 0.00000000 0.00000000 -99.00 -99.00 0.00 524.00 524.00 525.00 529.00 25.44 1010.61 55.73 0 28 3 17 
15:7:34 3.52 0.00000000 0.00000000 -99.00 -99.00 0.00 524.00 524.00 525.00 529.00 25.44 1010.67 55.77 0 28 3 17 
15:7:34 3.73 0.00000000 0.00000000 -99.00 -99.00 0.00 524.00 524.00 526.00 529.00 25.45 1010.68 55.79 0 28 3 17 
15:7:34 3.93 0.00000000 0.00000000 -99.00 -99.00 0.00 524.00 524.00 525.00 529.00 25.45 1010.62 55.76 0 28 3 17 
15:7:35 4.13 0.00000000 0.00000000 -99.00 -99.00 0.00 525.00 524.00 525.00 529.00 25.45 1010.62 55.75 0 28 3 17 
15:7:35 4.33 0.00000000 0.00000000 -99.00 -99.00 0.00 523.00 524.00 525.00 529.00 25.45 1010.66 55.74 0 28 3 17 
15:7:35 4.53 0.00000000 0.00000000 -99.00 -99.00 0.00 524.00 524.00 525.00 529.00 25.44 1010.57 55.75 0 28 3 17 
15:7:35 4.73 0.00000000 0.00000000 -99.00 -99.00 0.00 524.00 524.00 525.00 529.00 25.44 1010.62 55.76 0 28 3 17 
15:7:35 4.93 0.00000000 0.00000000 -99.00 -99.00 0.00 524.00 524.00 524.00 529.00 25.44 1010.61 55.74 0 28 3 17 
15:7:36 5.13 0.00000000 0.00000000 -99.00 -99.00 0.00 524.00 524.00 525.00 529.00 25.44 1010.60 55.68 0 28 3 17 
15:7:36 5.33 0.00000000 0.00000000 -99.00 -99.00 0.00 523.00 524.00 525.00 529.00 25.44 1010.60 55.63 0 28 3 17 
15:7:36 5.53 0.00000000 0.00000000 -99.00 -99.00 0.00 523.00 525.00 525.00 529.00 25.43 1010.64 55.54 0 28 3 17 
15:7:36 5.73 0.00000000 0.00000000 -99.00 -99.00 0.00 524.00 524.00 525.00 529.00 25.43 1010.62 55.43 0 28 3 17 
15:7:36 5.93 0.00000000 0.00000000 -99.00 -99.00 0.00 524.00 524.00 525.00 529.00 25.43 1010.65 55.35 0 28 3 17 
15:7:37 6.13 0.00000000 0.00000000 -99.00 -99.00 0.00 523.00 523.00 525.00 529.00 25.42 1010.58 55.27 0 28 3 17 
15:7:37 6.33 0.00000000 0.00000000 -99.00 -99.00 0.00 524.00 524.00 525.00 529.00 25.41 1010.61 55.18 0 28 3 17 
15:7:37 6.53 0.00000000 0.00000000 -99.00 -99.00 0.00 524.00 524.00 525.00 529.00 25.40 1010.58 55.10 0 28 3 17 
15:7:37 6.73 0.00000000 0.00000000 -99.00 -99.00 0.00 524.00 524.00 524.00 529.00 25.40 1010.61 55.03 0 28 3 17 
15:7:37 6.94 0.00000000 0.00000000 -99.00 -99.00 0.00 524.00 524.00 525.00 529.00 25.40 1010.59 54.97 0 28 3 17 
15:7:38 7.14 0.00000000 0.00000000 -99.00 -99.00 0.00 523.00 524.00 525.00 529.00 25.39 1010.61 54.92 0 28 3 17 
15:7:38 7.34 0.00000000 0.00000000 -99.00 -99.00 0.00 524.00 524.00 525.00 529.00 25.39 1010.61 54.88 0 28 3 17 
15:7:38 7.54 0.00000000 0.00000000 -99.00 -99.00 0.00 524.00 524.00 525.00 529.00 25.39 1010.62 54.84 0 28 3 17 
15:7:38 7.74 0.00000000 0.00000000 -99.00 -99.00 0.00 524.00 524.00 525.00 529.00 25.39 1010.63 54.81 0 28 3 17 
15:7:38 7.94 0.00000000 0.00000000 -99.00 -99.00 0.00 524.00 524.00 525.00 529.00 25.39 1010.56 54.75 0 28 3 17 
15:7:39 8.14 0.00000000 0.00000000 -99.00 -99.00 0.00 524.00 524.00 525.00 529.00 25.39 1010.59 54.71 0 28 3 17 
15:7:39 8.34 0.00000000 0.00000000 -99.00 -99.00 0.00 524.00 524.00 525.00 530.00 25.39 1010.64 54.66 0 28 3 17 
15:7:39 8.54 0.00000000 0.00000000 -99.00 -99.00 0.00 524.00 524.00 524.00 529.00 25.39 1010.64 54.61 0 28 3 17 
15:7:39 8.74 0.00000000 0.00000000 -99.00 -99.00 0.00 524.00 525.00 526.00 529.00 25.38 1010.61 54.59 0 28 3 17 
15:7:39 8.94 0.00000000 0.00000000 -99.00 -99.00 0.00 523.00 524.00 525.00 529.00 25.38 1010.64 54.56 0 28 3 17 
15:7:40 9.14 0.00000000 0.00000000 -99.00 -99.00 0.00 524.00 524.00 525.00 529.00 25.38 1010.61 54.54 0 28 3 17 
15:7:40 9.34 0.00000000 0.00000000 -99.00 -99.00 0.00 524.00 524.00 525.00 529.00 25.37 1010.63 54.52 0 28 3 17 
15:7:40 9.55 0.00000000 0.00000000 -99.00 -99.00 0.00 523.00 524.00 524.00 529.00 25.38 1010.63 54.50 0 28 3 17 
15:7:40 9.75 0.00000000 0.00000000 -99.00 -99.00 0.00 524.00 524.00 525.00 529.00 25.37 1010.56 54.50 0 28 3 17 
15:7:40 9.95 0.00000000 0.00000000 -99.00 -99.00 0.00 523.00 523.00 525.00 529.00 25.37 1010.57 54.49 0 28 3 17 
15:7:41 10.15 0.00000000 0.00000000 -99.00 -99.00 0.00 523.00 524.00 525.00 529.00 25.37 1010.61 54.47 0 28 3 17 
15:7:41 10.35 0.00000000 0.00000000 -99.00 -99.00 0.00 522.00 524.00 524.00 529.00 25.37 1010.61 54.44 0 28 3 17 
15:7:41 10.55 0.00000000 0.00000000 -99.00 -99.00 0.00 523.00 524.00 525.00 529.00 25.36 1010.62 54.39 0 28 3 17 
15:7:41 10.75 0.00000000 0.00000000 -99.00 -99.00 0.00 524.00 524.00 525.00 529.00 25.35 1010.60 54.38 0 28 3 17 
15:7:41 10.95 0.00000000 0.00000000 -99.00 -99.00 0.00 524.00 524.00 525.00 529.00 25.35 1010.56 54.38 0 28 3 17 
15:7:42 11.15 0.00000000 0.00000000 -99.00 -99.00 0.00 524.00 524.00 524.00 530.00 25.35 1010.65 54.38 0 28 3 17 
15:7:42 11.35 0.00000000 0.00000000 -99.00 -99.00 0.00 524.00 524.00 525.00 529.00 25.35 1010.61 54.36 0 28 3 17 
15:7:42 11.55 0.00000000 0.00000000 -99.00 -99.00 0.00 524.00 524.00 525.00 529.00 25.35 1010.58 54.35 0 28 3 17 
15:7:42 11.75 0.00000000 0.00000000 -99.00 -99.00 0.00 523.00 524.00 525.00 529.00 25.35 1010.61 54.33 0 28 3 17 
15:7:42 11.95 0.00000000 0.00000000 -99.00 -99.00 0.00 524.00 524.00 525.00 530.00 25.35 1010.61 54.31 0 28 3 17 
15:7:43 12.15 0.00000000 0.00000000 -99.00 -99.00 0.00 523.00 524.00 524.00 529.00 25.35 1010.61 54.31 0 28 3 17 
15:7:43 12.35 0.00000000 0.00000000 -99.00 -99.00 0.00 524.00 524.00 525.00 529.00 25.35 1010.61 54.30 0 28 3 17 
15:7:43 12.55 0.00000000 0.00000000 -99.00 -99.00 0.00 523.00 524.00 524.00 528.00 25.35 1010.63 54.28 0 28 3 17 
15:7:43 12.75 0.00000000 0.00000000 -99.00 -99.00 0.00 523.00 524.00 525.00 529.00 25.34 1010.61 54.27 0 28 3 17 
15:7:43 12.95 0.00000000 0.00000000 -99.00 -99.00 0.00 523.00 524.00 525.00 529.00 25.34 1010.57 54.25 0 28 3 17 
15:7:44 13.15 0.00000000 0.00000000 -99.00 -99.00 0.00 524.00 525.00 525.00 528.00 25.34 1010.65 54.24 0 28 3 17 
15:7:44 13.36 0.00000000 0.00000000 -99.00 -99.00 0.00 524.00 524.00 525.00 529.00 25.34 1010.59 54.21 0 28 3 17 
15:7:44 13.56 0.00000000 0.00000000 -99.00 -99.00 0.00 524.00 523.00 525.00 529.00 25.34 1010.61 54.20 0 28 3 17 
15:7:44 13.76 0.00000000 0.00000000 -99.00 -99.00 0.00 524.00 524.00 525.00 529.00 25.33 1010.62 54.18 0 28 3 17 
15:7:44 13.96 0.00000000 0.00000000 -99.00 -99.00 0.00 523.00 524.00 524.00 529.00 25.33 1010.58 54.17 0 28 3 17 
15:7:45 14.16 0.00000000 0.00000000 -99.00 -99.00 0.00 523.00 524.00 525.00 528.00 25.33 1010.57 54.15 0 28 3 17 
15:7:45 14.36 0.00000000 0.00000000 -99.00 -99.00 0.00 524.00 524.00 525.00 528.00 25.32 1010.59 54.14 0 28 3 17 
15:7:45 14.56 0.00000000 0.00000000 -99.00 -99.00 0.00 524.00 524.00 525.00 529.00 25.32 1010.63 54.14 0 28 3 17 
15:7:45 14.76 0.00000000 0.00000000 -99.00 -99.00 0.00 523.00 524.00 525.00 529.00 25.32 1010.61 54.14 0 28 3 17 
15:7:45 14.96 0.00000000 0.00000000 -99.00 -99.00 0.00 524.00 524.00 525.00 529.00 25.31 1010.61 54.14 0 28 3 17 
15:7:46 15.16 0.00000000 0.00000000 -99.00 -99.00 0.00 523.00 523.00 524.00 529.00 25.31 1010.62 54.13 0 28 3 17 
15:7:46 15.36 0.00000000 0.00000000 -99.00 -99.00 0.00 523.00 524.00 525.00 530.00 25.32 1010.64 54.13 0 28 3 17 
15:7:46 15.56 0.00000000 0.00000000 -99.00 -99.00 0.00 523.00 524.00 525.00 529.00 25.31 1010.55 54.13 0 28 3 17 
15:7:46 15.76 0.00000000 0.00000000 -99.00 -99.00 0.00 524.00 524.00 524.00 529.00 25.31 1010.62 54.14 0 28 3 17 
15:7:46 15.97 0.00000000 0.00000000 -99.00 -99.00 0.00 524.00 524.00 525.00 530.00 25.31 1010.58 54.17 0 28 3 17 
15:7:47 16.17 0.00000000 0.00000000 -99.00 -99.00 0.00 523.00 524.00 525.00 530.00 25.31 1010.61 54.20 0 28 3 17 
15:7:47 16.37 0.00000000 0.00000000 -99.00 -99.00 0.00 523.00 524.00 524.00 529.00 25.32 1010.61 54.22 0 28 3 17 
15:7:47 16.57 0.00000000 0.00000000 -99.00 -99.00 0.00 523.00 524.00 524.00 529.00 25.31 1010.62 54.23 0 28 3 17 
15:7:47 16.77 0.00000000 0.00000000 -99.00 -99.00 0.00 523.00 524.00 525.00 529.00 25.31 1010.61 54.22 0 28 3 17 
15:7:47 16.97 0.00000000 0.00000000 -99.00 -99.00 0.00 523.00 524.00 525.00 529.00 25.31 1010.62 54.22 0 28 3 17 
15:7:48 17.17 0.00000000 0.00000000 -99.00 -99.00 0.00 524.00 524.00 524.00 529.00 25.30 1010.62 54.22 0 28 3 17 
15:7:48 17.37 0.00000000 0.00000000 -99.00 -99.00 0.00 523.00 524.00 525.00 529.00 25.30 1010.59 54.23 0 28 3 17 
15:7:48 17.57 0.00000000 0.00000000 -99.00 -99.00 0.00 523.00 524.00 524.00 529.00 25.30 1010.59 54.23 0 28 3 17 
15:7:48 17.77 0.00000000 0.00000000 -99.00 -99.00 0.00 524.00 524.00 524.00 529.00 25.30 1010.60 54.23 0 28 3 17 
15:7:48 17.97 0.00000000 0.00000000 -99.00 -99.00 0.00 523.00 523.00 525.00 529.00 25.30 1010.59 54.22 0 28 3 17 
15:7:49 18.18 0.00000000 0.00000000 -99.00 -99.00 0.00 524.00 524.00 525.00 529.00 25.30 1010.55 54.22 0 28 3 17 
15:7:49 18.38 0.00000000 0.00000000 -99.00 -99.00 0.00 524.00 524.00 525.00 528.00 25.29 1010.54 54.20 0 28 3 17 
15:7:49 18.58 0.00000000 0.00000000 -99.00 -99.00 0.00 523.00 523.00 526.00 529.00 25.29 1010.57 54.19 0 28 3 17 
15:7:49 18.78 0.00000000 0.00000000 -99.00 -99.00 0.00 523.00 523.00 526.00 529.00 25.29 1010.60 54.19 0 28 3 17 
15:7:49 18.98 0.00000000 0.00000000 -99.00 -99.00 0.00 524.00 524.00 526.00 529.00 25.29 1010.53 54.19 0 28 3 17 
15:7:50 19.18 0.00000000 0.00000000 -99.00 -99.00 0.00 523.00 524.00 525.00 530.00 25.29 1010.56 54.18 0 28 3 17 
15:7:50 19.38 0.00000000 0.00000000 -99.00 -99.00 0.00 524.00 524.00 524.00 529.00 25.29 1010.61 54.17 0 28 3 17 
15:7:50 19.58 0.00000000 0.00000000 -99.00 -99.00 0.00 524.00 524.00 524.00 529.00 25.28 1010.60 54.19 0 28 3 17 
15:7:50 19.78 0.00000000 0.00000000 -99.00 -99.00 0.00 524.00 524.00 525.00 530.00 25.28 1010.57 54.19 0 28 3 17 
15:7:50 19.99 0.00000000 0.00000000 -99.00 -99.00 0.00 523.00 524.00 525.00 529.00 25.28 1010.58 54.19 0 28 3 17 
15:7:51 20.19 0.00000000 0.00000000 -99.00 -99.00 0.00 525.00 524.00 524.00 529.00 25.28 1010.58 54.19 0 28 3 17 
15:7:51 20.39 0.00000000 0.00000000 -99.00 -99.00 0.00 523.00 524.00 525.00 529.00 25.28 1010.62 54.17 0 28 3 17 
15:7:51 20.59 0.00000000 0.00000000 -99.00 -99.00 0.00 523.00 524.00 524.00 529.00 25.27 1010.64 54.17 0 28 3 17 
15:7:51 20.79 0.00000000 0.00000000 -99.00 -99.00 0.00 524.00 524.00 524.00 529.00 25.28 1010.60 54.17 0 28 3 17 
15:7:51 20.99 0.00000000 0.00000000 -99.00 -99.00 0.00 524.00 523.00 525.00 529.00 25.27 1010.61 54.18 0 28 3 17 
15:7:52 21.19 0.00000000 0.00000000 -99.00 -99.00 0.00 524.00 523.00 524.00 529.00 25.27 1010.66 54.21 0 28 3 17 
15:7:52 21.39 0.00000000 0.00000000 -99.00 -99.00 0.00 524.00 524.00 525.00 528.00 25.27 1010.65 54.22 0 28 3 17 
15:7:52 21.59 0.00000000 0.00000000 -99.00 -99.00 0.00 524.00 523.00 524.00 529.00 25.27 1010.63 54.24 0 28 3 17 
15:7:52 21.80 0.00000000 0.00000000 -99.00 -99.00 0.00 524.00 524.00 524.00 529.00 25.26 1010.63 54.25 0 28 3 17 
15:7:52 22.00 0.00000000 0.00000000 -99.00 -99.00 0.00 524.00 524.00 525.00 529.00 25.26 1010.59 54.24 0 28 3 17 
15:7:53 22.20 0.00000000 0.00000000 -99.00 -99.00 0.00 523.00 524.00 524.00 530.00 25.26 1010.60 54.23 0 28 3 17 
15:7:53 22.40 0.00000000 0.00000000 -99.00 -99.00 0.00 523.00 523.00 524.00 530.00 25.26 1010.62 54.23 0 28 3 17 
15:7:53 22.60 0.00000000 0.00000000 -99.00 -99.00 0.00 524.00 524.00 525.00 530.00 25.26 1010.62 54.23 0 28 3 17 
15:7:53 22.80 0.00000000 0.00000000 -99.00 -99.00 0.00 524.00 524.00 524.00 530.00 25.25 1010.56 54.24 0 28 3 17 
15:7:53 23.00 0.00000000 0.00000000 -99.00 -99.00 0.00 523.00 524.00 524.00 529.00 25.25 1010.63 54.24 0 28 3 17 
15:7:54 23.20 0.00000000 0.00000000 -99.00 -99.00 0.00 523.00 524.00 525.00 530.00 25.24 1010.58 54.24 0 28 3 17 
15:7:54 23.40 0.00000000 0.00000000 -99.00 -99.00 0.00 523.00 524.00 524.00 529.00 25.24 1010.61 54.24 0 28 3 17 
15:7:54 23.61 0.00000000 0.00000000 -99.00 -99.00 0.00 524.00 524.00 525.00 528.00 25.24 1010.65 54.25 0 28 3 17 
15:7:54 23.81 0.00000000 0.00000000 -99.00 -99.00 0.00 523.00 524.00 524.00 529.00 25.23 1010.64 54.23 0 28 3 17 
15:7:54 24.01 0.00000000 0.00000000 -99.00 -99.00 0.00 523.00 524.00 525.00 529.00 25.23 1010.66 54.23 0 28 3 17 
15:7:55 24.21 0.00000000 0.00000000 -99.00 -99.00 0.00 523.00 524.00 525.00 529.00 25.23 1010.64 54.22 0 28 3 17 
15:7:55 24.41 0.00000000 0.00000000 -99.00 -99.00 0.00 523.00 524.00 525.00 529.00 25.22 1010.58 54.24 0 28 3 17 
15:7:55 24.61 0.00000000 0.00000000 -99.00 -99.00 0.00 524.00 524.00 524.00 529.00 25.23 1010.60 54.25 0 28 3 17 
15:7:55 24.81 0.00000000 0.00000000 -99.00 -99.00 0.00 523.00 524.00 524.00 529.00 25.23 1010.59 54.25 0 28 3 17 
15:7:55 25.01 0.00000000 0.00000000 -99.00 -99.00 0.00 524.00 524.00 524.00 529.00 25.22 1010.62 54.25 0 28 3 17 
15:7:56 25.22 0.00000000 0.00000000 -99.00 -99.00 0.00 524.00 524.00 525.00 529.00 25.22 1010.61 54.24 0 28 3 17 
15:7:56 25.42 0.00000000 0.00000000 -99.00 -99.00 0.00 524.00 524.00 524.00 529.00 25.22 1010.64 54.22 0 28 3 17 
15:7:56 25.62 0.00000000 0.00000000 -99.00 -99.00 0.00 524.00 524.00 525.00 529.00 25.21 1010.62 54.23 0 28 3 17 
15:7:56 25.82 0.00000000 0.00000000 -99.00 -99.00 0.00 524.00 523.00 525.00 528.00 25.21 1010.60 54.24 0 28 3 17 
15:7:56 26.02 0.00000000 0.00000000 -99.00 -99.00 0.00 524.00 525.00 524.00 529.00 25.21 1010.57 54.24 0 28 3 17 
15:7:56 26.22 0.00000000 0.00000000 -99.00 -99.00 0.00 523.00 524.00 525.00 529.00 25.21 1010.58 54.24 0 28 3 17 
15:7:56 26.42 0.00000000 0.00000000 -99.00 -99.00 0.00 523.00 524.00 524.00 529.00 25.20 1010.62 54.24 0 28 3 17 
15:7:56 26.62 0.00000000 0.00000000 -99.00 -99.00 0.00 523.00 525.00 524.00 529.00 25.20 1010.58 54.24 0 28 3 17 
15:7:56 26.82 0.00000000 0.00000000 -99.00 -99.00 0.00 523.00 523.00 525.00 529.00 25.20 1010.63 54.34 0 28 3 17 
15:7:56 27.03 0.00000000 0.00000000 -99.00 -99.00 0.00 524.00 524.00 525.00 529.00 25.20 1010.60 54.67 0 28 3 17 
15:7:56 27.23 0.00000000 0.00000000 -99.00 -99.00 0.00 523.00 523.00 525.00 529.00 25.20 1010.62 54.81 0 28 3 17 
15:7:56 27.43 0.00000000 0.00000000 -99.00 -99.00 0.00 524.00 523.00 525.00 529.00 25.21 1010.58 55.11 0 28 3 17 
15:7:56 27.63 0.00000000 0.00000000 -99.00 -99.00 0.00 524.00 523.00 525.00 529.00 25.21 1010.60 55.30 0 28 3 17 
15:7:56 27.83 0.00000000 0.00000000 -99.00 -99.00 0.00 524.00 524.00 525.00 529.00 25.21 1010.59 55.38 0 28 3 17 
15:7:56 28.03 0.00000000 0.00000000 -99.00 -99.00 0.00 524.00 523.00 526.00 529.00 25.21 1010.60 55.52 0 28 3 17 
15:7:56 28.23 0.00000000 0.00000000 -99.00 -99.00 0.00 524.00 523.00 525.00 529.00 25.21 1010.61 55.60 0 28 3 17 
15:7:56 28.43 0.00000000 0.00000000 -99.00 -99.00 0.00 523.00 523.00 524.00 529.00 25.21 1010.60 55.77 0 28 3 17 
15:7:56 28.64 0.00000000 0.00000000 -99.00 -99.00 0.00 524.00 524.00 525.00 529.00 25.21 1010.63 55.97 0 28 3 17 
15:7:56 28.84 0.00000000 0.00000000 -99.00 -99.00 0.00 524.00 523.00 525.00 529.00 25.21 1010.62 56.19 0 28 3 17 
15:7:56 29.04 0.00000000 0.00000000 -99.00 -99.00 0.00 526.00 524.00 524.00 529.00 25.21 1010.56 56.28 0 28 3 17 
15:7:59 29.24 0.00000000 0.00000000 -99.00 -99.00 0.00 524.00 523.00 525.00 529.00 25.21 1010.55 56.24 0 28 3 17 
15:7:59 29.44 0.00000000 0.00000000 -99.00 -99.00 0.00 524.00 524.00 524.00 529.00 25.21 1010.58 56.19 0 28 3 17 
15:7:59 29.64 0.00000000 0.00000000 -99.00 -99.00 0.00 524.00 523.00 525.00 529.00 25.20 1010.56 56.13 0 28 3 17 
15:7:59 29.84 0.00000000 0.00000000 -99.00 -99.00 0.00 524.00 524.00 525.00 530.00 25.20 1010.60 56.04 0 28 3 17 
15:7:59 30.04 0.00000000 0.00000000 -99.00 -99.00 0.00 524.00 524.00 525.00 529.00 25.20 1010.59 55.94 0 28 3 17 
15:8:0 30.25 0.00000000 0.00000000 -99.00 -99.00 0.00 524.00 523.00 524.00 529.00 25.20 1010.58 55.87 0 28 3 17 
15:8:0 30.45 0.00000000 0.00000000 -99.00 -99.00 0.00 523.00 524.00 524.00 528.00 25.20 1010.56 55.78 0 28 3 17 
15:8:0 30.65 0.00000000 0.00000000 -99.00 -99.00 0.00 523.00 524.00 524.00 529.00 25.20 1010.59 55.71 0 28 3 17 
15:8:0 30.85 0.00000000 0.00000000 -99.00 -99.00 0.00 524.00 524.00 525.00 529.00 25.20 1010.57 55.71 0 28 3 17 
15:8:0 31.05 0.00000000 0.00000000 -99.00 -99.00 0.00 524.00 524.00 524.00 529.00 25.19 1010.59 55.74 0 28 3 17 
15:8:2 31.25 0.00000000 0.00000000 -99.00 -99.00 0.00 524.00 523.00 525.00 529.00 25.19 1010.62 55.76 0 28 3 17 
15:8:2 31.45 0.00000000 0.00000000 -99.00 -99.00 0.00 523.00 524.00 525.00 528.00 25.19 1010.56 55.76 0 28 3 17 
15:8:2 31.65 0.00000000 0.00000000 -99.00 -99.00 0.00 523.00 524.00 525.00 529.00 25.19 1010.56 55.74 0 28 3 17 
15:8:2 31.85 0.00000000 0.00000000 -99.00 -99.00 0.00 524.00 524.00 524.00 529.00 25.18 1010.61 55.67 0 28 3 17 
15:8:2 32.06 0.00000000 0.00000000 -99.00 -99.00 0.00 524.00 524.00 524.00 529.00 25.18 1010.59 55.55 0 28 3 17 
15:8:3 32.26 0.00000000 0.00000000 -99.00 -99.00 0.00 523.00 523.00 525.00 529.00 25.17 1010.60 55.47 0 28 3 17 
15:8:3 32.46 0.00000000 0.00000000 -99.00 -99.00 0.00 523.00 523.00 525.00 529.00 25.16 1010.63 55.37 0 28 3 17 
15:8:3 32.66 0.00000000 0.00000000 -99.00 -99.00 0.00 524.00 524.00 525.00 529.00 25.16 1010.63 55.28 0 28 3 17 
15:8:3 32.86 0.00000000 0.00000000 -99.00 -99.00 0.00 523.00 524.00 525.00 529.00 25.16 1010.65 55.23 0 28 3 17 
15:8:4 33.06 0.00000000 0.00000000 -99.00 -99.00 0.00 523.00 523.00 524.00 529.00 25.15 1010.60 55.40 0 28 3 17 
15:8:4 33.27 0.00000000 0.00000000 -99.00 -99.00 0.00 523.00 524.00 525.00 529.00 25.16 1010.62 55.74 0 28 3 17 
15:8:4 33.47 0.00000000 0.00000000 -99.00 -99.00 0.00 524.00 524.00 524.00 529.00 25.16 1010.59 56.16 0 28 3 17 
15:8:4 33.67 0.00000000 0.00000000 -99.00 -99.00 0.00 523.00 524.00 524.00 529.00 25.17 1010.60 56.43 0 28 3 17 
15:8:4 33.87 0.00000000 0.00000000 -99.00 -99.00 0.00 523.00 524.00 524.00 530.00 25.17 1010.60 56.54 0 28 3 17 
15:8:5 34.07 0.00000000 0.00000000 -99.00 -99.00 0.00 523.00 523.00 525.00 529.00 25.17 1010.61 56.59 0 28 3 17 
15:8:5 34.27 0.00000000 0.00000000 -99.00 -99.00 0.00 523.00 524.00 524.00 529.00 25.17 1010.61 56.62 0 28 3 17 
15:8:5 34.47 0.00000000 0.00000000 -99.00 -99.00 0.00 524.00 524.00 525.00 529.00 25.17 1010.66 56.59 0 28 3 17 
15:8:5 34.67 0.00000000 0.00000000 -99.00 -99.00 0.00 523.00 524.00 524.00 529.00 25.17 1010.65 56.43 0 28 3 17 
15:8:5 34.88 0.00000000 0.00000000 -99.00 -99.00 0.00 524.00 524.00 525.00 529.00 25.15 1010.62 56.27 0 28 3 17 
15:8:6 35.08 0.00000000 0.00000000 -99.00 -99.00 0.00 523.00 524.00 525.00 529.00 25.15 1010.60 56.11 0 28 3 17 
15:8:6 35.28 0.00000000 0.00000000 -99.00 -99.00 0.00 523.00 523.00 525.00 529.00 25.15 1010.57 55.99 0 28 3 17 
15:8:6 35.48 0.00000000 0.00000000 -99.00 -99.00 0.00 524.00 524.00 525.00 529.00 25.15 1010.60 55.90 0 28 3 17 
15:8:6 35.68 0.00000000 0.00000000 -99.00 -99.00 0.00 523.00 523.00 524.00 528.00 25.15 1010.61 55.86 0 28 3 17 
15:8:6 35.88 0.00000000 0.00000000 -99.00 -99.00 0.00 523.00 523.00 525.00 529.00 25.15 1010.59 55.88 0 28 3 17 
15:8:7 36.08 0.00000000 0.00000000 -99.00 -99.00 0.00 524.00 524.00 525.00 529.00 25.14 1010.62 55.88 0 28 3 17 
15:8:7 36.28 0.00000000 0.00000000 -99.00 -99.00 0.00 523.00 524.00 525.00 529.00 25.14 1010.61 55.84 0 28 3 17 
15:8:7 36.48 0.00000000 0.00000000 -99.00 -99.00 0.00 523.00 523.00 525.00 529.00 25.14 1010.56 55.79 0 28 3 17 
15:8:7 36.69 0.00000000 0.00000000 -99.00 -99.00 0.00 524.00 524.00 525.00 529.00 25.14 1010.56 55.72 0 28 3 17 
15:8:7 36.89 0.00000000 0.00000000 -99.00 -99.00 0.00 524.00 524.00 525.00 529.00 25.14 1010.62 55.75 0 28 3 17 
15:8:8 37.09 0.00000000 0.00000000 -99.00 -99.00 0.00 524.00 524.00 524.00 529.00 25.14 1010.55 55.79 0 28 3 17 
15:8:8 37.29 0.00000000 0.00000000 -99.00 -99.00 0.00 524.00 524.00 525.00 528.00 25.14 1010.63 55.83 0 28 3 17 
15:8:8 37.49 0.00000000 0.00000000 -99.00 -99.00 0.00 520.00 523.00 524.00 529.00 25.14 1010.60 55.87 0 28 3 17 
15:8:8 37.69 0.00000000 0.00000000 -99.00 -99.00 0.00 524.00 524.00 525.00 529.00 25.15 1010.60 55.89 0 28 3 17 
15:8:8 37.89 0.00000000 0.00000000 -99.00 -99.00 0.00 524.00 524.00 525.00 529.00 25.14 1010.60 55.93 0 28 3 17 
15:8:9 38.09 0.00000000 0.00000000 -99.00 -99.00 0.00 523.00 524.00 525.00 529.00 25.14 1010.65 55.93 0 28 3 17 
15:8:9 38.29 0.00000000 0.00000000 -99.00 -99.00 0.00 523.00 524.00 524.00 529.00 25.14 1010.67 55.92 0 28 3 17 
15:8:9 38.49 0.00000000 0.00000000 -99.00 -99.00 0.00 524.00 524.00 525.00 529.00 25.13 1010.57 55.89 0 28 3 17 
15:8:9 38.70 0.00000000 0.00000000 -99.00 -99.00 0.00 523.00 524.00 525.00 530.00 25.14 1010.62 55.88 0 28 3 17 
15:8:9 38.90 0.00000000 0.00000000 -99.00 -99.00 0.00 523.00 523.00 525.00 529.00 25.14 1010.60 55.94 0 28 3 17 
15:8:10 39.10 0.00000000 0.00000000 -99.00 -99.00 0.00 524.00 524.00 525.00 529.00 25.14 1010.59 56.23 0 28 3 17 
15:8:10 39.30 0.00000000 0.00000000 -99.00 -99.00 0.00 524.00 521.00 524.00 529.00 25.14 1010.58 56.41 0 28 3 17 
15:8:10 39.50 0.00000000 0.00000000 -99.00 -99.00 0.00 524.00 524.00 524.00 529.00 25.14 1010.62 56.50 0 28 3 17 
15:8:10 39.70 0.00000000 0.00000000 -99.00 -99.00 0.00 524.00 524.00 525.00 529.00 25.14 1010.65 56.54 0 28 3 17 
15:8:10 39.90 0.00000000 0.00000000 -99.00 -99.00 0.00 523.00 523.00 525.00 530.00 25.14 1010.63 56.54 0 28 3 17 
15:8:11 40.10 0.00000000 0.00000000 -99.00 -99.00 0.00 523.00 524.00 524.00 529.00 25.14 1010.60 56.53 0 28 3 17 
15:8:11 40.30 0.00000000 0.00000000 -99.00 -99.00 0.00 523.00 523.00 525.00 529.00 25.13 1010.59 56.48 0 28 3 17 
15:8:11 40.50 0.00000000 0.00000000 -99.00 -99.00 0.00 524.00 524.00 525.00 528.00 25.13 1010.61 56.40 0 28 3 17 
15:8:11 40.71 0.00000000 0.00000000 -99.00 -99.00 0.00 524.00 524.00 524.00 529.00 25.13 1010.55 56.31 0 28 3 17 
15:8:11 40.91 0.00000000 0.00000000 -99.00 -99.00 0.00 523.00 524.00 525.00 530.00 25.13 1010.58 56.24 0 28 3 17 
15:8:11 41.11 0.00000000 0.00000000 -99.00 -99.00 0.00 523.00 521.00 525.00 529.00 25.13 1010.58 56.24 0 28 3 17 
15:8:12 41.31 0.00000000 0.00000000 -99.00 -99.00 0.00 524.00 523.00 524.00 530.00 25.13 1010.58 56.27 0 28 3 17 
15:8:12 41.51 0.00000000 0.00000000 -99.00 -99.00 0.00 523.00 524.00 525.00 530.00 25.12 1010.57 56.29 0 28 3 17 
15:8:12 41.71 0.00000000 0.00000000 -99.00 -99.00 0.00 523.00 524.00 524.00 529.00 25.12 1010.61 56.29 0 28 3 17 
15:8:12 41.91 0.00000000 0.00000000 -99.00 -99.00 0.00 524.00 524.00 524.00 528.00 25.12 1010.65 56.24 0 28 3 17 
15:8:13 42.11 0.00000000 0.00000000 -99.00 -99.00 0.00 523.00 523.00 526.00 529.00 25.12 1010.59 56.17 0 28 3 17 
15:8:13 42.31 0.00000000 0.00000000 -99.00 -99.00 0.00 524.00 524.00 524.00 529.00 25.11 1010.59 56.11 0 28 3 17 
15:8:13 42.52 0.00000000 0.00000000 -99.00 -99.00 0.00 524.00 524.00 524.00 529.00 25.11 1010.62 56.17 0 28 3 17 
15:8:13 42.72 0.00000000 0.00000000 -99.00 -99.00 0.00 523.00 524.00 525.00 529.00 25.10 1010.59 56.25 0 28 3 17 
15:8:13 42.92 0.00000000 0.00000000 -99.00 -99.00 0.00 521.00 523.00 524.00 529.00 25.11 1010.59 56.33 0 28 3 17 
15:8:14 43.12 0.00000000 0.00000000 -99.00 -99.00 0.00 523.00 524.00 525.00 530.00 25.10 1010.59 56.42 0 28 3 17 
15:8:14 43.32 0.00000000 0.00000000 -99.00 -99.00 0.00 523.00 523.00 525.00 529.00 25.10 1010.60 56.51 0 28 3 17 
15:8:14 43.52 0.00000000 0.00000000 -99.00 -99.00 0.00 523.00 524.00 525.00 529.00 25.11 1010.59 56.61 0 28 3 17 
15:8:14 43.72 0.00000000 0.00000000 -99.00 -99.00 0.00 524.00 523.00 524.00 529.00 25.10 1010.56 56.70 0 28 3 17 
15:8:14 43.92 0.00000000 0.00000000 -99.00 -99.00 0.00 524.00 523.00 525.00 529.00 25.10 1010.62 56.73 0 28 3 17 
15:8:15 44.13 0.00000000 0.00000000 -99.00 -99.00 0.00 523.00 524.00 525.00 529.00 25.10 1010.55 56.76 0 28 3 17 
15:8:15 44.33 0.00000000 0.00000000 -99.00 -99.00 0.00 524.00 523.00 525.00 529.00 25.10 1010.57 56.76 0 28 3 17 
15:8:15 44.53 0.00000000 0.00000000 -99.00 -99.00 0.00 523.00 524.00 525.00 529.00 25.09 1010.57 56.76 0 28 3 17 
15:8:15 44.73 0.00000000 0.00000000 -99.00 -99.00 0.00 520.00 523.00 524.00 529.00 25.09 1010.60 56.73 0 28 3 17 
15:8:15 44.93 0.00000000 0.00000000 -99.00 -99.00 0.00 524.00 524.00 525.00 529.00 25.09 1010.54 56.71 0 28 3 17 
15:8:16 45.13 0.00000000 0.00000000 -99.00 -99.00 0.00 523.00 524.00 525.00 529.00 25.09 1010.61 56.67 0 28 3 17 
15:8:16 45.33 0.00000000 0.00000000 -99.00 -99.00 0.00 524.00 523.00 525.00 529.00 25.09 1010.60 56.67 0 28 3 17 
15:8:16 45.53 0.00000000 0.00000000 -99.00 -99.00 0.00 524.00 523.00 525.00 529.00 25.09 1010.58 56.71 0 28 3 17 
15:8:16 45.73 0.00000000 0.00000000 -99.00 -99.00 0.00 523.00 523.00 525.00 529.00 25.09 1010.60 56.73 0 28 3 17 
15:8:16 45.93 0.00000000 0.00000000 -99.00 -99.00 0.00 524.00 523.00 525.00 529.00 25.09 1010.58 56.74 0 28 3 17 
15:8:17 46.13 0.00000000 0.00000000 -99.00 -99.00 0.00 523.00 524.00 524.00 529.00 25.09 1010.60 56.73 0 28 3 17 
15:8:17 46.34 0.00000000 0.00000000 -99.00 -99.00 0.00 524.00 523.00 525.00 529.00 25.09 1010.63 56.68 0 28 3 17 
15:8:17 46.54 0.00000000 0.00000000 -99.00 -99.00 0.00 521.00 524.00 524.00 529.00 25.08 1010.58 56.62 0 28 3 17 
15:8:17 46.74 0.00000000 0.00000000 -99.00 -99.00 0.00 525.00 524.00 525.00 529.00 25.08 1010.57 56.55 0 28 3 17 
15:8:17 46.94 0.00000000 0.00000000 -99.00 -99.00 0.00 524.00 523.00 525.00 529.00 25.08 1010.57 56.49 0 28 3 17 
15:8:18 47.14 0.00000000 0.00000000 -99.00 -99.00 0.00 524.00 523.00 524.00 529.00 25.07 1010.57 56.41 0 28 3 17 
15:8:18 47.34 0.00000000 0.00000000 -99.00 -99.00 0.00 524.00 524.00 525.00 529.00 25.07 1010.58 56.36 0 28 3 17 
15:8:18 47.54 0.00000000 0.00000000 -99.00 -99.00 0.00 524.00 524.00 525.00 530.00 25.07 1010.57 56.30 0 28 3 17 
15:8:18 47.74 0.00000000 0.00000000 -99.00 -99.00 0.00 524.00 524.00 525.00 530.00 25.07 1010.60 56.26 0 28 3 17 
15:8:18 47.95 0.00000000 0.00000000 -99.00 -99.00 0.00 524.00 524.00 524.00 529.00 25.07 1010.57 56.20 0 28 3 17 
15:8:19 48.15 0.00000000 0.00000000 -99.00 -99.00 0.00 524.00 523.00 525.00 530.00 25.07 1010.64 56.15 0 28 3 17 
15:8:19 48.35 0.00000000 0.00000000 -99.00 -99.00 0.00 523.00 524.00 524.00 529.00 25.07 1010.59 56.11 0 28 3 17 
15:8:19 48.55 0.00000000 0.00000000 -99.00 -99.00 0.00 523.00 524.00 525.00 530.00 25.06 1010.59 56.07 0 28 3 17 
15:8:19 48.75 0.00000000 0.00000000 -99.00 -99.00 0.00 523.00 523.00 524.00 530.00 25.06 1010.60 56.04 0 28 3 17 
15:8:19 48.95 0.00000000 0.00000000 -99.00 -99.00 0.00 524.00 524.00 525.00 529.00 25.06 1010.61 56.01 0 28 3 17 
15:8:20 49.15 0.00000000 0.00000000 -99.00 -99.00 0.00 524.00 524.00 525.00 529.00 25.06 1010.60 55.99 0 28 3 17 
15:8:20 49.35 0.00000000 0.00000000 -99.00 -99.00 0.00 523.00 524.00 525.00 529.00 25.06 1010.59 55.95 0 28 3 17 
15:8:20 49.55 0.00000000 0.00000000 -99.00 -99.00 0.00 524.00 524.00 525.00 529.00 25.06 1010.60 55.89 0 28 3 17 
15:8:20 49.76 0.00000000 0.00000000 -99.00 -99.00 0.00 524.00 524.00 525.00 529.00 25.06 1010.64 55.88 0 28 3 17 
15:8:20 49.96 0.00000000 0.00000000 -99.00 -99.00 0.00 523.00 524.00 525.00 529.00 25.05 1010.64 55.83 0 28 3 17 
15:8:21 50.16 0.00000000 0.00000000 -99.00 -99.00 0.00 522.00 524.00 524.00 529.00 25.06 1010.58 55.80 0 28 3 17 
15:8:21 50.36 0.00000000 0.00000000 -99.00 -99.00 0.00 524.00 524.00 525.00 529.00 25.05 1010.59 55.78 0 28 3 17 
15:8:21 50.56 0.00000000 0.00000000 -99.00 -99.00 0.00 523.00 523.00 525.00 529.00 25.05 1010.57 55.76 0 28 3 17 
15:8:21 50.76 0.00000000 0.00000000 -99.00 -99.00 0.00 524.00 523.00 525.00 529.00 25.05 1010.56 55.75 0 28 3 17 
15:8:21 50.96 0.00000000 0.00000000 -99.00 -99.00 0.00 524.00 524.00 525.00 529.00 25.05 1010.67 55.72 0 28 3 17 
15:8:22 51.16 0.00000000 0.00000000 -99.00 -99.00 0.00 523.00 524.00 525.00 529.00 25.05 1010.58 55.69 0 28 3 17 
15:8:22 51.36 0.00000000 0.00000000 -99.00 -99.00 0.00 524.00 524.00 525.00 529.00 25.05 1010.60 55.66 0 28 3 17 
15:8:22 51.56 0.00000000 0.00000000 -99.00 -99.00 0.00 524.00 524.00 525.00 529.00 25.05 1010.62 55.58 0 28 3 17 
15:8:22 51.77 0.00000000 0.00000000 -99.00 -99.00 0.00 523.00 524.00 524.00 529.00 25.05 1010.62 55.62 0 28 3 17 
15:8:22 51.97 0.00000000 0.00000000 -99.00 -99.00 0.00 523.00 524.00 524.00 529.00 25.05 1010.62 55.59 0 28 3 17 
15:8:23 52.17 0.00000000 0.00000000 -99.00 -99.00 0.00 523.00 524.00 525.00 529.00 25.05 1010.61 55.59 0 28 3 17 
15:8:23 52.37 0.00000000 0.00000000 -99.00 -99.00 0.00 524.00 524.00 525.00 529.00 25.05 1010.62 55.58 0 28 3 17 
15:8:23 52.57 0.00000000 0.00000000 -99.00 -99.00 0.00 524.00 524.00 524.00 529.00 25.05 1010.61 55.57 0 28 3 17 
15:8:23 52.77 0.00000000 0.00000000 -99.00 -99.00 0.00 524.00 524.00 526.00 529.00 25.04 1010.64 55.54 0 28 3 17 
15:8:23 52.97 0.00000000 0.00000000 -99.00 -99.00 0.00 524.00 523.00 526.00 529.00 25.04 1010.59 55.50 0 28 3 17 
15:8:24 53.17 0.00000000 0.00000000 -99.00 -99.00 0.00 524.00 524.00 525.00 529.00 25.04 1010.60 55.48 0 28 3 17 
15:8:24 53.38 0.00000000 0.00000000 -99.00 -99.00 0.00 524.00 524.00 525.00 529.00 25.04 1010.59 55.45 0 28 3 17 
15:8:24 53.58 0.00000000 0.00000000 -99.00 -99.00 0.00 524.00 524.00 525.00 529.00 25.04 1010.59 55.43 0 28 3 17 
15:8:24 53.78 0.00000000 0.00000000 -99.00 -99.00 0.00 523.00 525.00 525.00 529.00 25.04 1010.59 55.39 0 28 3 17 
15:8:24 53.98 0.00000000 0.00000000 -99.00 -99.00 0.00 524.00 524.00 526.00 529.00 25.03 1010.61 55.33 0 28 3 17 
15:8:25 54.18 0.00000000 0.00000000 -99.00 -99.00 0.00 524.00 523.00 525.00 529.00 25.03 1010.58 55.26 0 28 3 17 
15:8:25 54.38 0.00000000 0.00000000 -99.00 -99.00 0.00 524.00 524.00 526.00 529.00 25.02 1010.52 55.22 0 28 3 17 
15:8:25 54.58 0.00000000 0.00000000 -99.00 -99.00 0.00 524.00 523.00 525.00 529.00 25.02 1010.59 55.18 0 28 3 17 
15:8:25 54.78 0.00000000 0.00000000 -99.00 -99.00 0.00 524.00 523.00 525.00 529.00 25.02 1010.60 55.14 0 28 3 17 
15:8:25 54.99 0.00000000 0.00000000 -99.00 -99.00 0.00 524.00 524.00 526.00 528.00 25.02 1010.63 55.10 0 28 3 17 
15:8:26 55.19 0.00000000 0.00000000 -99.00 -99.00 0.00 524.00 524.00 524.00 529.00 25.02 1010.61 55.08 0 28 3 17 
15:8:26 55.39 0.00000000 0.00000000 -99.00 -99.00 0.00 524.00 523.00 524.00 529.00 25.01 1010.60 55.04 0 28 3 17 
15:8:26 55.59 0.00000000 0.00000000 -99.00 -99.00 0.00 523.00 524.00 524.00 529.00 25.01 1010.59 55.08 0 28 3 17 
15:8:26 55.79 0.00000000 0.00000000 -99.00 -99.00 0.00 524.00 524.00 524.00 529.00 25.01 1010.55 55.04 0 28 3 17 
15:8:26 55.99 0.00000000 0.00000000 -99.00 -99.00 0.00 524.00 524.00 525.00 530.00 25.01 1010.55 55.03 0 28 3 17 
15:8:27 56.19 0.00000000 0.00000000 -99.00 -99.00 0.00 524.00 524.00 525.00 529.00 25.00 1010.58 55.03 0 28 3 17 
15:8:27 56.39 0.00000000 0.00000000 -99.00 -99.00 0.00 525.00 524.00 524.00 529.00 25.00 1010.62 55.02 0 28 3 17 
15:8:27 56.59 0.00000000 0.00000000 -99.00 -99.00 0.00 524.00 524.00 524.00 529.00 25.00 1010.57 55.00 0 28 3 17 
15:8:27 56.79 0.00000000 0.00000000 -99.00 -99.00 0.00 523.00 524.00 525.00 529.00 25.00 1010.59 54.99 0 28 3 17 
15:8:27 57.00 0.00000000 0.00000000 -99.00 -99.00 0.00 523.00 524.00 524.00 530.00 25.00 1010.59 54.96 0 28 3 17 
15:8:28 57.20 0.00000000 0.00000000 -99.00 -99.00 0.00 524.00 523.00 524.00 529.00 24.99 1010.54 54.99 0 28 3 17 
15:8:28 57.40 0.00000000 0.00000000 -99.00 -99.00 0.00 523.00 523.00 524.00 529.00 25.00 1010.60 54.99 0 28 3 17 
15:8:28 57.60 0.00000000 0.00000000 -99.00 -99.00 0.00 523.00 524.00 524.00 529.00 25.00 1010.65 54.99 0 28 3 17 
15:8:28 57.80 0.00000000 0.00000000 -99.00 -99.00 0.00 524.00 524.00 525.00 529.00 25.00 1010.62 54.99 0 28 3 17 
15:8:28 58.00 0.00000000 0.00000000 -99.00 -99.00 0.00 524.00 525.00 525.00 529.00 25.00 1010.55 55.00 0 28 3 17 
15:8:29 58.20 0.00000000 0.00000000 -99.00 -99.00 0.00 524.00 524.00 525.00 529.00 24.99 1010.58 54.97 0 28 3 17 
15:8:29 58.40 0.00000000 0.00000000 -99.00 -99.00 0.00 524.00 523.00 525.00 529.00 24.99 1010.57 54.92 0 28 3 17 
15:8:29 58.61 0.00000000 0.00000000 -99.00 -99.00 0.00 523.00 524.00 525.00 529.00 24.98 1010.61 54.91 0 28 3 17 
15:8:29 58.81 0.00000000 0.00000000 -99.00 -99.00 0.00 524.00 523.00 524.00 529.00 24.98 1010.59 54.89 0 28 3 17 
15:8:29 59.01 0.00000000 0.00000000 -99.00 -99.00 0.00 524.00 524.00 525.00 529.00 24.97 1010.60 54.86 0 28 3 17 
15:8:29 59.21 0.00000000 0.00000000 -99.00 -99.00 0.00 523.00 524.00 525.00 529.00 24.97 1010.58 54.83 0 28 3 17 
15:8:29 59.41 0.00000000 0.00000000 -99.00 -99.00 0.00 523.00 524.00 525.00 529.00 24.97 1010.63 54.81 0 28 3 17 
15:8:29 59.61 0.00000000 0.00000000 -99.00 -99.00 0.00 524.00 524.00 525.00 529.00 24.97 1010.57 54.80 0 28 3 17 
15:8:29 59.81 0.00000000 0.00000000 -99.00 -99.00 0.00 524.00 524.00 525.00 529.00 24.97 1010.61 54.79 0 28 3 17 
15:8:29 60.01 0.00000000 0.00000000 -99.00 -99.00 0.00 524.00 524.00 524.00 529.00 24.97 1010.61 54.78 0 28 3 17 
15:8:29 60.21 0.00000000 0.00000000 -99.00 -99.00 0.00 524.00 523.00 525.00 529.00 24.97 1010.61 54.78 0 28 3 17 
15:8:29 60.42 0.00000000 0.00000000 -99.00 -99.00 0.00 523.00 524.00 525.00 529.00 24.96 1010.62 54.77 0 28 3 17 
15:8:29 60.62 0.00000000 0.00000000 -99.00 -99.00 0.00 523.00 525.00 524.00 528.00 24.96 1010.61 54.75 0 28 3 17 
15:8:29 60.82 0.00000000 0.00000000 -99.00 -99.00 0.00 524.00 524.00 525.00 529.00 24.95 1010.59 54.74 0 28 3 17 
15:8:29 61.02 0.00000000 0.00000000 -99.00 -99.00 0.00 523.00 525.00 525.00 529.00 24.95 1010.62 54.73 0 28 3 17 
15:8:29 61.22 0.00000000 0.00000000 -99.00 -99.00 0.00 524.00 523.00 525.00 529.00 24.95 1010.61 54.73 0 28 3 17 
15:8:29 61.42 0.00000000 0.00000000 -99.00 -99.00 0.00 524.00 524.00 525.00 529.00 24.95 1010.58 54.74 0 28 3 17 
15:8:29 61.62 0.00000000 0.00000000 -99.00 -99.00 0.00 523.00 524.00 525.00 529.00 24.95 1010.62 54.74 0 28 3 17 
15:8:29 61.82 0.00000000 0.00000000 -99.00 -99.00 0.00 523.00 523.00 524.00 528.00 24.95 1010.65 54.75 0 28 3 17 
15:8:29 62.03 0.00000000 0.00000000 -99.00 -99.00 0.00 524.00 523.00 525.00 529.00 24.94 1010.60 54.76 0 28 3 17 
15:8:33 62.23 0.00000000 0.00000000 -99.00 -99.00 0.00 524.00 523.00 525.00 529.00 24.94 1010.65 54.80 0 28 3 17 
15:8:33 62.43 0.00000000 0.00000000 -99.00 -99.00 0.00 524.00 523.00 525.00 529.00 24.94 1010.59 54.91 0 28 3 17 
15:8:33 62.63 0.00000000 0.00000000 -99.00 -99.00 0.00 524.00 524.00 525.00 529.00 24.94 1010.60 55.01 0 28 3 17 
15:8:33 62.83 0.00000000 0.00000000 -99.00 -99.00 0.00 524.00 524.00 524.00 528.00 24.94 1010.63 55.09 0 28 3 17 
15:8:33 63.03 0.00000000 0.00000000 -99.00 -99.00 0.00 524.00 524.00 525.00 529.00 24.93 1010.58 55.17 0 28 3 17 
15:8:34 63.23 0.00000000 0.00000000 -99.00 -99.00 0.00 524.00 524.00 525.00 529.00 24.93 1010.56 55.20 0 28 3 17 
15:8:34 63.43 0.00000000 0.00000000 -99.00 -99.00 0.00 524.00 524.00 526.00 529.00 24.93 1010.56 55.23 0 28 3 17 
15:8:34 63.63 0.00000000 0.00000000 -99.00 -99.00 0.00 524.00 523.00 525.00 529.00 24.93 1010.57 55.24 0 28 3 17 
15:8:34 63.84 0.00000000 0.00000000 -99.00 -99.00 0.00 524.00 524.00 524.00 529.00 24.93 1010.61 55.26 0 28 3 17 
15:8:34 64.04 0.00000000 0.00000000 -99.00 -99.00 0.00 524.00 524.00 524.00 529.00 24.94 1010.60 55.27 0 28 3 17 
15:8:34 64.24 0.00000000 0.00000000 -99.00 -99.00 0.00 524.00 524.00 525.00 529.00 24.94 1010.57 55.27 0 28 3 17 
15:8:34 64.44 0.00000000 0.00000000 -99.00 -99.00 0.00 524.00 524.00 525.00 529.00 24.93 1010.58 55.25 0 28 3 17 
15:8:34 64.64 0.00000000 0.00000000 -99.00 -99.00 0.00 523.00 523.00 524.00 528.00 24.93 1010.60 55.24 0 28 3 17 
15:8:34 64.84 0.00000000 0.00000000 -99.00 -99.00 0.00 524.00 523.00 525.00 529.00 24.92 1010.59 55.23 0 28 3 17 
15:8:34 65.04 0.00000000 0.00000000 -99.00 -99.00 0.00 525.00 524.00 525.00 529.00 24.93 1010.64 55.20 0 28 3 17 
15:8:36 65.24 0.00000000 150.00013732 -99.00 -99.00 0.00 524.00 524.00 525.00 529.00 24.92 1010.59 55.15 0 28 3 17 
15:8:36 65.44 0.00000000 150.00013732 -99.00 -99.00 0.00 524.00 523.00 524.00 530.00 24.92 1010.56 55.10 0 28 3 17 
15:8:36 65.64 0.00000000 150.00013732 -99.00 -99.00 0.00 524.00 524.00 525.00 529.00 24.91 1010.55 55.10 0 28 3 17 
15:8:36 65.84 0.00000000 150.00013732 -99.00 -99.00 0.00 524.00 524.00 525.00 529.00 24.91 1010.57 55.06 0 28 3 17 
15:8:36 66.04 0.00000000 150.00013732 -99.00 -99.00 0.00 524.00 524.00 524.00 529.00 24.90 1010.57 55.03 0 28 3 17 
15:8:37 66.25 0.00000000 150.00013732 -99.00 -99.00 0.00 524.00 524.00 524.00 529.00 24.90 1010.60 55.02 0 28 3 17 
15:8:37 66.45 0.00000000 150.00013732 -99.00 -99.00 0.00 523.00 523.00 524.00 529.00 24.90 1010.58 55.01 0 28 3 17 
15:8:37 66.65 0.00000000 150.00013732 -99.00 -99.00 0.00 524.00 524.00 524.00 529.00 24.90 1010.61 55.01 0 28 3 17 
15:8:37 66.85 0.00000000 150.00013732 -99.00 -99.00 0.00 524.00 524.00 525.00 529.00 24.90 1010.56 55.00 0 28 3 17 
15:8:37 67.05 0.00000000 150.00013732 -99.00 -99.00 0.00 525.00 524.00 524.00 529.00 24.90 1010.60 55.00 0 28 3 17 
15:8:37 67.25 0.00000000 0.00000000 -99.00 -99.00 0.00 524.00 524.00 521.00 529.00 24.89 1010.59 55.04 0 28 3 17 
15:8:37 67.45 0.00000000 0.00000000 -99.00 -99.00 0.00 523.00 524.00 525.00 529.00 24.89 1010.58 54.97 0 28 3 17 
15:8:37 67.65 0.00000000 0.00000000 -99.00 -99.00 0.00 524.00 524.00 525.00 529.00 24.89 1010.63 54.97 0 28 3 17 
15:8:37 67.85 0.00000000 0.00000000 -99.00 -99.00 0.00 524.00 524.00 525.00 528.00 24.89 1010.64 54.95 0 28 3 17 
15:8:37 68.05 0.00000000 0.00000000 -99.00 -99.00 0.00 523.00 524.00 525.00 528.00 24.88 1010.60 54.95 0 28 3 17 
15:8:38 68.25 0.00000000 0.00000000 -99.00 -99.00 0.00 524.00 524.00 524.00 528.00 24.88 1010.57 54.96 0 28 3 17 
15:8:38 68.45 0.00000000 0.00000000 -99.00 -99.00 0.00 524.00 524.00 524.00 529.00 24.87 1010.58 54.96 0 28 3 17 
15:8:38 68.65 0.00000000 0.00000000 -99.00 -99.00 0.00 525.00 523.00 525.00 529.00 24.88 1010.61 54.97 0 28 3 17 
15:8:38 68.85 0.00000000 0.00000000 -99.00 -99.00 0.00 524.00 524.00 525.00 529.00 24.87 1010.62 54.98 0 28 3 17 
15:8:38 69.05 0.00000000 0.00000000 -99.00 -99.00 0.00 524.00 525.00 521.00 529.00 24.87 1010.56 54.98 0 28 3 17 
15:8:39 69.25 0.00000000 0.00000000 -99.00 -99.00 0.00 524.00 524.00 525.00 529.00 24.86 1010.56 54.97 0 28 3 17 
15:8:39 69.45 0.00000000 0.00000000 -99.00 -99.00 0.00 523.00 524.00 524.00 530.00 24.86 1010.58 54.97 0 28 3 17 
15:8:39 69.66 0.00000000 0.00000000 -99.00 -99.00 0.00 523.00 524.00 525.00 530.00 24.86 1010.59 54.97 0 28 3 17 
15:8:39 69.86 0.00000000 0.00000000 -99.00 -99.00 0.00 523.00 525.00 525.00 529.00 24.86 1010.59 54.98 0 28 3 17 
15:8:39 70.06 0.00000000 0.00000000 -99.00 -99.00 0.00 524.00 524.00 524.00 528.00 24.86 1010.59 54.98 0 28 3 17 
15:8:41 70.26 0.00000000 0.00000000 -99.00 -99.00 0.00 523.00 523.00 525.00 529.00 24.86 1010.58 54.98 0 28 3 17 
15:8:41 70.46 0.00000000 0.00000000 -99.00 -99.00 0.00 524.00 523.00 524.00 529.00 24.86 1010.65 54.98 0 28 3 17 
15:8:41 70.66 0.00000000 0.00000000 -99.00 -99.00 0.00 524.00 524.00 525.00 529.00 24.85 1010.60 54.99 0 28 3 17 
15:8:41 70.86 0.00000000 0.00000000 -99.00 -99.00 0.00 524.00 521.00 524.00 528.00 24.85 1010.64 54.99 0 28 3 17 
15:8:41 71.06 0.00000000 0.00000000 -99.00 -99.00 0.00 524.00 523.00 524.00 529.00 24.85 1010.58 54.99 0 28 3 17 
15:8:42 71.26 0.00000000 0.00000000 -99.00 -99.00 0.00 524.00 524.00 525.00 529.00 24.85 1010.58 54.99 0 28 3 17 
15:8:42 71.46 0.00000000 0.00000000 -99.00 -99.00 0.00 524.00 524.00 525.00 529.00 24.85 1010.59 54.99 0 28 3 17 
15:8:42 71.66 0.00000000 0.00000000 -99.00 -99.00 0.00 524.00 524.00 525.00 529.00 24.85 1010.58 54.98 0 28 3 17 
15:8:42 71.86 0.00000000 0.00000000 -99.00 -99.00 0.00 524.00 524.00 525.00 529.00 24.84 1010.60 54.97 0 28 3 17 
15:8:42 72.06 0.00000000 0.00000000 -99.00 -99.00 0.00 524.00 524.00 525.00 529.00 24.84 1010.65 54.96 0 28 3 17 
15:8:43 72.26 0.00000000 0.00000000 -99.00 -99.00 0.00 524.00 524.00 524.00 529.00 24.84 1010.60 54.95 0 28 3 17 
15:8:43 72.47 0.00000000 0.00000000 -99.00 -99.00 0.00 525.00 524.00 524.00 529.00 24.84 1010.64 54.95 0 28 3 17 
15:8:43 72.67 0.00000000 0.00000000 -99.00 -99.00 0.00 524.00 521.00 524.00 528.00 24.84 1010.63 54.94 0 28 3 17 
15:8:43 72.87 0.00000000 0.00000000 -99.00 -99.00 0.00 524.00 524.00 525.00 529.00 24.83 1010.55 54.95 0 28 3 17 
15:8:44 73.07 0.00000000 0.00000000 -99.00 -99.00 0.00 524.00 523.00 525.00 529.00 24.83 1010.60 54.94 0 28 3 17 
15:8:44 73.27 0.00000000 0.00000000 -99.00 -99.00 0.00 524.00 524.00 524.00 530.00 24.83 1010.60 54.95 0 28 3 17 
15:8:44 73.47 0.00000000 0.00000000 -99.00 -99.00 0.00 524.00 524.00 524.00 528.00 24.83 1010.59 54.95 0 28 3 17 
15:8:44 73.67 0.00000000 0.00000000 -99.00 -99.00 0.00 524.00 523.00 524.00 528.00 24.83 1010.65 54.95 0 28 3 17 
15:8:44 73.87 0.00000000 0.00000000 -99.00 -99.00 0.00 524.00 524.00 525.00 529.00 24.83 1010.59 54.95 0 28 3 17 
15:8:44 74.07 0.00000000 0.00000000 -99.00 -99.00 0.00 524.00 524.00 524.00 529.00 24.83 1010.57 54.92 0 28 3 17 
15:8:45 74.27 0.00000000 0.00000000 -99.00 -99.00 0.00 523.00 524.00 525.00 529.00 24.83 1010.60 54.97 0 28 3 17 
15:8:45 74.47 0.00000000 0.00000000 -99.00 -99.00 0.00 523.00 521.00 524.00 529.00 24.83 1010.62 54.98 0 28 3 17 
15:8:45 74.67 0.00000000 0.00000000 -99.00 -99.00 0.00 524.00 524.00 525.00 529.00 24.83 1010.64 54.99 0 28 3 17 
15:8:45 74.87 0.00000000 0.00000000 -99.00 -99.00 0.00 524.00 524.00 525.00 529.00 24.82 1010.58 54.99 0 28 3 17 
15:8:45 75.08 0.00000000 0.00000000 -99.00 -99.00 0.00 524.00 525.00 524.00 529.00 24.82 1010.59 54.99 0 28 3 17 
15:8:46 75.28 0.00000000 0.00000000 -99.00 -99.00 0.00 524.00 524.00 525.00 529.00 24.82 1010.61 54.99 0 28 3 17 
15:8:46 75.48 0.00000000 0.00000000 -99.00 -99.00 0.00 524.00 524.00 525.00 529.00 24.81 1010.60 54.98 0 28 3 17 
15:8:46 75.68 0.00000000 0.00000000 -99.00 -99.00 0.00 524.00 524.00 525.00 529.00 24.81 1010.58 54.98 0 28 3 17 
15:8:46 75.88 0.00000000 0.00000000 -99.00 -99.00 0.00 524.00 524.00 525.00 529.00 24.81 1010.59 54.98 0 28 3 17 
15:8:47 76.08 0.00000000 0.00000000 -99.00 -99.00 0.00 525.00 524.00 525.00 529.00 24.82 1010.61 54.99 0 28 3 17 
15:8:47 76.28 0.00000000 0.00000000 -99.00 -99.00 0.00 521.00 523.00 524.00 528.00 24.81 1010.57 54.99 0 28 3 17 
15:8:47 76.48 0.00000000 0.00000000 -99.00 -99.00 0.00 524.00 524.00 525.00 529.00 24.82 1010.59 54.99 0 28 3 17 
15:8:47 76.68 0.00000000 0.00000000 -99.00 -99.00 0.00 524.00 524.00 525.00 529.00 24.81 1010.60 55.00 0 28 3 17 
15:8:47 76.88 0.00000000 0.00000000 -99.00 -99.00 0.00 525.00 523.00 525.00 529.00 24.81 1010.56 55.02 0 28 3 17 
15:8:48 77.08 0.00000000 0.00000000 -99.00 -99.00 0.00 523.00 523.00 525.00 529.00 24.81 1010.60 55.04 0 28 3 17 
15:8:48 77.29 0.00000000 0.00000000 -99.00 -99.00 0.00 524.00 523.00 525.00 529.00 24.81 1010.62 55.05 0 28 3 17 
15:8:48 77.49 0.00000000 0.00000000 -99.00 -99.00 0.00 524.00 524.00 524.00 529.00 24.81 1010.65 55.07 0 28 3 17 
15:8:48 77.69 0.00000000 0.00000000 -99.00 -99.00 0.00 524.00 524.00 525.00 530.00 24.81 1010.58 55.08 0 28 3 17 
15:8:48 77.89 0.00000000 0.00000000 -99.00 -99.00 0.00 523.00 524.00 525.00 529.00 24.81 1010.62 55.11 0 28 3 17 
15:8:49 78.09 0.00000000 0.00000000 -99.00 -99.00 0.00 521.00 523.00 524.00 528.00 24.81 1010.62 55.12 0 28 3 17 
15:8:49 78.29 0.00000000 0.00000000 -99.00 -99.00 0.00 523.00 524.00 525.00 529.00 24.80 1010.60 55.13 0 28 3 17 
15:8:49 78.49 0.00000000 0.00000000 -99.00 -99.00 0.00 523.00 524.00 525.00 529.00 24.80 1010.55 55.13 0 28 3 17 
15:8:49 78.69 0.00000000 0.00000000 -99.00 -99.00 0.00 524.00 524.00 525.00 529.00 24.80 1010.55 55.15 0 28 3 17 
15:8:49 78.89 0.00000000 0.00000000 -99.00 -99.00 0.00 523.00 524.00 525.00 529.00 24.80 1010.62 55.16 0 28 3 17 
15:8:50 79.09 0.00000000 0.00000000 -99.00 -99.00 0.00 524.00 524.00 525.00 529.00 24.80 1010.55 55.16 0 28 3 17 
15:8:50 79.29 0.00000000 0.00000000 -99.00 -99.00 0.00 524.00 524.00 524.00 529.00 24.79 1010.62 55.19 0 28 3 17 
15:8:50 79.49 0.00000000 0.00000000 -99.00 -99.00 0.00 524.00 523.00 525.00 529.00 24.79 1010.58 55.20 0 28 3 17 
15:8:50 79.69 0.00000000 0.00000000 -99.00 -99.00 0.00 524.00 523.00 525.00 529.00 24.79 1010.60 55.20 0 28 3 17 
15:8:50 79.89 0.00000000 0.00000000 -99.00 -99.00 0.00 521.00 524.00 525.00 529.00 24.79 1010.58 55.21 0 28 3 17 
15:8:51 80.09 0.00000000 0.00000000 -99.00 -99.00 0.00 523.00 523.00 525.00 529.00 24.79 1010.61 55.22 0 28 3 17 
15:8:51 80.30 0.00000000 0.00000000 -99.00 -99.00 0.00 523.00 524.00 525.00 529.00 24.79 1010.61 55.27 0 28 3 17 
15:8:51 80.50 0.00000000 0.00000000 -99.00 -99.00 0.00 524.00 524.00 525.00 529.00 24.79 1010.58 55.22 0 28 3 17 
15:8:51 80.70 0.00000000 0.00000000 -99.00 -99.00 0.00 523.00 524.00 524.00 529.00 24.79 1010.63 55.21 0 28 3 17 
15:8:51 80.90 0.00000000 0.00000000 -99.00 -99.00 0.00 524.00 524.00 525.00 528.00 24.79 1010.60 55.21 0 28 3 17 
15:8:52 81.10 0.00000000 0.00000000 -99.00 -99.00 0.00 523.00 524.00 526.00 529.00 24.78 1010.61 55.21 0 28 3 17 
15:8:52 81.30 0.00000000 0.00000000 -99.00 -99.00 0.00 524.00 524.00 525.00 530.00 24.78 1010.62 55.21 0 28 3 17 
15:8:52 81.50 0.00000000 0.00000000 -99.00 -99.00 0.00 524.00 524.00 525.00 529.00 24.78 1010.57 55.21 0 28 3 17 
15:8:52 81.70 0.00000000 0.00000000 -99.00 -99.00 0.00 522.00 523.00 524.00 529.00 24.78 1010.62 55.21 0 28 3 17 
15:8:52 81.90 0.00000000 0.00000000 -99.00 -99.00 0.00 523.00 524.00 524.00 529.00 24.78 1010.62 55.20 0 28 3 17 
15:8:53 82.10 0.00000000 0.00000000 -99.00 -99.00 0.00 523.00 524.00 525.00 529.00 24.78 1010.58 55.19 0 28 3 17 
15:8:53 82.30 0.00000000 0.00000000 -99.00 -99.00 0.00 523.00 525.00 525.00 529.00 24.78 1010.57 55.18 0 28 3 17 
15:8:53 82.50 0.00000000 0.00000000 -99.00 -99.00 0.00 524.00 524.00 524.00 529.00 24.77 1010.59 55.18 0 28 3 17 
15:8:53 82.70 0.00000000 0.00000000 -99.00 -99.00 0.00 524.00 523.00 525.00 529.00 24.78 1010.61 55.19 0 28 3 17 
15:8:53 82.90 0.00000000 0.00000000 -99.00 -99.00 0.00 523.00 523.00 525.00 529.00 24.77 1010.58 55.20 0 28 3 17 
15:8:53 83.11 0.00000000 0.00000000 -99.00 -99.00 0.00 524.00 524.00 524.00 529.00 24.77 1010.62 55.21 0 28 3 17 
15:8:54 83.31 0.00000000 0.00000000 -99.00 -99.00 0.00 524.00 524.00 525.00 529.00 24.78 1010.57 55.22 0 28 3 17 
15:8:54 83.51 0.00000000 0.00000000 -99.00 -99.00 0.00 522.00 524.00 524.00 528.00 24.76 1010.59 55.21 0 28 3 17 
15:8:54 83.71 0.00000000 0.00000000 -99.00 -99.00 0.00 524.00 524.00 525.00 528.00 24.76 1010.51 55.20 0 28 3 17 
15:8:54 83.91 0.00000000 0.00000000 -99.00 -99.00 0.00 524.00 524.00 524.00 529.00 24.76 1010.60 55.19 0 28 3 17 
15:8:54 84.11 0.00000000 0.00000000 -99.00 -99.00 0.00 524.00 524.00 525.00 528.00 24.76 1010.60 55.20 0 28 3 17 
15:8:55 84.31 0.00000000 0.00000000 -99.00 -99.00 0.00 524.00 523.00 525.00 529.00 24.75 1010.57 55.19 0 28 3 17 
15:8:55 84.51 0.00000000 0.00000000 -99.00 -99.00 0.00 524.00 523.00 524.00 529.00 24.75 1010.61 55.20 0 28 3 17 
15:8:55 84.71 0.00000000 0.00000000 -99.00 -99.00 0.00 524.00 523.00 526.00 529.00 24.75 1010.56 55.20 0 28 3 17 
15:8:55 84.91 0.00000000 0.00000000 -99.00 -99.00 0.00 524.00 524.00 525.00 529.00 24.75 1010.58 55.20 0 28 3 17 
15:8:56 85.11 0.00000000 0.00000000 -99.00 -99.00 0.00 523.00 524.00 525.00 530.00 24.75 1010.61 55.20 0 28 3 17 
15:8:56 85.31 0.00000000 0.00000000 -99.00 -99.00 0.00 523.00 523.00 525.00 529.00 24.75 1010.58 55.21 0 28 3 17 
15:8:56 85.51 0.00000000 0.00000000 -99.00 -99.00 0.00 524.00 524.00 525.00 530.00 24.75 1010.57 55.22 0 28 3 17 
15:8:56 85.71 0.00000000 0.00000000 -99.00 -99.00 0.00 524.00 524.00 525.00 529.00 24.75 1010.61 55.23 0 28 3 17 
15:8:56 85.91 0.00000000 0.00000000 -99.00 -99.00 0.00 524.00 524.00 525.00 529.00 24.75 1010.62 55.26 0 28 3 17 
15:8:56 86.12 0.00000000 0.00000000 -99.00 -99.00 0.00 525.00 524.00 524.00 529.00 24.74 1010.60 55.25 0 28 3 17 
15:8:57 86.32 0.00000000 0.00000000 -99.00 -99.00 0.00 524.00 524.00 525.00 529.00 24.74 1010.57 55.26 0 28 3 17 
15:8:57 86.52 0.00000000 0.00000000 -99.00 -99.00 0.00 523.00 524.00 525.00 529.00 24.74 1010.54 55.27 0 28 3 17 
15:8:57 86.72 0.00000000 0.00000000 -99.00 -99.00 0.00 524.00 524.00 524.00 529.00 24.75 1010.56 55.27 0 28 3 17 
15:8:57 86.92 0.00000000 0.00000000 -99.00 -99.00 0.00 524.00 524.00 525.00 529.00 24.74 1010.58 55.27 0 28 3 17 
15:8:58 87.12 0.00000000 0.00000000 -99.00 -99.00 0.00 523.00 524.00 524.00 529.00 24.74 1010.56 55.25 0 28 3 17 
15:8:58 87.32 0.00000000 0.00000000 -99.00 -99.00 0.00 524.00 524.00 525.00 529.00 24.74 1010.59 55.23 0 28 3 17 
15:8:58 87.52 0.00000000 0.00000000 -99.00 -99.00 0.00 524.00 524.00 525.00 529.00 24.73 1010.57 55.20 0 28 3 17 
15:8:58 87.72 0.00000000 0.00000000 -99.00 -99.00 0.00 524.00 524.00 525.00 529.00 24.73 1010.56 55.21 0 28 3 17 
15:8:58 87.92 0.00000000 0.00000000 -99.00 -99.00 0.00 524.00 524.00 524.00 528.00 24.73 1010.60 55.16 0 28 3 17 
15:8:59 88.13 0.00000000 0.00000000 -99.00 -99.00 0.00 524.00 524.00 525.00 529.00 24.72 1010.54 55.14 0 28 3 17 
15:8:59 88.33 0.00000000 0.00000000 -99.00 -99.00 0.00 524.00 523.00 525.00 528.00 24.72 1010.60 55.11 0 28 3 17 
15:8:59 88.53 0.00000000 0.00000000 -99.00 -99.00 0.00 524.00 524.00 525.00 528.00 24.71 1010.55 55.08 0 28 3 17 
15:8:59 88.73 0.00000000 0.00000000 -99.00 -99.00 0.00 523.00 523.00 525.00 529.00 24.71 1010.58 55.07 0 28 3 17 
15:8:59 88.93 0.00000000 0.00000000 -99.00 -99.00 0.00 523.00 524.00 524.00 529.00 24.70 1010.55 55.06 0 28 3 17 
15:9:0 89.13 0.00000000 0.00000000 -99.00 -99.00 0.00 524.00 524.00 525.00 529.00 24.70 1010.63 55.06 0 28 3 17 
15:9:0 89.33 0.00000000 0.00000000 -99.00 -99.00 0.00 524.00 524.00 524.00 529.00 24.70 1010.60 55.06 0 28 3 17 
15:9:0 89.53 0.00000000 0.00000000 -99.00 -99.00 0.00 524.00 524.00 525.00 528.00 24.70 1010.60 55.06 0 28 3 17 
15:9:0 89.73 0.00000000 0.00000000 -99.00 -99.00 0.00 524.00 524.00 525.00 529.00 24.70 1010.56 55.12 0 28 3 17 
15:9:0 89.93 0.00000000 0.00000000 -99.00 -99.00 0.00 524.00 524.00 525.00 529.00 24.69 1010.56 55.05 0 28 3 17 
15:9:1 90.13 0.00000000 0.00000000 -99.00 -99.00 0.00 524.00 524.00 525.00 529.00 24.69 1010.60 55.04 0 28 3 17 
15:9:1 90.34 0.00000000 0.00000000 -99.00 -99.00 0.00 524.00 524.00 525.00 528.00 24.69 1010.56 55.05 0 28 3 17 
15:9:1 90.54 0.00000000 0.00000000 -99.00 -99.00 0.00 524.00 524.00 525.00 529.00 24.69 1010.55 55.05 0 28 3 17 
15:9:1 90.74 0.00000000 0.00000000 -99.00 -99.00 0.00 523.00 524.00 524.00 529.00 24.69 1010.62 55.04 0 28 3 17 
15:9:1 90.94 0.00000000 0.00000000 -99.00 -99.00 0.00 524.00 524.00 525.00 529.00 24.69 1010.61 55.03 0 28 3 17 
15:9:2 91.14 0.00000000 0.00000000 -99.00 -99.00 0.00 523.00 524.00 525.00 529.00 24.68 1010.59 55.03 0 28 3 17 
15:9:2 91.34 0.00000000 0.00000000 -99.00 -99.00 0.00 524.00 524.00 525.00 529.00 24.68 1010.62 55.03 0 28 3 17 
15:9:2 91.54 0.00000000 0.00000000 -99.00 -99.00 0.00 524.00 523.00 525.00 529.00 24.68 1010.62 55.04 0 28 3 17 
15:9:2 91.74 0.00000000 0.00000000 -99.00 -99.00 0.00 523.00 524.00 525.00 528.00 24.68 1010.60 55.04 0 28 3 17 
15:9:2 91.94 0.00000000 0.00000000 -99.00 -99.00 0.00 524.00 524.00 526.00 528.00 24.67 1010.59 55.05 0 28 3 17 
15:9:3 92.14 0.00000000 0.00000000 -99.00 -99.00 0.00 523.00 524.00 525.00 529.00 24.67 1010.57 55.06 0 28 3 17 
15:9:3 92.34 0.00000000 0.00000000 -99.00 -99.00 0.00 523.00 524.00 525.00 529.00 24.67 1010.52 55.08 0 28 3 17 
15:9:3 92.54 0.00000000 0.00000000 -99.00 -99.00 0.00 520.00 523.00 525.00 529.00 24.67 1010.57 55.08 0 28 3 17 
15:9:3 92.74 0.00000000 0.00000000 -99.00 -99.00 0.00 524.00 524.00 526.00 529.00 24.67 1010.58 55.09 0 28 3 17 
15:9:3 92.94 0.00000000 0.00000000 -99.00 -99.00 0.00 524.00 524.00 525.00 529.00 24.67 1010.58 55.10 0 28 3 17 
15:9:4 93.15 0.00000000 0.00000000 -99.00 -99.00 0.00 524.00 524.00 526.00 529.00 24.67 1010.59 55.10 0 28 3 17 
15:9:4 93.35 0.00000000 0.00000000 -99.00 -99.00 0.00 524.00 524.00 525.00 529.00 24.67 1010.64 55.09 0 28 3 17 
15:9:4 93.55 0.00000000 0.00000000 -99.00 -99.00 0.00 524.00 524.00 524.00 529.00 24.66 1010.57 55.09 0 28 3 17 
15:9:4 93.75 0.00000000 0.00000000 -99.00 -99.00 0.00 524.00 524.00 525.00 529.00 24.66 1010.59 55.09 0 28 3 17 
15:9:4 93.95 0.00000000 0.00000000 -99.00 -99.00 0.00 523.00 524.00 524.00 529.00 24.66 1010.59 55.10 0 28 3 17 
15:9:5 94.15 0.00000000 0.00000000 -99.00 -99.00 0.00 524.00 524.00 525.00 529.00 24.66 1010.56 55.10 0 28 3 17 
15:9:5 94.35 0.00000000 0.00000000 -99.00 -99.00 0.00 524.00 520.00 524.00 529.00 24.65 1010.58 55.10 0 28 3 17 
15:9:5 94.55 0.00000000 0.00000000 -99.00 -99.00 0.00 524.00 524.00 525.00 528.00 24.65 1010.58 55.10 0 28 3 17 
15:9:5 94.75 0.00000000 0.00000000 -99.00 -99.00 0.00 523.00 524.00 525.00 529.00 24.66 1010.61 55.11 0 28 3 17 
15:9:5 94.95 0.00000000 0.00000000 -99.00 -99.00 0.00 524.00 524.00 525.00 529.00 24.66 1010.60 55.13 0 28 3 17 
15:9:6 95.15 0.00000000 0.00000000 -99.00 -99.00 0.00 524.00 524.00 525.00 529.00 24.65 1010.56 55.15 0 28 3 17 
15:9:6 95.35 0.00000000 0.00000000 -99.00 -99.00 0.00 523.00 524.00 524.00 530.00 24.66 1010.62 55.17 0 28 3 17 
15:9:6 95.55 0.00000000 0.00000000 -99.00 -99.00 0.00 524.00 524.00 525.00 528.00 24.66 1010.56 55.19 0 28 3 17 
15:9:6 95.75 0.00000000 0.00000000 -99.00 -99.00 0.00 523.00 524.00 525.00 529.00 24.65 1010.52 55.20 0 28 3 17 
15:9:6 95.95 0.00000000 0.00000000 -99.00 -99.00 0.00 524.00 523.00 525.00 528.00 24.65 1010.59 55.21 0 28 3 17 
15:9:7 96.16 0.00000000 0.00000000 -99.00 -99.00 0.00 524.00 524.00 521.00 528.00 24.65 1010.58 55.22 0 28 3 17 
15:9:7 96.36 0.00000000 0.00000000 -99.00 -99.00 0.00 524.00 523.00 525.00 529.00 24.65 1010.57 55.23 0 28 3 17 
15:9:7 96.56 0.00000000 0.00000000 -99.00 -99.00 0.00 524.00 523.00 526.00 529.00 24.65 1010.60 55.24 0 28 3 17 
15:9:7 96.76 0.00000000 0.00000000 -99.00 -99.00 0.00 524.00 524.00 524.00 529.00 24.65 1010.59 55.25 0 28 3 17 
15:9:7 96.96 0.00000000 0.00000000 -99.00 -99.00 0.00 524.00 523.00 525.00 528.00 24.65 1010.60 55.26 0 28 3 17 
15:9:8 97.16 0.00000000 0.00000000 -99.00 -99.00 0.00 523.00 523.00 525.00 529.00 24.64 1010.60 55.26 0 28 3 17 
15:9:8 97.36 0.00000000 0.00000000 -99.00 -99.00 0.00 524.00 524.00 525.00 529.00 24.64 1010.58 55.26 0 28 3 17 
15:9:8 97.56 0.00000000 0.00000000 -99.00 -99.00 0.00 524.00 524.00 525.00 529.00 24.64 1010.62 55.25 0 28 3 17 
15:9:8 97.76 0.00000000 0.00000000 -99.00 -99.00 0.00 524.00 524.00 525.00 530.00 24.64 1010.61 55.25 0 28 3 17 
15:9:8 97.96 0.00000000 0.00000000 -99.00 -99.00 0.00 524.00 524.00 525.00 526.00 24.64 1010.57 55.23 0 28 3 17 
15:9:9 98.16 0.00000000 0.00000000 -99.00 -99.00 0.00 523.00 524.00 525.00 529.00 24.64 1010.57 55.23 0 28 3 17 
15:9:9 98.36 0.00000000 0.00000000 -99.00 -99.00 0.00 524.00 524.00 525.00 529.00 24.63 1010.61 55.21 0 28 3 17 
15:9:9 98.56 0.00000000 0.00000000 -99.00 -99.00 0.00 523.00 525.00 525.00 529.00 24.63 1010.60 55.19 0 28 3 17 
15:9:9 98.76 0.00000000 0.00000000 -99.00 -99.00 0.00 524.00 525.00 525.00 528.00 24.62 1010.59 55.19 0 28 3 17 
15:9:9 98.96 0.00000000 0.00000000 -99.00 -99.00 0.00 524.00 524.00 524.00 529.00 24.62 1010.60 55.18 0 28 3 17 
15:9:10 99.16 0.00000000 0.00000000 -99.00 -99.00 0.00 523.00 524.00 525.00 529.00 24.63 1010.60 55.18 0 28 3 17 
15:9:10 99.37 0.00000000 0.00000000 -99.00 -99.00 0.00 524.00 524.00 524.00 529.00 24.62 1010.60 55.19 0 28 3 17 
15:9:10 99.57 0.00000000 0.00000000 -99.00 -99.00 0.00 524.00 525.00 525.00 529.00 24.62 1010.58 55.19 0 28 3 17 
15:9:10 99.77 0.00000000 0.00000000 -99.00 -99.00 0.00 523.00 524.00 525.00 529.00 24.62 1010.58 55.20 0 28 3 17 
15:9:10 99.97 0.00000000 0.00000000 -99.00 -99.00 0.00 524.00 524.00 524.00 528.00 24.62 1010.57 55.21 0 28 3 17 
15:9:11 100.17 0.00000000 0.00000000 -99.00 -99.00 0.00 524.00 524.00 524.00 530.00 24.61 1010.56 55.22 0 28 3 17 
15:9:11 100.37 0.00000000 0.00000000 -99.00 -99.00 0.00 524.00 524.00 524.00 529.00 24.61 1010.59 55.23 0 28 3 17 
15:9:11 100.57 0.00000000 0.00000000 -99.00 -99.00 0.00 523.00 524.00 525.00 529.00 24.62 1010.59 55.24 0 28 3 17 
15:9:11 100.77 0.00000000 0.00000000 -99.00 -99.00 0.00 524.00 524.00 524.00 529.00 24.62 1010.57 55.25 0 28 3 17 
15:9:11 100.97 0.00000000 0.00000000 -99.00 -99.00 0.00 524.00 524.00 524.00 529.00 24.61 1010.54 55.28 0 28 3 17 
15:9:12 101.17 0.00000000 0.00000000 -99.00 -99.00 0.00 524.00 524.00 524.00 529.00 24.61 1010.57 55.27 0 28 3 17 
15:9:12 101.37 0.00000000 0.00000000 -99.00 -99.00 0.00 524.00 524.00 525.00 528.00 24.61 1010.55 55.27 0 28 3 17 
15:9:12 101.57 0.00000000 0.00000000 -99.00 -99.00 0.00 524.00 524.00 521.00 528.00 24.61 1010.56 55.28 0 28 3 17 
15:9:12 101.77 0.00000000 0.00000000 -99.00 -99.00 0.00 524.00 524.00 525.00 528.00 24.61 1010.59 55.28 0 28 3 17 
15:9:12 101.97 0.00000000 0.00000000 -99.00 -99.00 0.00 523.00 524.00 525.00 529.00 24.61 1010.56 55.29 0 28 3 17 
15:9:13 102.18 0.00000000 0.00000000 -99.00 -99.00 0.00 524.00 524.00 525.00 529.00 24.60 1010.60 55.31 0 28 3 17 
15:9:13 102.38 0.00000000 0.00000000 -99.00 -99.00 0.00 524.00 524.00 525.00 528.00 24.60 1010.57 55.33 0 28 3 17 
15:9:13 102.58 0.00000000 0.00000000 -99.00 -99.00 0.00 523.00 524.00 524.00 528.00 24.60 1010.58 55.34 0 28 3 17 
15:9:13 102.78 0.00000000 0.00000000 -99.00 -99.00 0.00 524.00 524.00 525.00 529.00 24.61 1010.60 55.38 0 28 3 17 
15:9:13 102.98 0.00000000 0.00000000 -99.00 -99.00 0.00 524.00 524.00 525.00 529.00 24.60 1010.54 55.39 0 28 3 17 
15:9:14 103.18 0.00000000 0.00000000 -99.00 -99.00 0.00 524.00 524.00 525.00 529.00 24.61 1010.56 55.40 0 28 3 17 
15:9:14 103.38 0.00000000 0.00000000 -99.00 -99.00 0.00 525.00 521.00 524.00 529.00 24.61 1010.60 55.42 0 28 3 17 
15:9:14 103.58 0.00000000 0.00000000 -99.00 -99.00 0.00 525.00 524.00 524.00 529.00 24.60 1010.57 55.42 0 28 3 17 
15:9:14 103.78 0.00000000 0.00000000 -99.00 -99.00 0.00 523.00 524.00 524.00 529.00 24.60 1010.59 55.43 0 28 3 17 
15:9:14 103.98 0.00000000 0.00000000 -99.00 -99.00 0.00 524.00 524.00 525.00 528.00 24.60 1010.59 55.44 0 28 3 17 
15:9:15 104.18 0.00000000 0.00000000 -99.00 -99.00 0.00 524.00 523.00 525.00 529.00 24.59 1010.54 55.45 0 28 3 17 
15:9:15 104.38 0.00000000 0.00000000 -99.00 -99.00 0.00 524.00 524.00 524.00 529.00 24.60 1010.56 55.45 0 28 3 17 
15:9:15 104.58 0.00000000 0.00000000 -99.00 -99.00 0.00 524.00 524.00 524.00 528.00 24.60 1010.56 55.45 0 28 3 17 
15:9:15 104.79 0.00000000 0.00000000 -99.00 -99.00 0.00 524.00 524.00 525.00 529.00 24.59 1010.56 55.44 0 28 3 17 
15:9:15 104.99 0.00000000 0.00000000 -99.00 -99.00 0.00 523.00 524.00 525.00 529.00 24.59 1010.56 55.44 0 28 3 17 
15:9:16 105.19 0.00000000 0.00000000 -99.00 -99.00 0.00 523.00 524.00 524.00 529.00 24.59 1010.57 55.43 0 28 3 17 
15:9:16 105.39 0.00000000 0.00000000 -99.00 -99.00 0.00 524.00 524.00 525.00 529.00 24.58 1010.56 55.43 0 28 3 17 
15:9:16 105.59 0.00000000 0.00000000 -99.00 -99.00 0.00 523.00 524.00 525.00 529.00 24.59 1010.60 55.42 0 28 3 17 
15:9:16 105.79 0.00000000 0.00000000 -99.00 -99.00 0.00 524.00 523.00 525.00 529.00 24.59 1010.58 55.42 0 28 3 17 
15:9:16 105.99 0.00000000 0.00000000 -99.00 -99.00 0.00 524.00 524.00 525.00 529.00 24.59 1010.58 55.41 0 28 3 17 
15:9:17 106.19 0.00000000 0.00000000 -99.00 -99.00 0.00 524.00 524.00 525.00 529.00 24.58 1010.60 55.39 0 28 3 17 
15:9:17 106.39 0.00000000 0.00000000 -99.00 -99.00 0.00 524.00 524.00 525.00 528.00 24.58 1010.65 55.39 0 28 3 17 
15:9:17 106.59 0.00000000 0.00000000 -99.00 -99.00 0.00 524.00 524.00 524.00 529.00 24.58 1010.63 55.33 0 28 3 17 
15:9:17 106.79 0.00000000 0.00000000 -99.00 -99.00 0.00 524.00 523.00 524.00 528.00 24.58 1010.60 55.36 0 28 3 17 
15:9:17 106.99 0.00000000 0.00000000 -99.00 -99.00 0.00 524.00 524.00 524.00 529.00 24.58 1010.57 55.36 0 28 3 17 
15:9:18 107.19 0.00000000 0.00000000 -99.00 -99.00 0.00 524.00 524.00 524.00 529.00 24.58 1010.54 55.35 0 28 3 17 
15:9:18 107.39 0.00000000 0.00000000 -99.00 -99.00 0.00 524.00 523.00 524.00 529.00 24.58 1010.59 55.34 0 28 3 17 
15:9:18 107.59 0.00000000 0.00000000 -99.00 -99.00 0.00 524.00 524.00 525.00 528.00 24.57 1010.56 55.34 0 28 3 17 
15:9:18 107.79 0.00000000 0.00000000 -99.00 -99.00 0.00 523.00 524.00 525.00 529.00 24.58 1010.61 55.34 0 28 3 17 
15:9:18 108.00 0.00000000 0.00000000 -99.00 -99.00 0.00 524.00 524.00 525.00 529.00 24.57 1010.62 55.33 0 28 3 17 
15:9:19 108.20 0.00000000 0.00000000 -99.00 -99.00 0.00 524.00 524.00 525.00 528.00 24.57 1010.61 55.33 0 28 3 17 
15:9:19 108.40 0.00000000 0.00000000 -99.00 -99.00 0.00 524.00 524.00 525.00 528.00 24.57 1010.57 55.28 0 28 3 17 
15:9:19 108.60 0.00000000 0.00000000 -99.00 -99.00 0.00 524.00 524.00 525.00 528.00 24.57 1010.62 55.33 0 28 3 17 
15:9:19 108.80 0.00000000 0.00000000 -99.00 -99.00 0.00 524.00 524.00 524.00 529.00 24.57 1010.55 55.34 0 28 3 17 
15:9:19 109.00 0.00000000 0.00000000 -99.00 -99.00 0.00 523.00 523.00 525.00 529.00 24.56 1010.59 55.33 0 28 3 17 
15:9:20 109.20 0.00000000 0.00000000 -99.00 -99.00 0.00 524.00 524.00 525.00 528.00 24.56 1010.52 55.34 0 28 3 17 
15:9:20 109.40 0.00000000 0.00000000 -99.00 -99.00 0.00 524.00 524.00 526.00 529.00 24.56 1010.52 55.35 0 28 3 17 
15:9:20 109.60 0.00000000 0.00000000 -99.00 -99.00 0.00 524.00 523.00 525.00 528.00 24.55 1010.53 55.36 0 28 3 17 
15:9:20 109.80 0.00000000 0.00000000 -99.00 -99.00 0.00 524.00 524.00 525.00 529.00 24.55 1010.59 55.37 0 28 3 17 
15:9:20 110.00 0.00000000 0.00000000 -99.00 -99.00 0.00 524.00 524.00 526.00 529.00 24.55 1010.55 55.38 0 28 3 17 
15:9:21 110.20 0.00000000 0.00000000 -99.00 -99.00 0.00 523.00 524.00 525.00 529.00 24.56 1010.58 55.40 0 28 3 17 
15:9:21 110.40 0.00000000 0.00000000 -99.00 -99.00 0.00 524.00 524.00 525.00 529.00 24.55 1010.56 55.41 0 28 3 17 
15:9:21 110.60 0.00000000 0.00000000 -99.00 -99.00 0.00 523.00 524.00 524.00 528.00 24.55 1010.53 55.42 0 28 3 17 
15:9:21 110.80 0.00000000 0.00000000 -99.00 -99.00 0.00 524.00 524.00 525.00 529.00 24.55 1010.59 55.43 0 28 3 17 
15:9:21 111.00 0.00000000 0.00000000 -99.00 -99.00 0.00 524.00 524.00 525.00 529.00 24.55 1010.53 55.46 0 28 3 17 
15:9:22 111.20 0.00000000 0.00000000 -99.00 -99.00 0.00 524.00 524.00 524.00 529.00 24.55 1010.57 55.47 0 28 3 17 
15:9:22 111.41 0.00000000 0.00000000 -99.00 -99.00 0.00 523.00 524.00 521.00 529.00 24.55 1010.57 55.48 0 28 3 17 
15:9:22 111.61 0.00000000 0.00000000 -99.00 -99.00 0.00 524.00 524.00 525.00 528.00 24.55 1010.56 55.49 0 28 3 17 
15:9:22 111.81 0.00000000 0.00000000 -99.00 -99.00 0.00 523.00 524.00 524.00 529.00 24.55 1010.57 55.49 0 28 3 17 
15:9:22 112.01 0.00000000 0.00000000 -99.00 -99.00 0.00 524.00 524.00 525.00 528.00 24.54 1010.62 55.49 0 28 3 17 
15:9:23 112.21 0.00000000 0.00000000 -99.00 -99.00 0.00 524.00 524.00 525.00 529.00 24.54 1010.57 55.49 0 28 3 17 
15:9:23 112.41 0.00000000 0.00000000 -99.00 -99.00 0.00 524.00 524.00 524.00 529.00 24.54 1010.57 55.49 0 28 3 17 
15:9:23 112.61 0.00000000 0.00000000 -99.00 -99.00 0.00 524.00 524.00 525.00 529.00 24.54 1010.56 55.48 0 28 3 17 
15:9:23 112.81 0.00000000 0.00000000 -99.00 -99.00 0.00 524.00 523.00 525.00 529.00 24.54 1010.56 55.49 0 28 3 17 
15:9:23 113.01 0.00000000 0.00000000 -99.00 -99.00 0.00 524.00 524.00 525.00 529.00 24.54 1010.54 55.49 0 28 3 17 
15:9:24 113.21 0.00000000 0.00000000 -99.00 -99.00 0.00 520.00 524.00 525.00 529.00 24.54 1010.56 55.49 0 28 3 17 
15:9:24 113.41 0.00000000 0.00000000 -99.00 -99.00 0.00 524.00 524.00 526.00 529.00 24.53 1010.55 55.49 0 28 3 17 
15:9:24 113.61 0.00000000 0.00000000 -99.00 -99.00 0.00 523.00 524.00 525.00 528.00 24.54 1010.55 55.48 0 28 3 17 
15:9:24 113.81 0.00000000 0.00000000 -99.00 -99.00 0.00 524.00 524.00 525.00 529.00 24.53 1010.58 55.47 0 28 3 17 
15:9:24 114.01 0.00000000 0.00000000 -99.00 -99.00 0.00 524.00 523.00 525.00 529.00 24.53 1010.60 55.49 0 28 3 17 
15:9:25 114.21 0.00000000 0.00000000 -99.00 -99.00 0.00 524.00 524.00 524.00 529.00 24.53 1010.57 55.45 0 28 3 17 
15:9:25 114.41 0.00000000 0.00000000 -99.00 -99.00 0.00 525.00 524.00 524.00 529.00 24.53 1010.57 55.45 0 28 3 17 
15:9:25 114.62 0.00000000 0.00000000 -99.00 -99.00 0.00 524.00 524.00 525.00 529.00 24.53 1010.54 55.45 0 28 3 17 
15:9:25 114.82 0.00000000 0.00000000 -99.00 -99.00 0.00 524.00 523.00 525.00 529.00 24.53 1010.52 55.46 0 28 3 17 
15:9:25 115.02 0.00000000 0.00000000 -99.00 -99.00 0.00 523.00 524.00 524.00 529.00 24.53 1010.56 55.47 0 28 3 17 
15:9:26 115.22 0.00000000 0.00000000 -99.00 -99.00 0.00 524.00 524.00 525.00 530.00 24.53 1010.55 55.49 0 28 3 17 
15:9:26 115.42 0.00000000 0.00000000 -99.00 -99.00 0.00 524.00 524.00 524.00 529.00 24.52 1010.55 55.50 0 28 3 17 
15:9:26 115.62 0.00000000 0.00000000 -99.00 -99.00 0.00 523.00 524.00 525.00 529.00 24.52 1010.56 55.51 0 28 3 17 
15:9:26 115.82 0.00000000 0.00000000 -99.00 -99.00 0.00 523.00 524.00 525.00 529.00 24.52 1010.56 55.51 0 28 3 17 
15:9:26 116.02 0.00000000 0.00000000 -99.00 -99.00 0.00 524.00 524.00 525.00 528.00 24.52 1010.59 55.50 0 28 3 17 
15:9:27 116.22 0.00000000 0.00000000 -99.00 -99.00 0.00 523.00 525.00 525.00 529.00 24.52 1010.53 55.50 0 28 3 17 
15:9:27 116.42 0.00000000 0.00000000 -99.00 -99.00 0.00 523.00 524.00 525.00 529.00 24.52 1010.54 55.50 0 28 3 17 
15:9:27 116.62 0.00000000 0.00000000 -99.00 -99.00 0.00 524.00 524.00 525.00 528.00 24.52 1010.57 55.51 0 28 3 17 
15:9:27 116.82 0.00000000 0.00000000 -99.00 -99.00 0.00 525.00 523.00 524.00 529.00 24.52 1010.61 55.52 0 28 3 17 
15:9:27 117.02 0.00000000 0.00000000 -99.00 -99.00 0.00 523.00 523.00 525.00 529.00 24.52 1010.58 55.55 0 28 3 17 
15:9:28 117.22 0.00000000 0.00000000 -99.00 -99.00 0.00 524.00 524.00 525.00 529.00 24.51 1010.48 55.56 0 28 3 17 
15:9:28 117.43 0.00000000 0.00000000 -99.00 -99.00 0.00 524.00 524.00 525.00 529.00 24.51 1010.58 55.56 0 28 3 17 
15:9:28 117.63 0.00000000 0.00000000 -99.00 -99.00 0.00 524.00 523.00 525.00 528.00 24.50 1010.57 55.55 0 28 3 17 
15:9:28 117.83 0.00000000 0.00000000 -99.00 -99.00 0.00 524.00 524.00 525.00 529.00 24.50 1010.53 55.54 0 28 3 17 
15:9:28 118.03 0.00000000 0.00000000 -99.00 -99.00 0.00 524.00 524.00 525.00 529.00 24.49 1010.52 55.51 0 28 3 17 
15:9:29 118.23 0.00000000 0.00000000 -99.00 -99.00 0.00 524.00 524.00 524.00 529.00 24.49 1010.57 55.49 0 28 3 17 
15:9:29 118.43 0.00000000 0.00000000 -99.00 -99.00 0.00 524.00 524.00 525.00 529.00 24.48 1010.57 55.48 0 28 3 17 
15:9:29 118.63 0.00000000 0.00000000 -99.00 -99.00 0.00 524.00 523.00 524.00 528.00 24.48 1010.57 55.47 0 28 3 17 
15:9:29 118.83 0.00000000 0.00000000 -99.00 -99.00 0.00 524.00 524.00 525.00 529.00 24.48 1010.55 55.47 0 28 3 17 
15:9:29 119.03 0.00000000 0.00000000 -99.00 -99.00 0.00 524.00 524.00 525.00 529.00 24.48 1010.57 55.47 0 28 3 17 
15:9:30 119.23 0.00000000 0.00000000 -99.00 -99.00 0.00 524.00 524.00 525.00 529.00 24.48 1010.61 55.46 0 28 3 17 
15:9:30 119.43 0.00000000 0.00000000 -99.00 -99.00 0.00 524.00 524.00 525.00 525.00 24.48 1010.57 55.46 0 28 3 17 
15:9:30 119.63 0.00000000 0.00000000 -99.00 -99.00 0.00 524.00 524.00 525.00 529.00 24.48 1010.57 55.46 0 28 3 17 
15:9:30 119.84 0.00000000 0.00000000 -99.00 -99.00 0.00 524.00 524.00 525.00 529.00 24.48 1010.61 55.47 0 28 3 17 
15:9:30 120.04 0.00000000 0.00000000 -99.00 -99.00 0.00 524.00 524.00 524.00 529.00 24.48 1010.54 55.47 0 28 3 17 
15:9:31 120.24 0.00000000 0.00000000 -99.00 -99.00 0.00 524.00 524.00 525.00 529.00 24.48 1010.57 55.47 0 28 3 17 
15:9:31 120.44 0.00000000 0.00000000 -99.00 -99.00 0.00 524.00 524.00 524.00 529.00 24.47 1010.54 55.48 0 28 3 17 
15:9:31 120.64 0.00000000 0.00000000 -99.00 -99.00 0.00 524.00 525.00 524.00 529.00 24.47 1010.54 55.48 0 28 3 17 
15:9:31 120.84 0.00000000 0.00000000 -99.00 -99.00 0.00 523.00 524.00 525.00 529.00 24.47 1010.54 55.48 0 28 3 17 
15:9:31 121.04 0.00000000 0.00000000 -99.00 -99.00 0.00 524.00 524.00 525.00 529.00 24.47 1010.58 55.49 0 28 3 17 
15:9:31 121.24 0.00000000 0.00000000 -99.00 -99.00 0.00 524.00 523.00 522.00 529.00 24.47 1010.59 55.48 0 28 3 17 
15:9:31 121.44 0.00000000 0.00000000 -99.00 -99.00 0.00 523.00 524.00 525.00 528.00 24.47 1010.55 55.47 0 28 3 17 
15:9:31 121.64 0.00000000 0.00000000 -99.00 -99.00 0.00 524.00 524.00 525.00 528.00 24.46 1010.55 55.46 0 28 3 17 
15:9:31 121.84 0.00000000 0.00000000 -99.00 -99.00 0.00 524.00 523.00 525.00 529.00 24.46 1010.57 55.46 0 28 3 17 
15:9:31 122.04 0.00000000 0.00000000 -99.00 -99.00 0.00 524.00 524.00 524.00 528.00 24.46 1010.54 55.44 0 28 3 17 
15:9:31 122.24 0.00000000 0.00000000 -99.00 -99.00 0.00 524.00 524.00 525.00 529.00 24.46 1010.55 55.43 0 28 3 17 
15:9:31 122.44 0.00000000 0.00000000 -99.00 -99.00 0.00 524.00 524.00 525.00 529.00 24.45 1010.57 55.43 0 28 3 17 
15:9:31 122.65 0.00000000 0.00000000 -99.00 -99.00 0.00 523.00 523.00 526.00 529.00 24.45 1010.55 55.42 0 28 3 17 
15:9:31 122.85 0.00000000 0.00000000 -99.00 -99.00 0.00 523.00 524.00 525.00 529.00 24.44 1010.59 55.42 0 28 3 17 
15:9:31 123.05 0.00000000 0.00000000 -99.00 -99.00 0.00 521.00 524.00 524.00 529.00 24.44 1010.57 55.41 0 28 3 17 
15:9:31 123.25 0.00000000 0.00000000 -99.00 -99.00 0.00 524.00 524.00 525.00 529.00 24.44 1010.59 55.41 0 28 3 17 
15:9:31 123.45 0.00000000 0.00000000 -99.00 -99.00 0.00 524.00 524.00 525.00 528.00 24.44 1010.56 55.41 0 28 3 17 
15:9:31 123.65 0.00000000 0.00000000 -99.00 -99.00 0.00 524.00 524.00 524.00 529.00 24.44 1010.51 55.42 0 28 3 17 
15:9:31 123.85 0.00000000 0.00000000 -99.00 -99.00 0.00 524.00 524.00 525.00 529.00 24.44 1010.55 55.41 0 28 3 17 
15:9:31 124.05 0.00000000 0.00000000 -99.00 -99.00 0.00 523.00 524.00 525.00 528.00 24.44 1010.57 55.42 0 28 3 17 
15:9:34 124.25 0.00000000 0.00000000 -99.00 -99.00 0.00 524.00 524.00 525.00 529.00 24.44 1010.51 55.41 0 28 3 17 
15:9:34 124.45 0.00000000 0.00000000 -99.00 -99.00 0.00 523.00 524.00 525.00 529.00 24.43 1010.59 55.42 0 28 3 17 
15:9:34 124.65 0.00000000 0.00000000 -99.00 -99.00 0.00 524.00 524.00 524.00 529.00 24.44 1010.60 55.42 0 28 3 17 
15:9:34 124.86 0.00000000 0.00000000 -99.00 -99.00 0.00 524.00 524.00 524.00 529.00 24.44 1010.55 55.42 0 28 3 17 
15:9:34 125.06 0.00000000 0.00000000 -99.00 -99.00 0.00 523.00 524.00 525.00 529.00 24.43 1010.56 55.42 0 28 3 17 
15:9:36 125.26 0.00000000 0.00000000 -99.00 -99.00 0.00 523.00 524.00 524.00 529.00 24.43 1010.57 55.42 0 28 3 17 
15:9:36 125.46 0.00000000 0.00000000 -99.00 -99.00 0.00 523.00 525.00 525.00 529.00 24.43 1010.57 55.42 0 28 3 17 
15:9:36 125.66 0.00000000 0.00000000 -99.00 -99.00 0.00 524.00 524.00 524.00 529.00 24.42 1010.57 55.43 0 28 3 17 
15:9:36 125.86 0.00000000 0.00000000 -99.00 -99.00 0.00 524.00 524.00 524.00 529.00 24.43 1010.55 55.44 0 28 3 17 
