0:0:0 0.60 0.00000000 0.00000000 0.00 0.00 0.00 520.00 522.00 521.00 526.00 0 0 0 
0:0:0 0.80 0.00000000 0.00000000 0.00 0.00 0.00 520.00 522.00 522.00 525.00 0 0 0 
0:0:4 1.00 0.00000000 0.00000000 0.00 0.00 0.00 520.00 522.00 521.00 526.00 6 1 80 
0:0:4 1.20 0.00000000 0.00000000 0.00 0.00 0.00 520.00 522.00 521.00 526.00 6 1 80 
0:0:4 1.40 0.00000000 0.00000000 0.00 0.00 0.00 520.00 522.00 522.00 526.00 6 1 80 
0:0:4 1.60 0.00000000 0.00000000 0.00 0.00 0.00 520.00 521.00 522.00 526.00 6 1 80 
0:0:4 1.80 0.00000000 0.00000000 0.00 0.00 0.00 520.00 522.00 521.00 526.00 6 1 80 
0:0:5 2.01 0.00000000 0.00000000 0.00 0.00 0.00 521.00 522.00 521.00 526.00 6 1 80 
0:0:5 2.21 0.00000000 0.00000000 0.00 0.00 0.00 520.00 522.00 522.00 526.00 6 1 80 
0:0:5 2.41 0.00000000 0.00000000 0.00 0.00 0.00 520.00 522.00 522.00 526.00 6 1 80 
0:0:5 2.61 0.00000000 0.00000000 0.00 0.00 0.00 520.00 522.00 522.00 526.00 6 1 80 
0:0:5 2.81 0.00000000 0.00000000 0.00 0.00 0.00 520.00 522.00 522.00 526.00 6 1 80 
