0:0:0 0.79 0.00000000 0.00000000 0.00 0.00 0.00 522.00 523.00 522.00 514.00 0 0 0 
0:0:0 1.00 0.00000000 0.00000000 0.00 0.00 0.00 522.00 523.00 523.00 514.00 0 0 0 
0:0:0 1.20 0.00000000 0.00000000 0.00 0.00 0.00 521.00 522.00 522.00 514.00 0 0 0 
23:59:46 1.40 0.00000000 0.00000000 0.00 0.00 0.00 521.00 523.00 523.00 546.00 0 0 0 
23:59:46 1.60 0.00000000 0.00000000 0.00 0.00 0.00 522.00 523.00 522.00 494.00 5 1 80 
23:59:46 1.80 0.00000000 0.00000000 0.00 0.00 0.00 521.00 523.00 523.00 463.00 5 1 80 
23:59:46 2.00 0.00000000 0.00000000 0.00 0.00 0.00 521.00 523.00 522.00 560.00 5 1 80 
23:59:46 2.20 0.00000000 0.00000000 0.00 0.00 0.00 521.00 523.00 522.00 504.00 5 1 80 
23:59:47 2.40 0.00000000 0.00000000 0.00 0.00 0.00 521.00 523.00 522.00 510.00 5 1 80 
23:59:47 2.61 0.00000000 0.00000000 0.00 0.00 0.00 521.00 523.00 522.00 524.00 5 1 80 
23:59:47 2.81 0.00000000 0.00000000 0.00 0.00 0.00 521.00 523.00 523.00 546.00 5 1 80 
23:59:47 3.01 0.00000000 0.00000000 0.00 0.00 0.00 521.00 523.00 522.00 518.00 5 1 80 
23:59:47 3.21 0.00000000 0.00000000 0.00 0.00 0.00 521.00 523.00 523.00 506.00 5 1 80 
23:59:48 3.41 0.00000000 0.00000000 0.00 0.00 0.00 521.00 523.00 523.00 478.00 5 1 80 
23:59:48 3.61 0.00000000 0.00000000 0.00 0.00 0.00 521.00 522.00 522.00 489.00 5 1 80 
23:59:48 3.81 0.00000000 0.00000000 0.00 0.00 0.00 521.00 522.00 522.00 508.00 5 1 80 
23:59:48 4.01 0.00000000 0.00000000 0.00 0.00 0.00 520.00 523.00 522.00 528.00 5 1 80 
23:59:48 4.21 0.00000000 0.00000000 0.00 0.00 0.00 521.00 522.00 522.00 515.00 5 1 80 
23:59:49 4.42 0.00000000 0.00000000 0.00 0.00 0.00 521.00 522.00 522.00 475.00 5 1 80 
23:59:49 4.62 0.00000000 0.00000000 0.00 0.00 0.00 521.00 522.00 522.00 475.00 5 1 80 
23:59:49 4.82 0.00000000 0.00000000 0.00 0.00 0.00 521.00 522.00 522.00 483.00 5 1 80 
23:59:49 5.02 0.00000000 0.00000000 0.00 0.00 0.00 521.00 522.00 522.00 509.00 5 1 80 
23:59:49 5.22 0.00000000 0.00000000 0.00 0.00 0.00 521.00 522.00 522.00 612.00 5 1 80 
23:59:50 5.42 0.00000000 0.00000000 0.00 0.00 0.00 521.00 522.00 521.00 701.00 5 1 80 
23:59:50 5.62 0.00000000 0.00000000 0.00 0.00 0.00 521.00 522.00 522.00 723.00 5 1 80 
23:59:50 5.82 0.00000000 0.00000000 0.00 0.00 0.00 521.00 522.00 522.00 728.00 5 1 80 
23:59:50 6.02 0.00000000 0.00000000 0.00 0.00 0.00 521.00 522.00 522.00 610.00 5 1 80 
23:59:50 6.22 0.00000000 0.00000000 0.00 0.00 0.00 521.00 523.00 522.00 632.00 5 1 80 
23:59:51 6.42 0.00000000 0.00000000 0.00 0.00 0.00 521.00 523.00 522.00 655.00 5 1 80 
23:59:51 6.62 0.00000000 0.00000000 0.00 0.00 0.00 519.00 522.00 522.00 597.00 5 1 80 
23:59:51 6.82 0.00000000 0.00000000 0.00 0.00 0.00 521.00 522.00 522.00 561.00 5 1 80 
23:59:51 7.02 0.00000000 0.00000000 0.00 0.00 0.00 521.00 522.00 522.00 552.00 5 1 80 
23:59:51 7.23 0.00000000 0.00000000 0.00 0.00 0.00 521.00 522.00 522.00 529.00 5 1 80 
23:59:52 7.43 0.00000000 0.00000000 0.00 0.00 0.00 521.00 522.00 522.00 548.00 5 1 80 
23:59:52 7.63 0.00000000 0.00000000 0.00 0.00 0.00 522.00 522.00 521.00 541.00 5 1 80 
23:59:52 7.83 0.00000000 0.00000000 0.00 0.00 0.00 520.00 522.00 522.00 532.00 5 1 80 
23:59:52 8.03 0.00000000 0.00000000 0.00 0.00 0.00 521.00 522.00 522.00 552.00 5 1 80 
23:59:52 8.23 0.00000000 0.00000000 0.00 0.00 0.00 521.00 523.00 522.00 536.00 5 1 80 
23:59:53 8.43 0.00000000 0.00000000 0.00 0.00 0.00 521.00 522.00 522.00 524.00 5 1 80 
23:59:53 8.63 0.00000000 0.00000000 0.00 0.00 0.00 521.00 522.00 522.00 513.00 5 1 80 
23:59:53 8.83 0.00000000 0.00000000 0.00 0.00 0.00 521.00 522.00 522.00 504.00 5 1 80 
23:59:53 9.03 0.00000000 0.00000000 0.00 0.00 0.00 521.00 522.00 522.00 512.00 5 1 80 
23:59:53 9.23 0.00000000 0.00000000 0.00 0.00 0.00 521.00 522.00 522.00 525.00 5 1 80 
23:59:54 9.44 0.00000000 0.00000000 0.00 0.00 0.00 521.00 522.00 522.00 523.00 5 1 80 
23:59:54 9.64 0.00000000 0.00000000 0.00 0.00 0.00 521.00 522.00 522.00 544.00 5 1 80 
23:59:54 9.84 0.00000000 0.00000000 0.00 0.00 0.00 521.00 522.00 522.00 520.00 5 1 80 
23:59:54 10.04 0.00000000 0.00000000 0.00 0.00 0.00 521.00 522.00 522.00 505.00 5 1 80 
23:59:54 10.24 0.00000000 0.00000000 0.00 0.00 0.00 521.00 522.00 521.00 535.00 5 1 80 
23:59:55 10.44 0.00000000 0.00000000 0.00 0.00 0.00 522.00 522.00 522.00 546.00 5 1 80 
23:59:55 10.64 0.00000000 0.00000000 0.00 0.00 0.00 521.00 522.00 522.00 555.00 5 1 80 
23:59:55 10.84 0.00000000 0.00000000 0.00 0.00 0.00 521.00 522.00 522.00 559.00 5 1 80 
23:59:55 11.04 0.00000000 0.00000000 0.00 0.00 0.00 521.00 522.00 521.00 553.00 5 1 80 
23:59:55 11.24 0.00000000 0.00000000 0.00 0.00 0.00 521.00 522.00 521.00 556.00 5 1 80 
23:59:56 11.44 0.00000000 0.00000000 0.00 0.00 0.00 521.00 522.00 521.00 550.00 5 1 80 
23:59:56 11.64 0.00000000 0.00000000 0.00 0.00 0.00 521.00 523.00 522.00 512.00 5 1 80 
23:59:56 11.84 0.00000000 0.00000000 0.00 0.00 0.00 521.00 522.00 522.00 503.00 5 1 80 
23:59:56 12.04 0.00000000 0.00000000 0.00 0.00 0.00 521.00 522.00 522.00 499.00 5 1 80 
23:59:56 12.24 0.00000000 0.00000000 0.00 0.00 0.00 521.00 522.00 521.00 490.00 5 1 80 
23:59:57 12.44 0.00000000 0.00000000 0.00 0.00 0.00 521.00 522.00 521.00 458.00 5 1 80 
23:59:57 12.65 0.00000000 0.00000000 0.00 0.00 0.00 521.00 522.00 522.00 423.00 5 1 80 
23:59:57 12.85 0.00000000 0.00000000 0.00 0.00 0.00 521.00 522.00 522.00 421.00 5 1 80 
23:59:57 13.05 0.00000000 0.00000000 0.00 0.00 0.00 521.00 522.00 521.00 428.00 5 1 80 
23:59:57 13.25 0.00000000 0.00000000 0.00 0.00 0.00 521.00 523.00 521.00 442.00 5 1 80 
23:59:58 13.45 0.00000000 0.00000000 0.00 0.00 0.00 521.00 523.00 522.00 464.00 5 1 80 
23:59:58 13.65 0.00000000 0.00000000 0.00 0.00 0.00 521.00 522.00 521.00 488.00 5 1 80 
23:59:58 13.85 0.00000000 0.00000000 0.00 0.00 0.00 521.00 523.00 522.00 509.00 5 1 80 
23:59:58 14.05 0.00000000 0.00000000 0.00 0.00 0.00 521.00 522.00 522.00 517.00 5 1 80 
23:59:58 14.25 0.00000000 0.00000000 0.00 0.00 0.00 521.00 522.00 522.00 527.00 5 1 80 
23:59:59 14.45 0.00000000 0.00000000 0.00 0.00 0.00 521.00 522.00 521.00 544.00 5 1 80 
23:59:59 14.65 0.00000000 0.00000000 0.00 0.00 0.00 521.00 522.00 522.00 568.00 5 1 80 
23:59:59 14.85 0.00000000 0.00000000 0.00 0.00 0.00 520.00 522.00 522.00 594.00 5 1 80 
23:59:59 15.05 0.00000000 0.00000000 0.00 0.00 0.00 521.00 522.00 522.00 586.00 5 1 80 
23:59:59 15.25 0.00000000 0.00000000 0.00 0.00 0.00 521.00 522.00 522.00 582.00 5 1 80 
0:0:0 15.45 0.00000000 0.00000000 0.00 0.00 0.00 521.00 522.00 522.00 577.00 6 1 80 
0:0:0 15.65 0.00000000 0.00000000 0.00 0.00 0.00 521.00 522.00 522.00 545.00 6 1 80 
0:0:0 15.86 0.00000000 0.00000000 0.00 0.00 0.00 521.00 522.00 522.00 525.00 6 1 80 
0:0:0 16.06 0.00000000 0.00000000 0.00 0.00 0.00 521.00 522.00 521.00 527.00 6 1 80 
0:0:0 16.26 0.00000000 0.00000000 0.00 0.00 0.00 521.00 522.00 522.00 517.00 6 1 80 
0:0:1 16.46 0.00000000 0.00000000 0.00 0.00 0.00 521.00 522.00 522.00 515.00 6 1 80 
0:0:1 16.66 0.00000000 0.00000000 0.00 0.00 0.00 521.00 522.00 522.00 512.00 6 1 80 
0:0:1 16.86 0.00000000 0.00000000 0.00 0.00 0.00 521.00 522.00 522.00 506.00 6 1 80 
0:0:1 17.06 0.00000000 0.00000000 0.00 0.00 0.00 520.00 522.00 522.00 504.00 6 1 80 
0:0:1 17.26 0.00000000 0.00000000 0.00 0.00 0.00 521.00 522.00 521.00 506.00 6 1 80 
0:0:2 17.46 0.00000000 0.00000000 0.00 0.00 0.00 521.00 522.00 522.00 509.00 6 1 80 
0:0:2 17.67 0.00000000 0.00000000 0.00 0.00 0.00 521.00 522.00 522.00 508.00 6 1 80 
0:0:2 17.87 0.00000000 0.00000000 0.00 0.00 0.00 521.00 522.00 522.00 507.00 6 1 80 
0:0:2 18.07 0.00000000 0.00000000 0.00 0.00 0.00 521.00 522.00 522.00 524.00 6 1 80 
0:0:2 18.27 0.00000000 0.00000000 0.00 0.00 0.00 521.00 522.00 522.00 525.00 6 1 80 
0:0:3 18.47 0.00000000 0.00000000 0.00 0.00 0.00 521.00 522.00 521.00 531.00 6 1 80 
0:0:3 18.67 0.00000000 0.00000000 0.00 0.00 0.00 521.00 522.00 522.00 520.00 6 1 80 
0:0:3 18.87 0.00000000 0.00000000 0.00 0.00 0.00 521.00 522.00 522.00 519.00 6 1 80 
0:0:3 19.07 0.00000000 0.00000000 0.00 0.00 0.00 521.00 522.00 522.00 523.00 6 1 80 
0:0:3 19.27 0.00000000 0.00000000 0.00 0.00 0.00 521.00 522.00 522.00 526.00 6 1 80 
0:0:4 19.47 0.00000000 0.00000000 0.00 0.00 0.00 521.00 522.00 522.00 521.00 6 1 80 
0:0:4 19.67 0.00000000 0.00000000 0.00 0.00 0.00 521.00 522.00 521.00 508.00 6 1 80 
0:0:4 19.88 0.00000000 0.00000000 0.00 0.00 0.00 521.00 522.00 522.00 510.00 6 1 80 
0:0:4 20.08 0.00000000 0.00000000 0.00 0.00 0.00 521.00 522.00 522.00 509.00 6 1 80 
0:0:4 20.28 0.00000000 0.00000000 0.00 0.00 0.00 521.00 522.00 522.00 507.00 6 1 80 
0:0:5 20.48 0.00000000 0.00000000 0.00 0.00 0.00 521.00 522.00 522.00 502.00 6 1 80 
0:0:5 20.68 0.00000000 0.00000000 0.00 0.00 0.00 521.00 522.00 522.00 504.00 6 1 80 
0:0:5 20.88 0.00000000 0.00000000 0.00 0.00 0.00 520.00 522.00 522.00 507.00 6 1 80 
0:0:5 21.08 0.00000000 0.00000000 0.00 0.00 0.00 521.00 522.00 522.00 503.00 6 1 80 
0:0:5 21.28 0.00000000 0.00000000 0.00 0.00 0.00 521.00 522.00 522.00 506.00 6 1 80 
0:0:6 21.48 0.00000000 0.00000000 0.00 0.00 0.00 521.00 522.00 522.00 509.00 6 1 80 
0:0:6 21.69 0.00000000 0.00000000 0.00 0.00 0.00 521.00 522.00 522.00 512.00 6 1 80 
0:0:6 21.89 0.00000000 0.00000000 0.00 0.00 0.00 521.00 522.00 522.00 513.00 6 1 80 
0:0:6 22.09 0.00000000 0.00000000 0.00 0.00 0.00 520.00 522.00 522.00 510.00 6 1 80 
0:0:6 22.29 0.00000000 0.00000000 0.00 0.00 0.00 521.00 522.00 522.00 507.00 6 1 80 
0:0:7 22.49 0.00000000 0.00000000 0.00 0.00 0.00 521.00 523.00 522.00 509.00 6 1 80 
0:0:7 22.69 0.00000000 0.00000000 0.00 0.00 0.00 521.00 522.00 522.00 510.00 6 1 80 
0:0:7 22.89 0.00000000 0.00000000 0.00 0.00 0.00 521.00 522.00 522.00 510.00 6 1 80 
0:0:7 23.09 0.00000000 0.00000000 0.00 0.00 0.00 521.00 523.00 521.00 507.00 6 1 80 
0:0:7 23.30 0.00000000 0.00000000 0.00 0.00 0.00 520.00 522.00 521.00 493.00 6 1 80 
0:0:8 23.50 0.00000000 0.00000000 0.00 0.00 0.00 521.00 523.00 522.00 494.00 6 1 80 
0:0:8 23.70 0.00000000 0.00000000 0.00 0.00 0.00 521.00 522.00 522.00 494.00 6 1 80 
0:0:8 23.90 0.00000000 0.00000000 0.00 0.00 0.00 521.00 522.00 522.00 496.00 6 1 80 
0:0:8 24.10 0.00000000 0.00000000 0.00 0.00 0.00 521.00 522.00 522.00 498.00 6 1 80 
0:0:8 24.30 0.00000000 0.00000000 0.00 0.00 0.00 521.00 522.00 522.00 509.00 6 1 80 
0:0:9 24.50 0.00000000 0.00000000 0.00 0.00 0.00 521.00 522.00 522.00 515.00 6 1 80 
0:0:9 24.70 0.00000000 0.00000000 0.00 0.00 0.00 521.00 522.00 521.00 513.00 6 1 80 
0:0:9 24.90 0.00000000 0.00000000 0.00 0.00 0.00 521.00 522.00 522.00 528.00 6 1 80 
0:0:9 25.11 0.00000000 0.00000000 0.00 0.00 0.00 521.00 522.00 522.00 538.00 6 1 80 
0:0:9 25.31 0.00000000 0.00000000 0.00 0.00 0.00 521.00 522.00 522.00 543.00 6 1 80 
0:0:10 25.51 0.00000000 0.00000000 0.00 0.00 0.00 521.00 522.00 522.00 551.00 6 1 80 
0:0:10 25.71 0.00000000 0.00000000 0.00 0.00 0.00 521.00 522.00 522.00 546.00 6 1 80 
0:0:10 25.91 0.00000000 0.00000000 0.00 0.00 0.00 521.00 522.00 521.00 531.00 6 1 80 
0:0:10 26.11 0.00000000 0.00000000 0.00 0.00 0.00 521.00 522.00 522.00 506.00 6 1 80 
0:0:10 26.31 0.00000000 0.00000000 0.00 0.00 0.00 521.00 522.00 521.00 501.00 6 1 80 
0:0:11 26.51 0.00000000 0.00000000 0.00 0.00 0.00 521.00 522.00 522.00 508.00 6 1 80 
0:0:11 26.71 0.00000000 0.00000000 0.00 0.00 0.00 521.00 523.00 522.00 507.00 6 1 80 
0:0:11 26.92 0.00000000 0.00000000 0.00 0.00 0.00 520.00 522.00 522.00 516.00 6 1 80 
0:0:11 27.12 0.00000000 0.00000000 0.00 0.00 0.00 521.00 522.00 522.00 510.00 6 1 80 
0:0:11 27.32 0.00000000 0.00000000 0.00 0.00 0.00 521.00 522.00 522.00 509.00 6 1 80 
0:0:12 27.52 0.00000000 0.00000000 0.00 0.00 0.00 521.00 522.00 522.00 516.00 6 1 80 
0:0:12 27.72 0.00000000 0.00000000 0.00 0.00 0.00 521.00 522.00 522.00 525.00 6 1 80 
0:0:12 27.92 0.00000000 0.00000000 0.00 0.00 0.00 521.00 522.00 522.00 537.00 6 1 80 
0:0:12 28.12 0.00000000 0.00000000 0.00 0.00 0.00 521.00 522.00 521.00 534.00 6 1 80 
0:0:12 28.32 0.00000000 0.00000000 0.00 0.00 0.00 521.00 522.00 521.00 512.00 6 1 80 
0:0:13 28.52 0.00000000 0.00000000 0.00 0.00 0.00 521.00 522.00 522.00 516.00 6 1 80 
0:0:13 28.73 0.00000000 0.00000000 0.00 0.00 0.00 521.00 522.00 522.00 512.00 6 1 80 
0:0:13 28.93 0.00000000 0.00000000 0.00 0.00 0.00 521.00 522.00 522.00 509.00 6 1 80 
0:0:13 29.13 0.00000000 0.00000000 0.00 0.00 0.00 521.00 522.00 522.00 511.00 6 1 80 
0:0:13 29.33 0.00000000 0.00000000 0.00 0.00 0.00 521.00 522.00 522.00 501.00 6 1 80 
0:0:13 29.53 0.00000000 0.00000000 0.00 0.00 0.00 521.00 522.00 522.00 507.00 6 1 80 
0:0:13 29.73 0.00000000 0.00000000 0.00 0.00 0.00 521.00 522.00 522.00 499.00 6 1 80 
0:0:13 29.93 0.00000000 0.00000000 0.00 0.00 0.00 521.00 522.00 522.00 493.00 6 1 80 
0:0:13 30.13 0.00000000 0.00000000 0.00 0.00 0.00 521.00 522.00 521.00 491.00 6 1 80 
0:0:13 30.34 0.00000000 0.00000000 0.00 0.00 0.00 521.00 522.00 521.00 479.00 6 1 80 
0:0:13 30.54 0.00000000 0.00000000 0.00 0.00 0.00 521.00 522.00 521.00 499.00 6 1 80 
0:0:13 30.74 0.00000000 0.00000000 0.00 0.00 0.00 521.00 523.00 522.00 494.00 6 1 80 
0:0:13 30.94 0.00000000 0.00000000 0.00 0.00 0.00 521.00 522.00 522.00 485.00 6 1 80 
0:0:13 31.14 0.00000000 0.00000000 0.00 0.00 0.00 521.00 522.00 522.00 501.00 6 1 80 
0:0:13 31.34 0.00000000 0.00000000 0.00 0.00 0.00 521.00 522.00 521.00 536.00 6 1 80 
0:0:13 31.54 0.00000000 0.00000000 0.00 0.00 0.00 521.00 522.00 522.00 519.00 6 1 80 
0:0:13 31.74 0.00000000 0.00000000 0.00 0.00 0.00 521.00 523.00 522.00 497.00 6 1 80 
0:0:13 31.94 0.00000000 0.00000000 0.00 0.00 0.00 521.00 523.00 522.00 501.00 6 1 80 
0:0:13 32.15 0.00000000 0.00000000 0.00 0.00 0.00 521.00 522.00 522.00 495.00 6 1 80 
0:0:13 32.35 0.00000000 0.00000000 0.00 0.00 0.00 521.00 522.00 521.00 510.00 6 1 80 
0:0:13 32.55 0.00000000 0.00000000 0.00 0.00 0.00 521.00 522.00 522.00 501.00 6 1 80 
0:0:13 32.75 0.00000000 0.00000000 0.00 0.00 0.00 521.00 522.00 522.00 500.00 6 1 80 
0:0:13 32.95 0.00000000 0.00000000 0.00 0.00 0.00 521.00 522.00 522.00 509.00 6 1 80 
0:0:13 33.15 0.00000000 0.00000000 0.00 0.00 0.00 521.00 522.00 522.00 506.00 6 1 80 
0:0:13 33.35 0.00000000 0.00000000 0.00 0.00 0.00 521.00 522.00 522.00 461.00 6 1 80 
0:0:13 33.56 0.00000000 0.00000000 0.00 0.00 0.00 521.00 522.00 522.00 481.00 6 1 80 
0:0:13 33.76 0.00000000 0.00000000 0.00 0.00 0.00 521.00 522.00 522.00 499.00 6 1 80 
0:0:13 33.96 0.00000000 0.00000000 0.00 0.00 0.00 521.00 522.00 521.00 512.00 6 1 80 
0:0:13 34.16 0.00000000 0.00000000 0.00 0.00 0.00 521.00 522.00 522.00 504.00 6 1 80 
0:0:13 34.36 0.00000000 0.00000000 0.00 0.00 0.00 521.00 522.00 522.00 485.00 6 1 80 
0:0:13 34.56 0.00000000 0.00000000 0.00 0.00 0.00 521.00 522.00 522.00 498.00 6 1 80 
0:0:13 34.76 0.00000000 0.00000000 0.00 0.00 0.00 521.00 522.00 521.00 483.00 6 1 80 
0:0:13 34.96 0.00000000 0.00000000 0.00 0.00 0.00 521.00 522.00 522.00 515.00 6 1 80 
0:0:13 35.16 0.00000000 0.00000000 0.00 0.00 0.00 521.00 522.00 522.00 513.00 6 1 80 
0:0:13 35.37 0.00000000 0.00000000 0.00 0.00 0.00 521.00 522.00 521.00 496.00 6 1 80 
0:0:13 35.57 0.00000000 0.00000000 0.00 0.00 0.00 520.00 522.00 522.00 501.00 6 1 80 
0:0:13 35.77 0.00000000 0.00000000 0.00 0.00 0.00 521.00 522.00 522.00 511.00 6 1 80 
0:0:13 35.97 0.00000000 0.00000000 0.00 0.00 0.00 521.00 522.00 522.00 515.00 6 1 80 
0:0:13 36.17 0.00000000 0.00000000 0.00 0.00 0.00 521.00 522.00 522.00 515.00 6 1 80 
0:0:13 36.37 0.00000000 0.00000000 0.00 0.00 0.00 521.00 522.00 522.00 509.00 6 1 80 
0:0:21 36.57 0.00000000 0.00000000 0.00 0.00 0.00 521.00 522.00 522.00 511.00 6 1 80 
0:0:21 36.77 0.00000000 0.00000000 0.00 0.00 0.00 521.00 522.00 522.00 509.00 6 1 80 
0:0:21 36.97 0.00000000 0.00000000 0.00 0.00 0.00 521.00 522.00 521.00 522.00 6 1 80 
0:0:21 37.18 0.00000000 0.00000000 0.00 0.00 0.00 521.00 522.00 522.00 527.00 6 1 80 
0:0:21 37.38 0.00000000 0.00000000 0.00 0.00 0.00 521.00 522.00 522.00 514.00 6 1 80 
0:0:22 37.58 0.00000000 0.00000000 0.00 0.00 0.00 521.00 522.00 522.00 508.00 6 1 80 
0:0:22 37.78 0.00000000 0.00000000 0.00 0.00 0.00 521.00 523.00 522.00 498.00 6 1 80 
0:0:22 37.98 0.00000000 0.00000000 0.00 0.00 0.00 521.00 522.00 522.00 513.00 6 1 80 
0:0:22 38.18 0.00000000 0.00000000 0.00 0.00 0.00 521.00 522.00 522.00 506.00 6 1 80 
0:0:22 38.38 0.00000000 0.00000000 0.00 0.00 0.00 521.00 522.00 521.00 508.00 6 1 80 
0:0:23 38.58 0.00000000 0.00000000 0.00 0.00 0.00 521.00 522.00 522.00 511.00 6 1 80 
0:0:23 38.78 0.00000000 0.00000000 0.00 0.00 0.00 521.00 522.00 522.00 517.00 6 1 80 
0:0:23 38.99 0.00000000 0.00000000 0.00 0.00 0.00 521.00 522.00 521.00 520.00 6 1 80 
0:0:23 39.19 0.00000000 0.00000000 0.00 0.00 0.00 521.00 522.00 522.00 512.00 6 1 80 
0:0:24 39.39 0.00000000 0.00000000 0.00 0.00 0.00 521.00 522.00 522.00 508.00 6 1 80 
0:0:24 39.59 0.00000000 0.00000000 0.00 0.00 0.00 521.00 522.00 522.00 515.00 6 1 80 
0:0:24 39.79 0.00000000 0.00000000 0.00 0.00 0.00 521.00 522.00 521.00 507.00 6 1 80 
0:0:24 39.99 0.00000000 0.00000000 0.00 0.00 0.00 521.00 523.00 522.00 511.00 6 1 80 
0:0:24 40.19 0.00000000 0.00000000 0.00 0.00 0.00 521.00 522.00 521.00 512.00 6 1 80 
0:0:25 40.40 0.00000000 0.00000000 0.00 0.00 0.00 521.00 522.00 522.00 503.00 6 1 80 
0:0:25 40.60 0.00000000 0.00000000 0.00 0.00 0.00 521.00 522.00 522.00 507.00 6 1 80 
0:0:25 40.80 0.00000000 0.00000000 0.00 0.00 0.00 521.00 522.00 522.00 504.00 6 1 80 
0:0:25 41.00 0.00000000 0.00000000 0.00 0.00 0.00 521.00 522.00 522.00 502.00 6 1 80 
0:0:25 41.20 0.00000000 0.00000000 0.00 0.00 0.00 521.00 522.00 522.00 501.00 6 1 80 
0:0:26 41.40 0.00000000 0.00000000 0.00 0.00 0.00 521.00 523.00 522.00 496.00 6 1 80 
0:0:26 41.60 0.00000000 0.00000000 0.00 0.00 0.00 521.00 522.00 522.00 503.00 6 1 80 
0:0:26 41.80 0.00000000 0.00000000 0.00 0.00 0.00 521.00 523.00 522.00 507.00 6 1 80 
0:0:26 42.00 0.00000000 0.00000000 0.00 0.00 0.00 521.00 522.00 522.00 511.00 6 1 80 
0:0:26 42.20 0.00000000 0.00000000 0.00 0.00 0.00 521.00 523.00 522.00 513.00 6 1 80 
0:0:27 42.41 0.00000000 0.00000000 0.00 0.00 0.00 521.00 522.00 522.00 510.00 6 1 80 
0:0:27 42.61 0.00000000 0.00000000 0.00 0.00 0.00 521.00 522.00 522.00 514.00 6 1 80 
0:0:27 42.81 0.00000000 0.00000000 0.00 0.00 0.00 521.00 523.00 521.00 513.00 6 1 80 
0:0:27 43.01 0.00000000 0.00000000 0.00 0.00 0.00 521.00 522.00 522.00 513.00 6 1 80 
0:0:27 43.21 0.00000000 0.00000000 0.00 0.00 0.00 521.00 522.00 522.00 510.00 6 1 80 
0:0:28 43.41 0.00000000 0.00000000 0.00 0.00 0.00 522.00 522.00 522.00 500.00 6 1 80 
0:0:28 43.61 0.00000000 0.00000000 0.00 0.00 0.00 521.00 522.00 522.00 506.00 6 1 80 
0:0:28 43.81 0.00000000 0.00000000 0.00 0.00 0.00 521.00 522.00 522.00 504.00 6 1 80 
0:0:28 44.02 0.00000000 0.00000000 0.00 0.00 0.00 521.00 522.00 522.00 502.00 6 1 80 
0:0:28 44.22 0.00000000 0.00000000 0.00 0.00 0.00 521.00 522.00 522.00 503.00 6 1 80 
0:0:29 44.42 0.00000000 0.00000000 0.00 0.00 0.00 521.00 522.00 522.00 506.00 6 1 80 
0:0:29 44.62 0.00000000 0.00000000 0.00 0.00 0.00 521.00 522.00 522.00 511.00 6 1 80 
0:0:29 44.82 0.00000000 0.00000000 0.00 0.00 0.00 521.00 522.00 522.00 512.00 6 1 80 
0:0:29 45.02 0.00000000 0.00000000 0.00 0.00 0.00 521.00 522.00 522.00 511.00 6 1 80 
0:0:29 45.22 0.00000000 0.00000000 0.00 0.00 0.00 521.00 522.00 522.00 514.00 6 1 80 
0:0:30 45.42 0.00000000 0.00000000 0.00 0.00 0.00 521.00 522.00 522.00 509.00 6 1 80 
0:0:30 45.63 0.00000000 0.00000000 0.00 0.00 0.00 521.00 522.00 521.00 516.00 6 1 80 
0:0:30 45.83 0.00000000 0.00000000 0.00 0.00 0.00 521.00 522.00 522.00 515.00 6 1 80 
0:0:30 46.03 0.00000000 0.00000000 0.00 0.00 0.00 521.00 522.00 522.00 505.00 6 1 80 
0:0:30 46.23 0.00000000 0.00000000 0.00 0.00 0.00 521.00 522.00 522.00 507.00 6 1 80 
0:0:31 46.43 0.00000000 0.00000000 0.00 0.00 0.00 521.00 522.00 522.00 509.00 6 1 80 
0:0:31 46.63 0.00000000 0.00000000 0.00 0.00 0.00 521.00 523.00 522.00 503.00 6 1 80 
0:0:31 46.83 0.00000000 0.00000000 0.00 0.00 0.00 521.00 523.00 522.00 502.00 6 1 80 
0:0:31 47.03 0.00000000 0.00000000 0.00 0.00 0.00 521.00 522.00 521.00 501.00 6 1 80 
0:0:31 47.23 0.00000000 0.00000000 0.00 0.00 0.00 521.00 522.00 522.00 501.00 6 1 80 
0:0:32 47.44 0.00000000 0.00000000 0.00 0.00 0.00 521.00 522.00 522.00 511.00 6 1 80 
0:0:32 47.64 0.00000000 0.00000000 0.00 0.00 0.00 521.00 522.00 522.00 509.00 6 1 80 
0:0:32 47.84 0.00000000 0.00000000 0.00 0.00 0.00 521.00 522.00 522.00 509.00 6 1 80 
0:0:32 48.04 0.00000000 0.00000000 0.00 0.00 0.00 521.00 522.00 522.00 513.00 6 1 80 
0:0:32 48.24 0.00000000 0.00000000 0.00 0.00 0.00 521.00 522.00 522.00 515.00 6 1 80 
0:0:33 48.44 0.00000000 0.00000000 0.00 0.00 0.00 521.00 522.00 521.00 518.00 6 1 80 
0:0:33 48.64 0.00000000 0.00000000 0.00 0.00 0.00 521.00 523.00 522.00 516.00 6 1 80 
0:0:33 48.84 0.00000000 0.00000000 0.00 0.00 0.00 521.00 522.00 522.00 515.00 6 1 80 
0:0:33 49.04 0.00000000 0.00000000 0.00 0.00 0.00 521.00 522.00 522.00 513.00 6 1 80 
0:0:33 49.24 0.00000000 0.00000000 0.00 0.00 0.00 521.00 522.00 522.00 511.00 6 1 80 
0:0:34 49.45 0.00000000 0.00000000 0.00 0.00 0.00 521.00 522.00 522.00 507.00 6 1 80 
0:0:34 49.65 0.00000000 0.00000000 0.00 0.00 0.00 521.00 522.00 521.00 499.00 6 1 80 
0:0:34 49.85 0.00000000 0.00000000 0.00 0.00 0.00 521.00 523.00 522.00 504.00 6 1 80 
0:0:34 50.05 0.00000000 0.00000000 0.00 0.00 0.00 521.00 522.00 522.00 502.00 6 1 80 
0:0:34 50.25 0.00000000 0.00000000 0.00 0.00 0.00 521.00 522.00 522.00 501.00 6 1 80 
0:0:35 50.45 0.00000000 0.00000000 0.00 0.00 0.00 521.00 522.00 521.00 502.00 6 1 80 
0:0:35 50.65 0.00000000 0.00000000 0.00 0.00 0.00 521.00 522.00 522.00 503.00 6 1 80 
0:0:35 50.85 0.00000000 0.00000000 0.00 0.00 0.00 521.00 522.00 522.00 511.00 6 1 80 
0:0:35 51.05 0.00000000 0.00000000 0.00 0.00 0.00 521.00 522.00 522.00 509.00 6 1 80 
0:0:35 51.25 0.00000000 0.00000000 0.00 0.00 0.00 521.00 522.00 522.00 511.00 6 1 80 
0:0:36 51.46 0.00000000 0.00000000 0.00 0.00 0.00 521.00 522.00 522.00 515.00 6 1 80 
0:0:36 51.66 0.00000000 0.00000000 0.00 0.00 0.00 521.00 522.00 522.00 517.00 6 1 80 
0:0:36 51.86 0.00000000 0.00000000 0.00 0.00 0.00 521.00 522.00 522.00 516.00 6 1 80 
0:0:36 52.06 0.00000000 0.00000000 0.00 0.00 0.00 520.00 522.00 522.00 510.00 6 1 80 
0:0:36 52.26 0.00000000 0.00000000 0.00 0.00 0.00 521.00 522.00 522.00 511.00 6 1 80 
0:0:37 52.46 0.00000000 0.00000000 0.00 0.00 0.00 521.00 522.00 521.00 510.00 6 1 80 
0:0:37 52.66 0.00000000 0.00000000 0.00 0.00 0.00 521.00 522.00 522.00 508.00 6 1 80 
0:0:37 52.86 0.00000000 0.00000000 0.00 0.00 0.00 521.00 522.00 522.00 503.00 6 1 80 
0:0:37 53.06 0.00000000 0.00000000 0.00 0.00 0.00 521.00 522.00 522.00 500.00 6 1 80 
0:0:37 53.27 0.00000000 0.00000000 0.00 0.00 0.00 520.00 522.00 522.00 503.00 6 1 80 
0:0:38 53.47 0.00000000 0.00000000 0.00 0.00 0.00 521.00 522.00 522.00 503.00 6 1 80 
0:0:38 53.67 0.00000000 0.00000000 0.00 0.00 0.00 521.00 522.00 521.00 505.00 6 1 80 
0:0:38 53.87 0.00000000 0.00000000 0.00 0.00 0.00 521.00 522.00 522.00 508.00 6 1 80 
0:0:38 54.07 0.00000000 0.00000000 0.00 0.00 0.00 521.00 523.00 522.00 509.00 6 1 80 
0:0:38 54.27 0.00000000 0.00000000 0.00 0.00 0.00 521.00 523.00 522.00 513.00 6 1 80 
0:0:39 54.47 0.00000000 0.00000000 0.00 0.00 0.00 522.00 522.00 522.00 515.00 6 1 80 
0:0:39 54.67 0.00000000 0.00000000 0.00 0.00 0.00 521.00 522.00 522.00 515.00 6 1 80 
0:0:39 54.88 0.00000000 0.00000000 0.00 0.00 0.00 521.00 522.00 522.00 515.00 6 1 80 
0:0:39 55.08 0.00000000 0.00000000 0.00 0.00 0.00 521.00 522.00 522.00 510.00 6 1 80 
0:0:39 55.28 0.00000000 0.00000000 0.00 0.00 0.00 521.00 522.00 521.00 510.00 6 1 80 
0:0:40 55.48 0.00000000 0.00000000 0.00 0.00 0.00 521.00 522.00 522.00 509.00 6 1 80 
0:0:40 55.68 0.00000000 0.00000000 0.00 0.00 0.00 521.00 523.00 522.00 518.00 6 1 80 
0:0:40 55.88 0.00000000 0.00000000 0.00 0.00 0.00 521.00 522.00 522.00 508.00 6 1 80 
0:0:40 56.08 0.00000000 0.00000000 0.00 0.00 0.00 521.00 522.00 522.00 510.00 6 1 80 
0:0:40 56.28 0.00000000 0.00000000 0.00 0.00 0.00 521.00 522.00 522.00 555.00 6 1 80 
0:0:41 56.48 0.00000000 0.00000000 0.00 0.00 0.00 521.00 522.00 522.00 614.00 6 1 80 
0:0:41 56.69 0.00000000 0.00000000 0.00 0.00 0.00 521.00 522.00 523.00 561.00 6 1 80 
0:0:41 56.89 0.00000000 0.00000000 0.00 0.00 0.00 521.00 522.00 522.00 533.00 6 1 80 
0:0:41 57.09 0.00000000 0.00000000 0.00 0.00 0.00 521.00 522.00 522.00 507.00 6 1 80 
0:0:41 57.29 0.00000000 0.00000000 0.00 0.00 0.00 521.00 522.00 522.00 501.00 6 1 80 
0:0:42 57.49 0.00000000 0.00000000 0.00 0.00 0.00 521.00 522.00 522.00 493.00 6 1 80 
0:0:42 57.69 0.00000000 0.00000000 0.00 0.00 0.00 521.00 522.00 522.00 496.00 6 1 80 
0:0:42 57.89 0.00000000 0.00000000 0.00 0.00 0.00 521.00 522.00 522.00 498.00 6 1 80 
0:0:42 58.09 0.00000000 0.00000000 0.00 0.00 0.00 522.00 522.00 522.00 493.00 6 1 80 
0:0:42 58.29 0.00000000 0.00000000 0.00 0.00 0.00 521.00 523.00 522.00 499.00 6 1 80 
0:0:43 58.50 0.00000000 0.00000000 0.00 0.00 0.00 521.00 522.00 522.00 497.00 6 1 80 
0:0:43 58.70 0.00000000 0.00000000 0.00 0.00 0.00 521.00 522.00 521.00 494.00 6 1 80 
0:0:43 58.90 0.00000000 0.00000000 0.00 0.00 0.00 521.00 522.00 522.00 494.00 6 1 80 
0:0:43 59.10 0.00000000 0.00000000 0.00 0.00 0.00 521.00 522.00 522.00 494.00 6 1 80 
0:0:43 59.30 0.00000000 0.00000000 0.00 0.00 0.00 521.00 523.00 521.00 499.00 6 1 80 
0:0:44 59.50 0.00000000 0.00000000 0.00 0.00 0.00 521.00 522.00 522.00 499.00 6 1 80 
0:0:44 59.70 0.00000000 0.00000000 0.00 0.00 0.00 521.00 522.00 522.00 500.00 6 1 80 
0:0:44 59.90 0.00000000 0.00000000 0.00 0.00 0.00 521.00 522.00 522.00 505.00 6 1 80 
0:0:44 60.11 0.00000000 0.00000000 0.00 0.00 0.00 521.00 522.00 522.00 510.00 6 1 80 
0:0:44 60.31 0.00000000 0.00000000 0.00 0.00 0.00 521.00 522.00 522.00 512.00 6 1 80 
0:0:45 60.51 0.00000000 0.00000000 0.00 0.00 0.00 521.00 523.00 522.00 513.00 6 1 80 
0:0:45 60.71 0.00000000 0.00000000 0.00 0.00 0.00 521.00 523.00 522.00 513.00 6 1 80 
0:0:45 60.91 0.00000000 0.00000000 0.00 0.00 0.00 521.00 522.00 522.00 512.00 6 1 80 
0:0:45 61.11 0.00000000 0.00000000 0.00 0.00 0.00 521.00 523.00 522.00 511.00 6 1 80 
0:0:45 61.31 0.00000000 0.00000000 0.00 0.00 0.00 521.00 522.00 522.00 508.00 6 1 80 
0:0:46 61.51 0.00000000 0.00000000 0.00 0.00 0.00 521.00 522.00 522.00 503.00 6 1 80 
0:0:46 61.71 0.00000000 0.00000000 0.00 0.00 0.00 521.00 522.00 522.00 498.00 6 1 80 
0:0:46 61.92 0.00000000 0.00000000 0.00 0.00 0.00 521.00 522.00 522.00 501.00 6 1 80 
0:0:46 62.12 0.00000000 0.00000000 0.00 0.00 0.00 521.00 522.00 522.00 499.00 6 1 80 
0:0:46 62.32 0.00000000 0.00000000 0.00 0.00 0.00 521.00 523.00 522.00 498.00 6 1 80 
0:0:47 62.52 0.00000000 0.00000000 0.00 0.00 0.00 521.00 523.00 522.00 501.00 6 1 80 
0:0:47 62.72 0.00000000 0.00000000 0.00 0.00 0.00 521.00 522.00 522.00 504.00 6 1 80 
0:0:47 62.92 0.00000000 0.00000000 0.00 0.00 0.00 521.00 522.00 522.00 514.00 6 1 80 
0:0:47 63.12 0.00000000 0.00000000 0.00 0.00 0.00 521.00 523.00 522.00 512.00 6 1 80 
0:0:47 63.32 0.00000000 0.00000000 0.00 0.00 0.00 522.00 522.00 522.00 514.00 6 1 80 
0:0:48 63.52 0.00000000 0.00000000 0.00 0.00 0.00 521.00 522.00 522.00 516.00 6 1 80 
0:0:48 63.72 0.00000000 0.00000000 0.00 0.00 0.00 521.00 522.00 522.00 515.00 6 1 80 
0:0:48 63.93 0.00000000 0.00000000 0.00 0.00 0.00 521.00 522.00 522.00 514.00 6 1 80 
0:0:48 64.13 0.00000000 0.00000000 0.00 0.00 0.00 521.00 522.00 522.00 505.00 6 1 80 
0:0:48 64.33 0.00000000 0.00000000 0.00 0.00 0.00 521.00 522.00 522.00 508.00 6 1 80 
0:0:49 64.53 0.00000000 0.00000000 0.00 0.00 0.00 521.00 522.00 521.00 506.00 6 1 80 
0:0:49 64.73 0.00000000 0.00000000 0.00 0.00 0.00 521.00 522.00 522.00 504.00 6 1 80 
0:0:49 64.93 0.00000000 0.00000000 0.00 0.00 0.00 521.00 522.00 522.00 500.00 6 1 80 
0:0:49 65.13 0.00000000 0.00000000 0.00 0.00 0.00 521.00 522.00 522.00 499.00 6 1 80 
0:0:49 65.33 0.00000000 0.00000000 0.00 0.00 0.00 521.00 522.00 522.00 500.00 6 1 80 
0:0:50 65.53 0.00000000 0.00000000 0.00 0.00 0.00 521.00 522.00 522.00 502.00 6 1 80 
0:0:50 65.73 0.00000000 0.00000000 0.00 0.00 0.00 521.00 523.00 522.00 501.00 6 1 80 
0:0:50 65.93 0.00000000 0.00000000 0.00 0.00 0.00 521.00 522.00 522.00 502.00 6 1 80 
0:0:50 66.13 0.00000000 0.00000000 0.00 0.00 0.00 521.00 522.00 522.00 502.00 6 1 80 
0:0:50 66.34 0.00000000 0.00000000 0.00 0.00 0.00 521.00 523.00 522.00 512.00 6 1 80 
0:0:50 66.54 0.00000000 0.00000000 0.00 0.00 0.00 521.00 522.00 522.00 510.00 6 1 80 
0:0:50 66.74 0.00000000 0.00000000 0.00 0.00 0.00 521.00 522.00 521.00 506.00 6 1 80 
0:0:50 66.94 0.00000000 0.00000000 0.00 0.00 0.00 521.00 522.00 522.00 509.00 6 1 80 
0:0:50 67.14 0.00000000 0.00000000 0.00 0.00 0.00 521.00 522.00 522.00 507.00 6 1 80 
0:0:50 67.34 0.00000000 0.00000000 0.00 0.00 0.00 521.00 522.00 521.00 494.00 6 1 80 
0:0:50 67.54 0.00000000 0.00000000 0.00 0.00 0.00 521.00 523.00 522.00 497.00 6 1 80 
0:0:50 67.74 0.00000000 0.00000000 0.00 0.00 0.00 521.00 522.00 521.00 500.00 6 1 80 
0:0:50 67.94 0.00000000 0.00000000 0.00 0.00 0.00 521.00 523.00 522.00 486.00 6 1 80 
0:0:50 68.14 0.00000000 0.00000000 0.00 0.00 0.00 521.00 522.00 522.00 473.00 6 1 80 
0:0:50 68.34 0.00000000 0.00000000 0.00 0.00 0.00 521.00 522.00 522.00 575.00 6 1 80 
0:0:50 68.54 0.00000000 0.00000000 0.00 0.00 0.00 521.00 522.00 521.00 549.00 6 1 80 
0:0:50 68.74 0.00000000 0.00000000 0.00 0.00 0.00 521.00 522.00 522.00 527.00 6 1 80 
0:0:50 68.94 0.00000000 0.00000000 0.00 0.00 0.00 521.00 522.00 522.00 511.00 6 1 80 
0:0:50 69.15 0.00000000 0.00000000 0.00 0.00 0.00 521.00 522.00 522.00 465.00 6 1 80 
0:0:50 69.35 0.00000000 0.00000000 0.00 0.00 0.00 521.00 522.00 522.00 485.00 6 1 80 
0:0:50 69.55 0.00000000 0.00000000 0.00 0.00 0.00 521.00 522.00 522.00 483.00 6 1 80 
0:0:50 69.75 0.00000000 0.00000000 0.00 0.00 0.00 521.00 522.00 522.00 508.00 6 1 80 
0:0:50 69.95 0.00000000 0.00000000 0.00 0.00 0.00 521.00 522.00 522.00 532.00 6 1 80 
0:0:50 70.15 0.00000000 0.00000000 0.00 0.00 0.00 521.00 522.00 522.00 464.00 6 1 80 
0:0:50 70.35 0.00000000 0.00000000 0.00 0.00 0.00 521.00 522.00 522.00 515.00 6 1 80 
0:0:50 70.55 0.00000000 0.00000000 0.00 0.00 0.00 521.00 522.00 522.00 539.00 6 1 80 
0:0:50 70.75 0.00000000 0.00000000 0.00 0.00 0.00 521.00 522.00 522.00 530.00 6 1 80 
0:0:50 70.95 0.00000000 0.00000000 0.00 0.00 0.00 521.00 523.00 522.00 514.00 6 1 80 
0:0:50 71.15 0.00000000 0.00000000 0.00 0.00 0.00 521.00 522.00 522.00 500.00 6 1 80 
0:0:50 71.36 0.00000000 0.00000000 0.00 0.00 0.00 521.00 522.00 522.00 500.00 6 1 80 
0:0:50 71.56 0.00000000 0.00000000 0.00 0.00 0.00 521.00 522.00 522.00 511.00 6 1 80 
0:0:50 71.76 0.00000000 0.00000000 0.00 0.00 0.00 521.00 522.00 521.00 524.00 6 1 80 
0:0:50 71.96 0.00000000 0.00000000 0.00 0.00 0.00 521.00 523.00 522.00 520.00 6 1 80 
0:0:50 72.16 0.00000000 0.00000000 0.00 0.00 0.00 521.00 522.00 521.00 506.00 6 1 80 
0:0:50 72.36 0.00000000 0.00000000 0.00 0.00 0.00 521.00 522.00 522.00 508.00 6 1 80 
0:0:50 72.56 0.00000000 0.00000000 0.00 0.00 0.00 521.00 522.00 522.00 515.00 6 1 80 
0:0:50 72.76 0.00000000 0.00000000 0.00 0.00 0.00 521.00 522.00 522.00 514.00 6 1 80 
0:0:50 72.96 0.00000000 0.00000000 0.00 0.00 0.00 521.00 522.00 522.00 512.00 6 1 80 
0:0:50 73.16 0.00000000 0.00000000 0.00 0.00 0.00 521.00 522.00 522.00 510.00 6 1 80 
0:0:50 73.36 0.00000000 0.00000000 0.00 0.00 0.00 521.00 522.00 522.00 504.00 6 1 80 
0:0:50 73.56 0.00000000 0.00000000 0.00 0.00 0.00 521.00 523.00 520.00 503.00 6 1 80 
0:0:50 73.76 0.00000000 0.00000000 0.00 0.00 0.00 521.00 522.00 521.00 504.00 6 1 80 
0:0:50 73.97 0.00000000 0.00000000 0.00 0.00 0.00 521.00 522.00 522.00 502.00 6 1 80 
0:0:50 74.17 0.00000000 0.00000000 0.00 0.00 0.00 521.00 522.00 522.00 501.00 6 1 80 
0:0:50 74.37 0.00000000 0.00000000 0.00 0.00 0.00 521.00 522.00 522.00 507.00 6 1 80 
0:0:50 74.57 0.00000000 0.00000000 0.00 0.00 0.00 521.00 522.00 522.00 507.00 6 1 80 
0:0:50 74.77 0.00000000 0.00000000 0.00 0.00 0.00 521.00 522.00 521.00 526.00 6 1 80 
0:0:50 74.97 0.00000000 0.00000000 0.00 0.00 0.00 521.00 522.00 521.00 550.00 6 1 80 
0:0:50 75.17 0.00000000 0.00000000 0.00 0.00 0.00 521.00 523.00 522.00 570.00 6 1 80 
0:0:50 75.37 0.00000000 0.00000000 0.00 0.00 0.00 521.00 522.00 522.00 538.00 6 1 80 
0:0:50 75.57 0.00000000 0.00000000 0.00 0.00 0.00 521.00 522.00 522.00 519.00 6 1 80 
0:0:50 75.78 0.00000000 0.00000000 0.00 0.00 0.00 521.00 522.00 522.00 505.00 6 1 80 
0:0:50 75.98 0.00000000 0.00000000 0.00 0.00 0.00 521.00 521.00 522.00 503.00 6 1 80 
0:0:50 76.18 0.00000000 0.00000000 0.00 0.00 0.00 521.00 522.00 522.00 512.00 6 1 80 
0:0:50 76.38 0.00000000 0.00000000 0.00 0.00 0.00 522.00 523.00 522.00 510.00 6 1 80 
0:0:50 76.58 0.00000000 0.00000000 0.00 0.00 0.00 521.00 522.00 522.00 513.00 6 1 80 
0:0:50 76.78 0.00000000 0.00000000 0.00 0.00 0.00 521.00 522.00 522.00 509.00 6 1 80 
0:0:50 76.98 0.00000000 0.00000000 0.00 0.00 0.00 521.00 522.00 522.00 509.00 6 1 80 
0:0:50 77.18 0.00000000 0.00000000 0.00 0.00 0.00 521.00 522.00 522.00 510.00 6 1 80 
0:0:50 77.38 0.00000000 0.00000000 0.00 0.00 0.00 521.00 522.00 521.00 509.00 6 1 80 
0:1:2 77.58 0.00000000 0.00000000 0.00 0.00 0.00 521.00 522.00 522.00 504.00 6 1 80 
0:1:2 77.79 0.00000000 0.00000000 0.00 0.00 0.00 521.00 522.00 522.00 503.00 6 1 80 
0:1:2 77.99 0.00000000 0.00000000 0.00 0.00 0.00 521.00 522.00 522.00 504.00 6 1 80 
0:1:2 78.19 0.00000000 0.00000000 0.00 0.00 0.00 521.00 523.00 522.00 505.00 6 1 80 
0:1:2 78.39 0.00000000 0.00000000 0.00 0.00 0.00 521.00 522.00 522.00 515.00 6 1 80 
0:1:3 78.59 0.00000000 0.00000000 0.00 0.00 0.00 521.00 522.00 522.00 512.00 6 1 80 
0:1:3 78.79 0.00000000 0.00000000 0.00 0.00 0.00 521.00 522.00 522.00 512.00 6 1 80 
0:1:3 78.99 0.00000000 0.00000000 0.00 0.00 0.00 521.00 522.00 521.00 513.00 6 1 80 
0:1:3 79.19 0.00000000 0.00000000 0.00 0.00 0.00 521.00 522.00 522.00 513.00 6 1 80 
0:1:3 79.39 0.00000000 0.00000000 0.00 0.00 0.00 521.00 522.00 522.00 515.00 6 1 80 
0:1:4 79.59 0.00000000 0.00000000 0.00 0.00 0.00 521.00 521.00 522.00 517.00 6 1 80 
0:1:4 79.79 0.00000000 0.00000000 0.00 0.00 0.00 521.00 522.00 522.00 516.00 6 1 80 
0:1:4 79.99 0.00000000 0.00000000 0.00 0.00 0.00 521.00 522.00 522.00 514.00 6 1 80 
0:1:4 80.19 0.00000000 0.00000000 0.00 0.00 0.00 521.00 522.00 522.00 511.00 6 1 80 
0:1:4 80.40 0.00000000 0.00000000 0.00 0.00 0.00 521.00 522.00 522.00 510.00 6 1 80 
0:1:5 80.60 0.00000000 0.00000000 0.00 0.00 0.00 521.00 522.00 522.00 506.00 6 1 80 
0:1:5 80.80 0.00000000 0.00000000 0.00 0.00 0.00 522.00 521.00 522.00 502.00 6 1 80 
0:1:5 81.00 0.00000000 0.00000000 0.00 0.00 0.00 521.00 522.00 522.00 501.00 6 1 80 
0:1:5 81.20 0.00000000 0.00000000 0.00 0.00 0.00 521.00 522.00 522.00 500.00 6 1 80 
0:1:6 81.40 0.00000000 0.00000000 0.00 0.00 0.00 521.00 522.00 522.00 511.00 6 1 80 
0:1:6 81.60 0.00000000 0.00000000 0.00 0.00 0.00 521.00 522.00 522.00 503.00 6 1 80 
0:1:6 81.80 0.00000000 0.00000000 0.00 0.00 0.00 521.00 522.00 522.00 504.00 6 1 80 
0:1:6 82.00 0.00000000 0.00000000 0.00 0.00 0.00 521.00 523.00 521.00 513.00 6 1 80 
0:1:6 82.20 0.00000000 0.00000000 0.00 0.00 0.00 521.00 522.00 522.00 508.00 6 1 80 
