0:0:0 0.34 0.00000000 0.00000000 0.00 0.00 0.00 521.00 512.00 401.00 406.00 0 0 0 
0:2:10 0.54 0.00000000 0.00000000 0.00 0.00 0.00 521.00 512.00 428.00 415.00 6 1 80 
0:2:10 0.74 0.00000000 0.00000000 0.00 0.00 0.00 522.00 512.00 444.00 426.00 6 1 80 
0:2:10 0.94 0.00000000 0.00000000 0.00 0.00 0.00 522.00 512.00 453.00 434.00 6 1 80 
0:2:10 1.14 0.00000000 0.00000000 0.00 0.00 0.00 522.00 512.00 459.00 441.00 6 1 80 
0:2:10 1.34 0.00000000 0.00000000 0.00 0.00 0.00 522.00 512.00 462.00 446.00 6 1 80 
0:2:11 1.54 0.00000000 0.00000000 0.00 0.00 0.00 522.00 512.00 463.00 449.00 6 1 80 
0:2:11 1.74 0.00000000 0.00000000 0.00 0.00 0.00 522.00 513.00 464.00 452.00 6 1 80 
0:2:11 1.94 0.00000000 0.00000000 0.00 0.00 0.00 522.00 513.00 465.00 453.00 6 1 80 
0:2:11 2.15 0.00000000 0.00000000 0.00 0.00 0.00 522.00 513.00 465.00 454.00 6 1 80 
0:2:11 2.35 0.00000000 0.00000000 0.00 0.00 0.00 522.00 513.00 465.00 454.00 6 1 80 
0:2:12 2.55 0.00000000 0.00000000 0.00 0.00 0.00 522.00 513.00 465.00 454.00 6 1 80 
0:2:12 2.75 0.00000000 0.00000000 0.00 0.00 0.00 522.00 512.00 464.00 454.00 6 1 80 
0:2:12 2.95 0.00000000 0.00000000 0.00 0.00 0.00 522.00 513.00 465.00 454.00 6 1 80 
0:2:12 3.15 0.00000000 0.00000000 0.00 0.00 0.00 522.00 513.00 465.00 455.00 6 1 80 
0:2:12 3.35 0.00000000 0.00000000 0.00 0.00 0.00 522.00 513.00 465.00 455.00 6 1 80 
0:2:13 3.55 0.00000000 0.00000000 0.00 0.00 0.00 522.00 513.00 464.00 455.00 6 1 80 
0:2:13 3.76 0.00000000 0.00000000 0.00 0.00 0.00 522.00 513.00 465.00 455.00 6 1 80 
0:2:13 3.96 0.00000000 0.00000000 0.00 0.00 0.00 522.00 512.00 465.00 455.00 6 1 80 
0:2:13 4.16 0.00000000 0.00000000 0.00 0.00 0.00 522.00 513.00 465.00 456.00 6 1 80 
