0:0:0 1.37 0.00000000 0.00000000 -99.00 -99.00 0.00 524.00 523.00 524.00 528.00 22.03 1010.58 nan 0 0 0 17 
0:0:0 1.57 0.00000000 0.00000000 -99.00 -99.00 0.00 523.00 523.00 525.00 529.00 22.09 1010.62 60.24 0 0 0 17 
0:0:0 1.77 0.00000000 0.00000000 -99.00 -99.00 0.00 523.00 523.00 525.00 528.00 22.10 1010.58 60.21 0 0 0 17 
0:0:0 1.97 0.00000000 0.00000000 -99.00 -99.00 0.00 523.00 524.00 524.00 528.00 22.13 1010.58 60.24 0 0 0 17 
15:53:11 2.17 0.00000000 0.00000000 -99.00 -99.00 0.00 523.00 523.00 525.00 524.00 22.14 1010.62 60.23 0 28 3 17 
15:53:11 2.38 0.00000000 0.00000000 -99.00 -99.00 0.00 523.00 524.00 525.00 528.00 22.15 1010.60 60.22 0 28 3 17 
15:53:11 2.58 0.00000000 0.00000000 -99.00 -99.00 0.00 523.00 523.00 526.00 529.00 22.16 1010.56 60.21 0 28 3 17 
15:53:11 2.78 0.00000000 0.00000000 -99.00 -99.00 0.00 523.00 523.00 524.00 528.00 22.17 1010.62 60.21 0 28 3 17 
15:53:11 2.98 0.00000000 0.00000000 -99.00 -99.00 0.00 524.00 523.00 525.00 528.00 22.17 1010.61 60.20 0 28 3 17 
15:53:12 3.18 0.00000000 0.00000000 -99.00 -99.00 0.00 523.00 523.00 524.00 528.00 22.17 1010.62 60.19 0 28 3 17 
15:53:12 3.38 0.00000000 0.00000000 -99.00 -99.00 0.00 523.00 523.00 524.00 528.00 22.18 1010.63 60.20 0 28 3 17 
15:53:12 3.58 0.00000000 0.00000000 -99.00 -99.00 0.00 524.00 524.00 525.00 528.00 22.18 1010.61 60.18 0 28 3 17 
15:53:12 3.78 0.00000000 0.00000000 -99.00 -99.00 0.00 523.00 523.00 525.00 529.00 22.18 1010.63 60.18 0 28 3 17 
15:53:12 3.98 0.00000000 0.00000000 -99.00 -99.00 0.00 523.00 523.00 524.00 525.00 22.18 1010.58 60.21 0 28 3 17 
15:53:13 4.18 0.00000000 0.00000000 -99.00 -99.00 0.00 523.00 523.00 525.00 528.00 22.18 1010.62 60.19 0 28 3 17 
15:53:13 4.39 0.00000000 0.00000000 -99.00 -99.00 0.00 523.00 523.00 524.00 529.00 22.18 1010.64 60.18 0 28 3 17 
15:53:13 4.59 0.00000000 0.00000000 -99.00 -99.00 0.00 523.00 523.00 524.00 528.00 22.18 1010.60 60.17 0 28 3 17 
15:53:13 4.79 0.00000000 0.00000000 -99.00 -99.00 0.00 523.00 523.00 525.00 528.00 22.18 1010.55 60.17 0 28 3 17 
15:53:13 4.99 0.00000000 0.00000000 -99.00 -99.00 0.00 523.00 523.00 524.00 528.00 22.18 1010.63 60.16 0 28 3 17 
15:53:14 5.19 0.00000000 0.00000000 -99.00 -99.00 0.00 523.00 524.00 525.00 528.00 22.18 1010.59 60.16 0 28 3 17 
15:53:14 5.39 0.00000000 0.00000000 -99.00 -99.00 0.00 523.00 524.00 525.00 528.00 22.18 1010.56 60.16 0 28 3 17 
15:53:14 5.59 0.00000000 0.00000000 -99.00 -99.00 0.00 523.00 524.00 524.00 528.00 22.18 1010.56 60.16 0 28 3 17 
15:53:14 5.79 0.00000000 0.00000000 -99.00 -99.00 0.00 523.00 524.00 524.00 526.00 22.18 1010.55 60.16 0 28 3 17 
15:53:14 5.99 0.00000000 0.00000000 -99.00 -99.00 0.00 523.00 523.00 524.00 529.00 22.18 1010.61 60.16 0 28 3 17 
15:53:15 6.19 0.00000000 0.00000000 -99.00 -99.00 0.00 523.00 523.00 524.00 528.00 22.18 1010.62 60.15 0 28 3 17 
15:53:15 6.39 0.00000000 0.00000000 -99.00 -99.00 0.00 524.00 523.00 525.00 528.00 22.19 1010.57 60.15 0 28 3 17 
15:53:15 6.59 0.00000000 0.00000000 -99.00 -99.00 0.00 523.00 523.00 526.00 529.00 22.19 1010.60 60.15 0 28 3 17 
15:53:15 6.79 0.00000000 0.00000000 -99.00 -99.00 0.00 523.00 523.00 524.00 528.00 22.19 1010.63 60.15 0 28 3 17 
15:53:15 6.99 0.00000000 0.00000000 -99.00 -99.00 0.00 523.00 523.00 524.00 529.00 22.19 1010.60 60.15 0 28 3 17 
15:53:15 7.20 0.00000000 0.00000000 -99.00 -99.00 0.00 523.00 523.00 524.00 529.00 22.19 1010.65 60.15 0 28 3 17 
15:53:15 7.40 0.00000000 0.00000000 -99.00 -99.00 0.00 523.00 523.00 524.00 528.00 22.19 1010.59 60.16 0 28 3 17 
15:53:15 7.60 0.00000000 0.00000000 -99.00 -99.00 0.00 523.00 523.00 521.00 528.00 22.19 1010.63 60.15 0 28 3 17 
15:53:15 7.80 0.00000000 0.00000000 -99.00 -99.00 0.00 523.00 523.00 524.00 529.00 22.20 1010.64 60.17 0 28 3 17 
15:53:15 8.00 0.00000000 0.00000000 -99.00 -99.00 0.00 523.00 523.00 525.00 528.00 22.20 1010.61 60.13 0 28 3 17 
15:53:15 8.20 0.00000000 0.00000000 -99.00 -99.00 0.00 523.00 524.00 525.00 528.00 22.19 1010.62 60.16 0 28 3 17 
15:53:15 8.40 0.00000000 0.00000000 -99.00 -99.00 0.00 523.00 523.00 524.00 528.00 22.20 1010.63 60.17 0 28 3 17 
15:53:15 8.60 0.00000000 0.00000000 -99.00 -99.00 0.00 524.00 523.00 524.00 528.00 22.20 1010.65 60.17 0 28 3 17 
15:53:15 8.80 0.00000000 0.00000000 -99.00 -99.00 0.00 523.00 524.00 525.00 528.00 22.19 1010.58 60.16 0 28 3 17 
15:53:15 9.00 0.00000000 0.00000000 -99.00 -99.00 0.00 523.00 523.00 524.00 528.00 22.19 1010.63 60.16 0 28 3 17 
15:53:18 9.20 0.00000000 0.00000000 -99.00 -99.00 0.00 523.00 523.00 524.00 528.00 22.19 1010.68 60.16 0 28 3 17 
15:53:18 9.40 0.00000000 0.00000000 -99.00 -99.00 0.00 523.00 523.00 521.00 527.00 22.19 1010.62 60.16 0 28 3 17 
15:53:18 9.60 0.00000000 0.00000000 -99.00 -99.00 0.00 523.00 523.00 525.00 528.00 22.19 1010.63 60.16 0 28 3 17 
15:53:18 9.80 0.00000000 0.00000000 -99.00 -99.00 0.00 523.00 523.00 525.00 528.00 22.19 1010.61 60.16 0 28 3 17 
15:53:18 10.00 0.00000000 0.00000000 -99.00 -99.00 0.00 523.00 523.00 524.00 528.00 22.19 1010.64 60.16 0 28 3 17 
15:53:19 10.20 0.00000000 0.00000000 -99.00 -99.00 0.00 523.00 523.00 525.00 528.00 22.19 1010.60 60.16 0 28 3 17 
15:53:19 10.40 0.00000000 0.00000000 -99.00 -99.00 0.00 523.00 523.00 524.00 528.00 22.19 1010.64 60.16 0 28 3 17 
15:53:19 10.61 0.00000000 0.00000000 -99.00 -99.00 0.00 523.00 523.00 525.00 528.00 22.20 1010.63 60.17 0 28 3 17 
15:53:19 10.81 0.00000000 0.00000000 -99.00 -99.00 0.00 523.00 523.00 524.00 528.00 22.19 1010.63 60.16 0 28 3 17 
15:53:19 11.01 0.00000000 0.00000000 -99.00 -99.00 0.00 523.00 523.00 525.00 528.00 22.20 1010.61 60.15 0 28 3 17 
15:53:19 11.21 0.00000000 0.00000000 -99.00 -99.00 0.00 523.00 520.00 524.00 528.00 22.19 1010.56 60.16 0 28 3 17 
15:53:19 11.41 0.00000000 0.00000000 -99.00 -99.00 0.00 523.00 523.00 524.00 528.00 22.19 1010.63 60.15 0 28 3 17 
15:53:19 11.61 0.00000000 0.00000000 -99.00 -99.00 0.00 524.00 524.00 524.00 528.00 22.19 1010.60 60.15 0 28 3 17 
15:53:19 11.81 0.00000000 0.00000000 -99.00 -99.00 0.00 523.00 523.00 524.00 529.00 22.19 1010.59 60.15 0 28 3 17 
15:53:19 12.01 0.00000000 0.00000000 -99.00 -99.00 0.00 523.00 523.00 524.00 528.00 22.19 1010.67 60.15 0 28 3 17 
15:53:19 12.21 0.00000000 0.00000000 -99.00 -99.00 0.00 523.00 523.00 524.00 528.00 22.19 1010.57 60.15 0 28 3 17 
15:53:19 12.41 0.00000000 0.00000000 -99.00 -99.00 0.00 523.00 523.00 524.00 529.00 22.19 1010.60 60.15 0 28 3 17 
15:53:19 12.61 0.00000000 0.00000000 -99.00 -99.00 0.00 523.00 524.00 524.00 528.00 22.19 1010.65 60.16 0 28 3 17 
15:53:19 12.81 0.00000000 0.00000000 -99.00 -99.00 0.00 523.00 523.00 525.00 528.00 22.20 1010.64 60.15 0 28 3 17 
15:53:19 13.01 0.00000000 0.00000000 -99.00 -99.00 0.00 522.00 523.00 524.00 529.00 22.20 1010.61 60.15 0 28 3 17 
15:53:19 13.22 0.00000000 0.00000000 -99.00 -99.00 0.00 523.00 523.00 525.00 528.00 22.19 1010.60 60.15 0 28 3 17 
15:53:19 13.42 0.00000000 0.00000000 -99.00 -99.00 0.00 523.00 523.00 524.00 528.00 22.19 1010.60 60.16 0 28 3 17 
15:53:19 13.62 0.00000000 0.00000000 -99.00 -99.00 0.00 523.00 523.00 525.00 528.00 22.19 1010.63 60.15 0 28 3 17 
15:53:19 13.82 0.00000000 0.00000000 -99.00 -99.00 0.00 523.00 523.00 524.00 528.00 22.19 1010.59 60.15 0 28 3 17 
15:53:19 14.02 0.00000000 0.00000000 -99.00 -99.00 0.00 523.00 523.00 524.00 528.00 22.19 1010.62 60.15 0 28 3 17 
15:53:19 14.22 0.00000000 0.00000000 -99.00 -99.00 0.00 523.00 523.00 524.00 528.00 22.19 1010.61 60.15 0 28 3 17 
15:53:19 14.42 0.00000000 0.00000000 -99.00 -99.00 0.00 523.00 523.00 525.00 528.00 22.19 1010.59 60.15 0 28 3 17 
15:53:19 14.62 0.00000000 0.00000000 -99.00 -99.00 0.00 524.00 523.00 524.00 528.00 22.19 1010.63 60.15 0 28 3 17 
15:53:19 14.82 0.00000000 0.00000000 -99.00 -99.00 0.00 523.00 523.00 525.00 528.00 22.19 1010.58 60.15 0 28 3 17 
15:53:19 15.02 0.00000000 0.00000000 -99.00 -99.00 0.00 523.00 523.00 524.00 527.00 22.19 1010.58 60.14 0 28 3 17 
15:53:19 15.22 0.00000000 0.00000000 -99.00 -99.00 0.00 523.00 523.00 525.00 529.00 22.19 1010.61 60.14 0 28 3 17 
15:53:19 15.42 0.00000000 0.00000000 -99.00 -99.00 0.00 523.00 523.00 524.00 529.00 22.20 1010.63 60.14 0 28 3 17 
15:53:19 15.62 0.00000000 0.00000000 -99.00 -99.00 0.00 522.00 523.00 525.00 529.00 22.19 1010.60 60.14 0 28 3 17 
15:53:19 15.82 0.00000000 0.00000000 -99.00 -99.00 0.00 523.00 523.00 524.00 528.00 22.20 1010.64 60.14 0 28 3 17 
15:53:19 16.03 0.00000000 0.00000000 -99.00 -99.00 0.00 523.00 523.00 525.00 528.00 22.19 1010.64 60.15 0 28 3 17 
15:53:24 16.23 0.00000000 0.00000000 -99.00 -99.00 0.00 523.00 524.00 525.00 529.00 22.19 1010.66 60.14 0 28 3 17 
15:53:24 16.43 0.00000000 0.00000000 -99.00 -99.00 0.00 523.00 523.00 524.00 528.00 22.19 1010.64 60.14 0 28 3 17 
15:53:24 16.63 0.00000000 0.00000000 -99.00 -99.00 0.00 523.00 523.00 524.00 528.00 22.20 1010.68 60.14 0 28 3 17 
15:53:24 16.83 0.00000000 0.00000000 -99.00 -99.00 0.00 523.00 524.00 525.00 528.00 22.20 1010.63 60.14 0 28 3 17 
15:53:24 17.03 0.00000000 0.00000000 -99.00 -99.00 0.00 523.00 523.00 524.00 529.00 22.20 1010.64 60.15 0 28 3 17 
15:53:25 17.23 0.00000000 155.00004577 -99.00 -99.00 0.00 523.00 523.00 524.00 528.00 22.19 1010.61 60.15 0 28 3 17 
15:53:25 17.43 0.00000000 155.00004577 -99.00 -99.00 0.00 524.00 523.00 524.00 525.00 22.19 1010.63 60.14 0 28 3 17 
15:53:25 17.63 0.00000000 155.00004577 -99.00 -99.00 0.00 523.00 523.00 525.00 529.00 22.19 1010.60 60.14 0 28 3 17 
15:53:25 17.83 0.00000000 155.00004577 -99.00 -99.00 0.00 523.00 523.00 524.00 528.00 22.19 1010.63 60.14 0 28 3 17 
15:53:25 18.04 0.00000000 155.00004577 -99.00 -99.00 0.00 523.00 523.00 524.00 528.00 22.20 1010.63 60.14 0 28 3 17 
15:53:27 18.24 0.00000000 155.00004577 -99.00 -99.00 0.00 523.00 523.00 524.00 528.00 22.20 1010.62 60.14 0 28 3 17 
15:53:27 18.44 0.00000000 155.00004577 -99.00 -99.00 0.00 524.00 523.00 524.00 527.00 22.20 1010.63 60.15 0 28 3 17 
15:53:27 18.64 0.00000000 155.00004577 -99.00 -99.00 0.00 523.00 523.00 524.00 528.00 22.20 1010.57 60.15 0 28 3 17 
15:53:27 18.84 0.00000000 155.00004577 -99.00 -99.00 0.00 523.00 523.00 524.00 529.00 22.20 1010.61 60.16 0 28 3 17 
15:53:27 19.04 0.00000000 155.00004577 -99.00 -99.00 0.00 523.00 523.00 525.00 529.00 22.20 1010.62 60.16 0 28 3 17 
15:53:28 19.24 0.00000000 155.00004577 -99.00 -99.00 0.00 522.00 523.00 525.00 528.00 22.20 1010.63 60.16 0 28 3 17 
15:53:28 19.44 0.00000000 155.00004577 -99.00 -99.00 0.00 523.00 523.00 524.00 529.00 22.20 1010.65 60.14 0 28 3 17 
15:53:28 19.64 0.00000000 155.00004577 -99.00 -99.00 0.00 523.00 523.00 524.00 528.00 22.20 1010.64 60.16 0 28 3 17 
15:53:28 19.85 0.00000000 155.00004577 -99.00 -99.00 0.00 523.00 523.00 524.00 529.00 22.20 1010.61 60.14 0 28 3 17 
15:53:28 20.05 0.00000000 155.00004577 -99.00 -99.00 0.00 523.00 523.00 525.00 528.00 22.20 1010.58 60.17 0 28 3 17 
15:53:29 20.25 0.00000000 155.00004577 -99.00 -99.00 0.00 523.00 523.00 524.00 528.00 22.20 1010.64 60.16 0 28 3 17 
