0:0:0 0.90 0.00000000 0.00000000 -99.00 -99.00 0.00 524.00 523.00 525.00 528.00 23.91 1010.52 57.56 0 0 0 17 
0:0:0 1.10 0.00000000 0.00000000 -99.00 -99.00 0.00 523.00 524.00 525.00 528.00 23.95 1010.54 57.64 0 0 0 17 
0:0:0 1.30 0.00000000 0.00000000 -99.00 -99.00 0.00 524.00 523.00 525.00 528.00 23.95 1010.57 57.67 0 0 0 17 
0:0:0 1.50 0.00000000 0.00000000 -99.00 -99.00 0.00 524.00 524.00 525.00 529.00 23.97 1010.54 57.67 0 0 0 17 
15:15:48 1.70 0.00000000 0.00000000 -99.00 -99.00 0.00 524.00 524.00 526.00 525.00 23.97 1010.55 57.66 0 28 3 17 
15:15:48 1.90 0.00000000 0.00000000 -99.00 -99.00 0.00 524.00 523.00 524.00 529.00 23.97 1010.58 57.68 0 28 3 17 
15:15:48 2.10 0.00000000 0.00000000 -99.00 -99.00 0.00 524.00 523.00 525.00 528.00 23.98 1010.49 57.72 0 28 3 17 
15:15:48 2.30 0.00000000 0.00000000 -99.00 -99.00 0.00 523.00 524.00 525.00 529.00 23.98 1010.55 57.75 0 28 3 17 
15:15:49 2.51 0.00000000 0.00000000 -99.00 -99.00 0.00 524.00 523.00 524.00 528.00 23.98 1010.55 57.81 0 28 3 17 
15:15:49 2.71 0.00000000 0.00000000 -99.00 -99.00 0.00 524.00 524.00 525.00 528.00 23.98 1010.60 57.89 0 28 3 17 
15:15:49 2.91 0.00000000 0.00000000 -99.00 -99.00 0.00 524.00 524.00 525.00 529.00 23.98 1010.59 57.93 0 28 3 17 
15:15:49 3.11 0.00000000 0.00000000 -99.00 -99.00 0.00 523.00 524.00 524.00 529.00 23.98 1010.51 57.90 0 28 3 17 
15:15:49 3.31 0.00000000 0.00000000 -99.00 -99.00 0.00 524.00 524.00 525.00 528.00 23.98 1010.56 57.90 0 28 3 17 
15:15:50 3.51 0.00000000 0.00000000 -99.00 -99.00 0.00 523.00 524.00 525.00 526.00 23.98 1010.55 57.85 0 28 3 17 
15:15:50 3.71 0.00000000 0.00000000 -99.00 -99.00 0.00 523.00 524.00 525.00 529.00 23.97 1010.60 57.80 0 28 3 17 
15:15:50 3.91 0.00000000 0.00000000 -99.00 -99.00 0.00 523.00 524.00 525.00 529.00 23.98 1010.53 57.75 0 28 3 17 
15:15:50 4.11 0.00000000 0.00000000 -99.00 -99.00 0.00 523.00 524.00 525.00 529.00 23.98 1010.56 57.68 0 28 3 17 
15:15:50 4.31 0.00000000 0.00000000 -99.00 -99.00 0.00 523.00 524.00 524.00 528.00 23.98 1010.53 57.64 0 28 3 17 
15:15:51 4.51 0.00000000 0.00000000 -99.00 -99.00 0.00 524.00 524.00 524.00 528.00 23.97 1010.55 57.59 0 28 3 17 
15:15:51 4.72 0.00000000 0.00000000 -99.00 -99.00 0.00 523.00 524.00 525.00 528.00 23.97 1010.55 57.53 0 28 3 17 
15:15:51 4.92 0.00000000 0.00000000 -99.00 -99.00 0.00 523.00 523.00 524.00 528.00 23.97 1010.57 57.50 0 28 3 17 
15:15:51 5.12 0.00000000 0.00000000 -99.00 -99.00 0.00 524.00 524.00 524.00 528.00 23.97 1010.52 57.50 0 28 3 17 
15:15:51 5.32 0.00000000 0.00000000 -99.00 -99.00 0.00 523.00 523.00 521.00 528.00 23.97 1010.54 57.51 0 28 3 17 
15:15:52 5.52 0.00000000 0.00000000 -99.00 -99.00 0.00 524.00 523.00 525.00 528.00 23.97 1010.57 57.51 0 28 3 17 
15:15:52 5.72 0.00000000 0.00000000 -99.00 -99.00 0.00 524.00 524.00 525.00 528.00 23.97 1010.57 57.49 0 28 3 17 
15:15:52 5.92 0.00000000 0.00000000 -99.00 -99.00 0.00 523.00 524.00 525.00 529.00 23.97 1010.58 57.46 0 28 3 17 
15:15:52 6.12 0.00000000 0.00000000 -99.00 -99.00 0.00 523.00 524.00 525.00 528.00 23.97 1010.54 57.44 0 28 3 17 
15:15:52 6.32 0.00000000 0.00000000 -99.00 -99.00 0.00 523.00 524.00 524.00 528.00 23.97 1010.54 57.42 0 28 3 17 
15:15:53 6.52 0.00000000 0.00000000 -99.00 -99.00 0.00 523.00 523.00 525.00 529.00 23.97 1010.56 57.42 0 28 3 17 
15:15:53 6.72 0.00000000 0.00000000 -99.00 -99.00 0.00 523.00 523.00 525.00 528.00 23.97 1010.50 57.42 0 28 3 17 
15:15:53 6.92 0.00000000 0.00000000 -99.00 -99.00 0.00 524.00 524.00 525.00 528.00 23.97 1010.52 57.44 0 28 3 17 
15:15:53 7.12 0.00000000 0.00000000 -99.00 -99.00 0.00 523.00 524.00 521.00 528.00 23.97 1010.56 57.46 0 28 3 17 
15:15:53 7.32 0.00000000 0.00000000 -99.00 -99.00 0.00 524.00 523.00 524.00 528.00 23.97 1010.60 57.44 0 28 3 17 
15:15:54 7.52 0.00000000 0.00000000 -99.00 -99.00 0.00 524.00 524.00 525.00 529.00 23.96 1010.51 57.39 0 28 3 17 
15:15:54 7.73 0.00000000 0.00000000 -99.00 -99.00 0.00 523.00 524.00 525.00 529.00 23.96 1010.59 57.32 0 28 3 17 
15:15:54 7.93 0.00000000 0.00000000 -99.00 -99.00 0.00 524.00 524.00 525.00 528.00 23.95 1010.60 57.27 0 28 3 17 
15:15:54 8.13 0.00000000 0.00000000 -99.00 -99.00 0.00 524.00 524.00 524.00 528.00 23.95 1010.55 57.24 0 28 3 17 
15:15:54 8.33 0.00000000 0.00000000 -99.00 -99.00 0.00 524.00 523.00 525.00 528.00 23.95 1010.56 57.19 0 28 3 17 
15:15:55 8.53 0.00000000 0.00000000 -99.00 -99.00 0.00 524.00 524.00 524.00 528.00 23.95 1010.56 57.16 0 28 3 17 
15:15:55 8.73 0.00000000 0.00000000 -99.00 -99.00 0.00 523.00 524.00 525.00 528.00 23.95 1010.54 57.13 0 28 3 17 
15:15:55 8.93 0.00000000 0.00000000 -99.00 -99.00 0.00 524.00 524.00 521.00 528.00 23.94 1010.55 57.09 0 28 3 17 
15:15:55 9.13 0.00000000 0.00000000 -99.00 -99.00 0.00 524.00 523.00 524.00 528.00 23.94 1010.58 57.03 0 28 3 17 
15:15:55 9.33 0.00000000 0.00000000 -99.00 -99.00 0.00 523.00 523.00 525.00 528.00 23.94 1010.52 57.05 0 28 3 17 
15:15:56 9.53 0.00000000 0.00000000 -99.00 -99.00 0.00 523.00 523.00 525.00 529.00 23.94 1010.55 57.03 0 28 3 17 
15:15:56 9.73 0.00000000 0.00000000 -99.00 -99.00 0.00 524.00 523.00 525.00 528.00 23.94 1010.58 56.99 0 28 3 17 
15:15:56 9.93 0.00000000 0.00000000 -99.00 -99.00 0.00 523.00 524.00 524.00 528.00 23.94 1010.56 56.97 0 28 3 17 
15:15:56 10.13 0.00000000 0.00000000 -99.00 -99.00 0.00 523.00 524.00 525.00 528.00 23.94 1010.56 56.95 0 28 3 17 
15:15:56 10.33 0.00000000 0.00000000 -99.00 -99.00 0.00 524.00 523.00 524.00 528.00 23.94 1010.56 56.94 0 28 3 17 
15:15:57 10.53 0.00000000 0.00000000 -99.00 -99.00 0.00 523.00 524.00 525.00 528.00 23.94 1010.58 56.93 0 28 3 17 
15:15:57 10.73 0.00000000 0.00000000 -99.00 -99.00 0.00 524.00 521.00 524.00 528.00 23.94 1010.56 56.93 0 28 3 17 
15:15:57 10.94 0.00000000 0.00000000 -99.00 -99.00 0.00 524.00 524.00 525.00 529.00 23.94 1010.59 56.95 0 28 3 17 
15:15:57 11.14 0.00000000 0.00000000 -99.00 -99.00 0.00 523.00 524.00 525.00 529.00 23.94 1010.60 56.95 0 28 3 17 
15:15:57 11.34 0.00000000 0.00000000 -99.00 -99.00 0.00 524.00 523.00 525.00 528.00 23.94 1010.57 56.96 0 28 3 17 
15:15:58 11.54 0.00000000 0.00000000 -99.00 -99.00 0.00 524.00 524.00 524.00 528.00 23.94 1010.56 56.96 0 28 3 17 
15:15:58 11.74 0.00000000 0.00000000 -99.00 -99.00 0.00 524.00 524.00 524.00 528.00 23.94 1010.59 56.95 0 28 3 17 
15:15:58 11.94 0.00000000 0.00000000 -99.00 -99.00 0.00 524.00 524.00 525.00 529.00 23.94 1010.55 56.95 0 28 3 17 
15:15:58 12.14 0.00000000 0.00000000 -99.00 -99.00 0.00 524.00 524.00 525.00 529.00 23.94 1010.57 56.95 0 28 3 17 
15:15:58 12.34 0.00000000 0.00000000 -99.00 -99.00 0.00 524.00 523.00 525.00 529.00 23.94 1010.54 56.95 0 28 3 17 
15:15:59 12.54 0.00000000 0.00000000 -99.00 -99.00 0.00 522.00 524.00 524.00 528.00 23.93 1010.56 56.94 0 28 3 17 
15:15:59 12.74 0.00000000 0.00000000 -99.00 -99.00 0.00 523.00 524.00 525.00 529.00 23.93 1010.56 56.94 0 28 3 17 
15:15:59 12.94 0.00000000 0.00000000 -99.00 -99.00 0.00 523.00 524.00 524.00 528.00 23.93 1010.53 56.95 0 28 3 17 
15:15:59 13.14 0.00000000 0.00000000 -99.00 -99.00 0.00 523.00 524.00 524.00 529.00 23.93 1010.55 56.95 0 28 3 17 
15:15:59 13.34 0.00000000 0.00000000 -99.00 -99.00 0.00 524.00 525.00 525.00 528.00 23.93 1010.56 56.97 0 28 3 17 
15:16:0 13.54 0.00000000 0.00000000 -99.00 -99.00 0.00 523.00 523.00 525.00 528.00 23.93 1010.54 56.97 0 28 3 17 
15:16:0 13.74 0.00000000 0.00000000 -99.00 -99.00 0.00 524.00 524.00 525.00 528.00 23.93 1010.54 57.00 0 28 3 17 
15:16:0 13.94 0.00000000 0.00000000 -99.00 -99.00 0.00 523.00 524.00 525.00 529.00 23.92 1010.53 57.00 0 28 3 17 
15:16:0 14.15 0.00000000 0.00000000 -99.00 -99.00 0.00 524.00 523.00 525.00 528.00 23.93 1010.57 57.01 0 28 3 17 
15:16:0 14.35 0.00000000 0.00000000 -99.00 -99.00 0.00 523.00 523.00 525.00 529.00 23.93 1010.58 57.01 0 28 3 17 
15:16:1 14.55 0.00000000 0.00000000 -99.00 -99.00 0.00 524.00 524.00 524.00 529.00 23.93 1010.56 57.00 0 28 3 17 
15:16:1 14.75 0.00000000 0.00000000 -99.00 -99.00 0.00 524.00 523.00 524.00 528.00 23.93 1010.54 57.00 0 28 3 17 
15:16:1 14.95 0.00000000 0.00000000 -99.00 -99.00 0.00 523.00 524.00 525.00 528.00 23.93 1010.59 57.00 0 28 3 17 
15:16:1 15.15 0.00000000 0.00000000 -99.00 -99.00 0.00 523.00 523.00 524.00 529.00 23.93 1010.62 57.01 0 28 3 17 
15:16:1 15.35 0.00000000 0.00000000 -99.00 -99.00 0.00 524.00 524.00 525.00 529.00 23.92 1010.52 56.99 0 28 3 17 
15:16:2 15.55 0.00000000 0.00000000 -99.00 -99.00 0.00 523.00 524.00 525.00 529.00 23.93 1010.60 56.98 0 28 3 17 
15:16:2 15.75 0.00000000 0.00000000 -99.00 -99.00 0.00 523.00 524.00 524.00 528.00 23.93 1010.59 56.95 0 28 3 17 
15:16:2 15.95 0.00000000 0.00000000 -99.00 -99.00 0.00 524.00 524.00 525.00 528.00 23.92 1010.54 56.93 0 28 3 17 
15:16:2 16.15 0.00000000 0.00000000 -99.00 -99.00 0.00 523.00 523.00 524.00 528.00 23.92 1010.59 56.91 0 28 3 17 
15:16:2 16.35 0.00000000 0.00000000 -99.00 -99.00 0.00 523.00 524.00 525.00 528.00 23.92 1010.58 56.88 0 28 3 17 
15:16:3 16.55 0.00000000 0.00000000 -99.00 -99.00 0.00 524.00 523.00 525.00 528.00 23.91 1010.57 56.86 0 28 3 17 
15:16:3 16.76 0.00000000 0.00000000 -99.00 -99.00 0.00 523.00 524.00 525.00 528.00 23.91 1010.55 56.80 0 28 3 17 
15:16:3 16.96 0.00000000 0.00000000 -99.00 -99.00 0.00 524.00 524.00 525.00 528.00 23.91 1010.59 56.83 0 28 3 17 
15:16:3 17.16 0.00000000 0.00000000 -99.00 -99.00 0.00 524.00 525.00 524.00 528.00 23.90 1010.51 56.82 0 28 3 17 
15:16:3 17.36 0.00000000 0.00000000 -99.00 -99.00 0.00 523.00 525.00 524.00 528.00 23.90 1010.57 56.81 0 28 3 17 
15:16:4 17.56 0.00000000 0.00000000 -99.00 -99.00 0.00 523.00 524.00 525.00 528.00 23.90 1010.55 56.80 0 28 3 17 
15:16:4 17.76 0.00000000 0.00000000 -99.00 -99.00 0.00 524.00 523.00 524.00 528.00 23.90 1010.58 56.79 0 28 3 17 
15:16:4 17.96 0.00000000 0.00000000 -99.00 -99.00 0.00 523.00 524.00 524.00 528.00 23.90 1010.57 56.77 0 28 3 17 
15:16:4 18.16 0.00000000 0.00000000 -99.00 -99.00 0.00 523.00 523.00 524.00 528.00 23.91 1010.60 56.78 0 28 3 17 
15:16:4 18.36 0.00000000 0.00000000 -99.00 -99.00 0.00 524.00 524.00 524.00 528.00 23.90 1010.58 56.76 0 28 3 17 
15:16:5 18.57 0.00000000 0.00000000 -99.00 -99.00 0.00 523.00 524.00 525.00 529.00 23.89 1010.56 56.76 0 28 3 17 
15:16:5 18.77 0.00000000 0.00000000 -99.00 -99.00 0.00 523.00 524.00 524.00 528.00 23.89 1010.59 56.72 0 28 3 17 
15:16:5 18.97 0.00000000 0.00000000 -99.00 -99.00 0.00 524.00 524.00 525.00 528.00 23.89 1010.58 56.76 0 28 3 17 
15:16:5 19.17 0.00000000 0.00000000 -99.00 -99.00 0.00 523.00 524.00 525.00 529.00 23.89 1010.55 56.75 0 28 3 17 
15:16:5 19.37 0.00000000 0.00000000 -99.00 -99.00 0.00 523.00 524.00 525.00 528.00 23.89 1010.55 56.76 0 28 3 17 
15:16:6 19.57 0.00000000 0.00000000 -99.00 -99.00 0.00 524.00 524.00 525.00 528.00 23.89 1010.55 56.76 0 28 3 17 
15:16:6 19.77 0.00000000 0.00000000 -99.00 -99.00 0.00 523.00 524.00 524.00 529.00 23.89 1010.53 56.77 0 28 3 17 
15:16:6 19.97 0.00000000 0.00000000 -99.00 -99.00 0.00 523.00 524.00 525.00 528.00 23.89 1010.53 56.79 0 28 3 17 
15:16:6 20.17 0.00000000 0.00000000 -99.00 -99.00 0.00 524.00 524.00 524.00 528.00 23.89 1010.59 56.80 0 28 3 17 
15:16:6 20.38 0.00000000 0.00000000 -99.00 -99.00 0.00 524.00 523.00 524.00 528.00 23.88 1010.53 56.84 0 28 3 17 
15:16:6 20.58 0.00000000 0.00000000 -99.00 -99.00 0.00 523.00 523.00 524.00 528.00 23.88 1010.57 56.88 0 28 3 17 
15:16:6 20.78 0.00000000 0.00000000 -99.00 -99.00 0.00 524.00 524.00 524.00 528.00 23.88 1010.57 56.92 0 28 3 17 
15:16:6 20.98 0.00000000 0.00000000 -99.00 -99.00 0.00 523.00 523.00 525.00 528.00 23.88 1010.57 56.93 0 28 3 17 
15:16:6 21.18 0.00000000 0.00000000 -99.00 -99.00 0.00 523.00 524.00 524.00 528.00 23.87 1010.56 56.94 0 28 3 17 
15:16:6 21.38 0.00000000 0.00000000 -99.00 -99.00 0.00 524.00 524.00 524.00 528.00 23.87 1010.54 56.97 0 28 3 17 
15:16:6 21.58 0.00000000 0.00000000 -99.00 -99.00 0.00 523.00 524.00 524.00 528.00 23.87 1010.54 56.98 0 28 3 17 
15:16:6 21.78 0.00000000 0.00000000 -99.00 -99.00 0.00 523.00 523.00 525.00 528.00 23.87 1010.56 57.00 0 28 3 17 
15:16:6 21.98 0.00000000 0.00000000 -99.00 -99.00 0.00 524.00 524.00 525.00 528.00 23.87 1010.55 57.02 0 28 3 17 
15:16:6 22.19 0.00000000 0.00000000 -99.00 -99.00 0.00 524.00 524.00 526.00 528.00 23.87 1010.54 57.04 0 28 3 17 
15:16:6 22.39 0.00000000 0.00000000 -99.00 -99.00 0.00 523.00 523.00 524.00 528.00 23.88 1010.48 57.07 0 28 3 17 
15:16:9 22.59 0.00000000 0.00000000 -99.00 -99.00 0.00 524.00 523.00 524.00 528.00 23.87 1010.53 57.15 0 28 3 17 
15:16:9 22.79 0.00000000 0.00000000 -99.00 -99.00 0.00 523.00 523.00 524.00 528.00 23.87 1010.56 57.28 0 28 3 17 
15:16:9 22.99 0.00000000 0.00000000 -99.00 -99.00 0.00 524.00 523.00 524.00 528.00 23.88 1010.51 57.41 0 28 3 17 
15:16:9 23.19 0.00000000 0.00000000 -99.00 -99.00 0.00 524.00 524.00 525.00 528.00 23.88 1010.57 57.45 0 28 3 17 
15:16:9 23.39 0.00000000 0.00000000 -99.00 -99.00 0.00 523.00 524.00 524.00 528.00 23.88 1010.57 57.48 0 28 3 17 
15:16:10 23.59 0.00000000 0.00000000 -99.00 -99.00 0.00 523.00 523.00 525.00 528.00 23.88 1010.53 57.49 0 28 3 17 
15:16:10 23.80 0.00000000 0.00000000 -99.00 -99.00 0.00 524.00 524.00 525.00 528.00 23.88 1010.51 57.56 0 28 3 17 
15:16:10 24.00 0.00000000 0.00000000 -99.00 -99.00 0.00 524.00 524.00 525.00 529.00 23.88 1010.51 57.67 0 28 3 17 
15:16:10 24.20 0.00000000 0.00000000 -99.00 -99.00 0.00 523.00 524.00 525.00 528.00 23.88 1010.51 57.68 0 28 3 17 
15:16:10 24.40 0.00000000 0.00000000 -99.00 -99.00 0.00 524.00 523.00 524.00 528.00 23.87 1010.52 57.68 0 28 3 17 
15:16:10 24.60 0.00000000 0.00000000 -99.00 -99.00 0.00 524.00 523.00 526.00 528.00 23.87 1010.51 57.74 0 28 3 17 
15:16:10 24.80 0.00000000 0.00000000 -99.00 -99.00 0.00 524.00 524.00 525.00 528.00 23.87 1010.53 57.76 0 28 3 17 
15:16:10 25.00 0.00000000 0.00000000 -99.00 -99.00 0.00 524.00 524.00 524.00 529.00 23.87 1010.54 57.74 0 28 3 17 
15:16:10 25.20 0.00000000 0.00000000 -99.00 -99.00 0.00 523.00 523.00 524.00 528.00 23.87 1010.52 57.71 0 28 3 17 
15:16:10 25.41 0.00000000 0.00000000 -99.00 -99.00 0.00 524.00 524.00 524.00 528.00 23.86 1010.51 57.65 0 28 3 17 
15:16:12 25.61 0.00000000 0.00000000 -99.00 -99.00 0.00 524.00 524.00 525.00 529.00 23.86 1010.51 57.62 0 28 3 17 
15:16:12 25.81 0.00000000 0.00000000 -99.00 -99.00 0.00 523.00 523.00 525.00 528.00 23.85 1010.51 57.57 0 28 3 17 
15:16:12 26.01 0.00000000 0.00000000 -99.00 -99.00 0.00 523.00 523.00 525.00 525.00 23.85 1010.56 57.49 0 28 3 17 
15:16:12 26.21 0.00000000 0.00000000 -99.00 -99.00 0.00 524.00 524.00 524.00 528.00 23.84 1010.58 57.43 0 28 3 17 
15:16:12 26.41 0.00000000 0.00000000 -99.00 -99.00 0.00 523.00 523.00 525.00 528.00 23.85 1010.55 57.36 0 28 3 17 
15:16:13 26.61 0.00000000 0.00000000 -99.00 -99.00 0.00 524.00 523.00 524.00 528.00 23.84 1010.53 57.32 0 28 3 17 
15:16:13 26.81 0.00000000 0.00000000 -99.00 -99.00 0.00 524.00 524.00 524.00 528.00 23.84 1010.58 57.28 0 28 3 17 
15:16:13 27.01 0.00000000 0.00000000 -99.00 -99.00 0.00 523.00 523.00 524.00 528.00 23.83 1010.54 57.26 0 28 3 17 
15:16:13 27.21 0.00000000 0.00000000 -99.00 -99.00 0.00 524.00 523.00 524.00 528.00 23.83 1010.58 57.31 0 28 3 17 
15:16:13 27.42 0.00000000 0.00000000 -99.00 -99.00 0.00 523.00 524.00 524.00 528.00 23.83 1010.52 57.38 0 28 3 17 
15:16:14 27.62 0.00000000 0.00000000 -99.00 -99.00 0.00 524.00 524.00 524.00 528.00 23.83 1010.53 57.39 0 28 3 17 
15:16:14 27.82 0.00000000 0.00000000 -99.00 -99.00 0.00 524.00 520.00 524.00 528.00 23.84 1010.56 57.37 0 28 3 17 
15:16:14 28.02 0.00000000 0.00000000 -99.00 -99.00 0.00 524.00 524.00 525.00 528.00 23.84 1010.59 57.33 0 28 3 17 
15:16:14 28.22 0.00000000 0.00000000 -99.00 -99.00 0.00 524.00 523.00 525.00 529.00 23.83 1010.50 57.31 0 28 3 17 
15:16:14 28.42 0.00000000 0.00000000 -99.00 -99.00 0.00 523.00 524.00 524.00 528.00 23.83 1010.54 57.25 0 28 3 17 
15:16:15 28.62 0.00000000 0.00000000 -99.00 -99.00 0.00 524.00 524.00 525.00 528.00 23.83 1010.56 57.23 0 28 3 17 
15:16:15 28.82 0.00000000 0.00000000 -99.00 -99.00 0.00 524.00 524.00 524.00 528.00 23.83 1010.59 57.21 0 28 3 17 
15:16:15 29.03 0.00000000 0.00000000 -99.00 -99.00 0.00 524.00 523.00 524.00 529.00 23.82 1010.58 57.16 0 28 3 17 
15:16:15 29.23 0.00000000 0.00000000 -99.00 -99.00 0.00 523.00 524.00 525.00 529.00 23.82 1010.56 57.18 0 28 3 17 
15:16:15 29.43 0.00000000 0.00000000 -99.00 -99.00 0.00 524.00 524.00 524.00 529.00 23.82 1010.58 57.17 0 28 3 17 
15:16:16 29.63 0.00000000 0.00000000 -99.00 -99.00 0.00 521.00 524.00 525.00 528.00 23.82 1010.60 57.16 0 28 3 17 
15:16:16 29.83 0.00000000 0.00000000 -99.00 -99.00 0.00 524.00 524.00 525.00 528.00 23.82 1010.58 57.14 0 28 3 17 
15:16:16 30.03 0.00000000 0.00000000 -99.00 -99.00 0.00 523.00 523.00 524.00 529.00 23.82 1010.57 57.17 0 28 3 17 
15:16:16 30.23 0.00000000 0.00000000 -99.00 -99.00 0.00 524.00 524.00 524.00 529.00 23.82 1010.58 57.18 0 28 3 17 
15:16:16 30.43 0.00000000 0.00000000 -99.00 -99.00 0.00 525.00 523.00 524.00 528.00 23.83 1010.55 57.18 0 28 3 17 
15:16:17 30.63 0.00000000 0.00000000 -99.00 -99.00 0.00 523.00 524.00 524.00 529.00 23.82 1010.57 57.25 0 28 3 17 
15:16:17 30.84 0.00000000 0.00000000 -99.00 -99.00 0.00 523.00 524.00 524.00 528.00 23.83 1010.57 57.31 0 28 3 17 
15:16:17 31.04 0.00000000 0.00000000 -99.00 -99.00 0.00 523.00 524.00 525.00 528.00 23.82 1010.56 57.30 0 28 3 17 
15:16:17 31.24 0.00000000 0.00000000 -99.00 -99.00 0.00 523.00 524.00 525.00 528.00 23.82 1010.57 57.29 0 28 3 17 
15:16:18 31.44 0.00000000 0.00000000 -99.00 -99.00 0.00 523.00 524.00 524.00 528.00 23.81 1010.53 57.25 0 28 3 17 
15:16:18 31.64 0.00000000 0.00000000 -99.00 -99.00 0.00 523.00 524.00 525.00 528.00 23.81 1010.54 57.24 0 28 3 17 
15:16:18 31.84 0.00000000 0.00000000 -99.00 -99.00 0.00 523.00 524.00 525.00 528.00 23.81 1010.58 57.22 0 28 3 17 
15:16:18 32.04 0.00000000 0.00000000 -99.00 -99.00 0.00 523.00 524.00 525.00 528.00 23.82 1010.57 57.20 0 28 3 17 
15:16:18 32.24 0.00000000 0.00000000 -99.00 -99.00 0.00 523.00 524.00 525.00 528.00 23.81 1010.56 57.17 0 28 3 17 
15:16:19 32.45 0.00000000 0.00000000 -99.00 -99.00 0.00 524.00 524.00 525.00 528.00 23.81 1010.57 57.15 0 28 3 17 
15:16:19 32.65 0.00000000 0.00000000 -99.00 -99.00 0.00 524.00 523.00 525.00 528.00 23.81 1010.55 57.14 0 28 3 17 
15:16:19 32.85 0.00000000 0.00000000 -99.00 -99.00 0.00 523.00 525.00 525.00 528.00 23.82 1010.57 57.12 0 28 3 17 
15:16:19 33.05 0.00000000 0.00000000 -99.00 -99.00 0.00 524.00 524.00 524.00 529.00 23.81 1010.58 57.12 0 28 3 17 
15:16:19 33.25 0.00000000 0.00000000 -99.00 -99.00 0.00 523.00 524.00 524.00 528.00 23.81 1010.59 57.12 0 28 3 17 
15:16:19 33.45 0.00000000 0.00000000 -99.00 -99.00 0.00 524.00 524.00 524.00 528.00 23.81 1010.54 57.11 0 28 3 17 
15:16:20 33.65 0.00000000 0.00000000 -99.00 -99.00 0.00 523.00 523.00 524.00 528.00 23.81 1010.58 57.11 0 28 3 17 
15:16:20 33.85 0.00000000 0.00000000 -99.00 -99.00 0.00 524.00 524.00 524.00 528.00 23.81 1010.56 57.11 0 28 3 17 
15:16:20 34.06 0.00000000 0.00000000 -99.00 -99.00 0.00 523.00 524.00 525.00 528.00 23.81 1010.57 57.11 0 28 3 17 
15:16:20 34.26 0.00000000 0.00000000 -99.00 -99.00 0.00 523.00 523.00 525.00 528.00 23.81 1010.55 57.11 0 28 3 17 
15:16:20 34.46 0.00000000 0.00000000 -99.00 -99.00 0.00 524.00 524.00 525.00 528.00 23.81 1010.57 57.11 0 28 3 17 
15:16:21 34.66 0.00000000 0.00000000 -99.00 -99.00 0.00 523.00 524.00 525.00 528.00 23.81 1010.57 57.12 0 28 3 17 
15:16:21 34.86 0.00000000 0.00000000 -99.00 -99.00 0.00 523.00 523.00 524.00 528.00 23.81 1010.57 57.13 0 28 3 17 
15:16:21 35.06 0.00000000 0.00000000 -99.00 -99.00 0.00 524.00 524.00 524.00 528.00 23.80 1010.56 57.15 0 28 3 17 
15:16:21 35.26 0.00000000 0.00000000 -99.00 -99.00 0.00 523.00 523.00 525.00 529.00 23.81 1010.58 57.19 0 28 3 17 
15:16:22 35.46 0.00000000 0.00000000 -99.00 -99.00 0.00 524.00 523.00 525.00 528.00 23.80 1010.52 57.19 0 28 3 17 
15:16:22 35.67 0.00000000 0.00000000 -99.00 -99.00 0.00 524.00 524.00 525.00 528.00 23.80 1010.57 57.18 0 28 3 17 
15:16:22 35.87 0.00000000 0.00000000 -99.00 -99.00 0.00 523.00 523.00 525.00 525.00 23.80 1010.58 57.21 0 28 3 17 
15:16:22 36.07 0.00000000 0.00000000 -99.00 -99.00 0.00 524.00 523.00 525.00 528.00 23.81 1010.55 57.22 0 28 3 17 
15:16:22 36.27 0.00000000 0.00000000 -99.00 -99.00 0.00 524.00 524.00 525.00 528.00 23.80 1010.55 57.23 0 28 3 17 
15:16:23 36.47 0.00000000 0.00000000 -99.00 -99.00 0.00 524.00 524.00 525.00 528.00 23.80 1010.50 57.25 0 28 3 17 
15:16:23 36.67 0.00000000 0.00000000 -99.00 -99.00 0.00 524.00 524.00 524.00 528.00 23.80 1010.54 57.26 0 28 3 17 
15:16:23 36.87 0.00000000 0.00000000 -99.00 -99.00 0.00 523.00 524.00 524.00 528.00 23.80 1010.49 57.27 0 28 3 17 
15:16:23 37.07 0.00000000 0.00000000 -99.00 -99.00 0.00 523.00 524.00 525.00 528.00 23.80 1010.54 57.29 0 28 3 17 
15:16:23 37.27 0.00000000 0.00000000 -99.00 -99.00 0.00 523.00 523.00 525.00 528.00 23.80 1010.53 57.33 0 28 3 17 
15:16:24 37.48 0.00000000 0.00000000 -99.00 -99.00 0.00 523.00 524.00 525.00 528.00 23.80 1010.54 57.32 0 28 3 17 
15:16:24 37.68 0.00000000 0.00000000 -99.00 -99.00 0.00 523.00 521.00 524.00 528.00 23.81 1010.57 57.33 0 28 3 17 
15:16:24 37.88 0.00000000 0.00000000 -99.00 -99.00 0.00 523.00 523.00 525.00 528.00 23.81 1010.54 57.33 0 28 3 17 
15:16:24 38.08 0.00000000 0.00000000 -99.00 -99.00 0.00 523.00 524.00 524.00 529.00 23.80 1010.52 57.34 0 28 3 17 
15:16:24 38.28 0.00000000 0.00000000 -99.00 -99.00 0.00 524.00 523.00 525.00 529.00 23.80 1010.52 57.34 0 28 3 17 
15:16:25 38.48 0.00000000 0.00000000 -99.00 -99.00 0.00 523.00 524.00 524.00 528.00 23.80 1010.52 57.34 0 28 3 17 
15:16:25 38.68 0.00000000 0.00000000 -99.00 -99.00 0.00 524.00 524.00 524.00 528.00 23.80 1010.55 57.34 0 28 3 17 
15:16:25 38.88 0.00000000 0.00000000 -99.00 -99.00 0.00 523.00 523.00 525.00 529.00 23.80 1010.55 57.35 0 28 3 17 
15:16:25 39.08 0.00000000 0.00000000 -99.00 -99.00 0.00 523.00 523.00 524.00 528.00 23.80 1010.56 57.35 0 28 3 17 
15:16:25 39.29 0.00000000 0.00000000 -99.00 -99.00 0.00 523.00 523.00 525.00 528.00 23.80 1010.54 57.36 0 28 3 17 
15:16:26 39.49 0.00000000 0.00000000 -99.00 -99.00 0.00 522.00 524.00 524.00 528.00 23.80 1010.53 57.35 0 28 3 17 
15:16:26 39.69 0.00000000 0.00000000 -99.00 -99.00 0.00 524.00 523.00 524.00 528.00 23.80 1010.55 57.35 0 28 3 17 
15:16:26 39.89 0.00000000 0.00000000 -99.00 -99.00 0.00 524.00 524.00 524.00 528.00 23.80 1010.54 57.34 0 28 3 17 
15:16:26 40.09 0.00000000 0.00000000 -99.00 -99.00 0.00 524.00 523.00 524.00 529.00 23.80 1010.51 57.33 0 28 3 17 
15:16:26 40.29 0.00000000 0.00000000 -99.00 -99.00 0.00 524.00 524.00 524.00 528.00 23.80 1010.60 57.31 0 28 3 17 
15:16:27 40.49 0.00000000 0.00000000 -99.00 -99.00 0.00 524.00 524.00 525.00 529.00 23.80 1010.50 57.30 0 28 3 17 
15:16:27 40.69 0.00000000 0.00000000 -99.00 -99.00 0.00 524.00 523.00 524.00 528.00 23.80 1010.55 57.30 0 28 3 17 
15:16:27 40.89 0.00000000 0.00000000 -99.00 -99.00 0.00 524.00 523.00 524.00 528.00 23.80 1010.55 57.30 0 28 3 17 
15:16:27 41.10 0.00000000 0.00000000 -99.00 -99.00 0.00 523.00 524.00 525.00 529.00 23.79 1010.54 57.37 0 28 3 17 
15:16:27 41.30 0.00000000 0.00000000 -99.00 -99.00 0.00 524.00 524.00 524.00 528.00 23.79 1010.54 57.45 0 28 3 17 
15:16:28 41.50 0.00000000 0.00000000 -99.00 -99.00 0.00 523.00 524.00 524.00 529.00 23.79 1010.54 57.50 0 28 3 17 
15:16:28 41.70 0.00000000 0.00000000 -99.00 -99.00 0.00 523.00 524.00 525.00 528.00 23.79 1010.52 57.54 0 28 3 17 
15:16:28 41.90 0.00000000 0.00000000 -99.00 -99.00 0.00 523.00 523.00 524.00 529.00 23.79 1010.52 57.54 0 28 3 17 
15:16:28 42.10 0.00000000 0.00000000 -99.00 -99.00 0.00 524.00 524.00 525.00 528.00 23.79 1010.51 57.53 0 28 3 17 
15:16:28 42.30 0.00000000 0.00000000 -99.00 -99.00 0.00 523.00 524.00 525.00 528.00 23.78 1010.53 57.50 0 28 3 17 
15:16:29 42.50 0.00000000 0.00000000 -99.00 -99.00 0.00 523.00 524.00 524.00 528.00 23.78 1010.56 57.47 0 28 3 17 
15:16:29 42.70 0.00000000 0.00000000 -99.00 -99.00 0.00 524.00 524.00 525.00 528.00 23.78 1010.50 57.45 0 28 3 17 
15:16:29 42.90 0.00000000 0.00000000 -99.00 -99.00 0.00 523.00 524.00 525.00 528.00 23.78 1010.55 57.42 0 28 3 17 
15:16:29 43.11 0.00000000 0.00000000 -99.00 -99.00 0.00 524.00 524.00 524.00 528.00 23.78 1010.56 57.41 0 28 3 17 
15:16:29 43.31 0.00000000 0.00000000 -99.00 -99.00 0.00 523.00 524.00 525.00 528.00 23.78 1010.52 57.38 0 28 3 17 
15:16:30 43.51 0.00000000 0.00000000 -99.00 -99.00 0.00 523.00 524.00 525.00 528.00 23.78 1010.55 57.38 0 28 3 17 
15:16:30 43.71 0.00000000 0.00000000 -99.00 -99.00 0.00 523.00 524.00 524.00 528.00 23.78 1010.52 57.38 0 28 3 17 
15:16:30 43.91 0.00000000 0.00000000 -99.00 -99.00 0.00 524.00 523.00 525.00 528.00 23.78 1010.55 57.39 0 28 3 17 
15:16:30 44.11 0.00000000 0.00000000 -99.00 -99.00 0.00 523.00 524.00 525.00 528.00 23.78 1010.49 57.41 0 28 3 17 
