0:0:0 0.34 0.00000000 0.00000000 0.00 0.00 0.00 533.00 529.00 532.00 503.00 0 0 0 
18:59:46 0.54 0.00000000 0.00000000 0.00 0.00 0.00 533.00 529.00 533.00 503.00 0 0 0 
18:59:46 0.74 0.00000000 0.00000000 0.00 0.00 0.00 532.00 529.00 533.00 503.00 0 0 0 
18:59:46 0.94 0.00000000 0.00000000 0.00 0.00 0.00 532.00 528.00 533.00 503.00 0 0 0 
18:59:46 1.14 0.00000000 0.00000000 0.00 0.00 0.00 533.00 529.00 533.00 503.00 0 0 0 
18:59:46 1.34 0.00000000 0.00000000 0.00 0.00 0.00 533.00 529.00 533.00 503.00 0 0 0 
18:59:47 1.54 0.00000000 0.00000000 0.00 0.00 0.00 532.00 529.00 532.00 503.00 1 3 17 
18:59:47 1.74 0.00000000 0.00000000 0.00 0.00 0.00 533.00 529.00 533.00 503.00 1 3 17 
18:59:47 1.95 0.00000000 0.00000000 0.00 0.00 0.00 532.00 529.00 532.00 503.00 1 3 17 
18:59:47 2.15 0.00000000 0.00000000 0.00 0.00 0.00 533.00 529.00 532.00 503.00 1 3 17 
18:59:47 2.35 0.00000000 0.00000000 0.00 0.00 0.00 532.00 529.00 533.00 503.00 1 3 17 
18:59:48 2.55 0.00000000 0.00000000 0.00 0.00 0.00 532.00 529.00 533.00 503.00 1 3 17 
18:59:48 2.75 0.00000000 0.00000000 0.00 0.00 0.00 533.00 529.00 533.00 503.00 1 3 17 
18:59:48 2.95 0.00000000 0.00000000 0.00 0.00 0.00 532.00 529.00 533.00 503.00 1 3 17 
18:59:48 3.15 0.00000000 0.00000000 0.00 0.00 0.00 532.00 529.00 533.00 503.00 1 3 17 
18:59:48 3.35 0.00000000 0.00000000 0.00 0.00 0.00 533.00 529.00 532.00 503.00 1 3 17 
18:59:49 3.55 0.00000000 0.00000000 0.00 0.00 0.00 533.00 529.00 533.00 503.00 1 3 17 
18:59:49 3.76 0.00000000 0.00000000 0.00 0.00 0.00 533.00 529.00 533.00 502.00 1 3 17 
18:59:49 3.96 0.00000000 0.00000000 0.00 0.00 0.00 533.00 529.00 533.00 503.00 1 3 17 
18:59:49 4.16 0.00000000 0.00000000 0.00 0.00 0.00 533.00 529.00 533.00 503.00 1 3 17 
18:59:49 4.36 0.00000000 0.00000000 0.00 0.00 0.00 533.00 529.00 533.00 503.00 1 3 17 
18:59:49 4.56 0.00000000 0.00000000 0.00 0.00 0.00 533.00 529.00 533.00 503.00 1 3 17 
18:59:49 4.76 0.00000000 0.00000000 0.00 0.00 0.00 533.00 529.00 533.00 503.00 1 3 17 
18:59:49 4.96 0.00000000 0.00000000 0.00 0.00 0.00 533.00 528.00 532.00 503.00 1 3 17 
18:59:49 5.16 0.00000000 0.00000000 0.00 0.00 0.00 533.00 529.00 533.00 503.00 1 3 17 
18:59:49 5.36 0.00000000 0.00000000 0.00 0.00 0.00 532.00 529.00 533.00 503.00 1 3 17 
18:59:49 5.56 0.00000000 0.00000000 0.00 0.00 0.00 533.00 529.00 533.00 503.00 1 3 17 
18:59:49 5.76 0.00000000 0.00000000 0.00 0.00 0.00 533.00 529.00 533.00 503.00 1 3 17 
18:59:49 5.96 0.00000000 0.00000000 0.00 0.00 0.00 532.00 529.00 532.00 503.00 1 3 17 
18:59:49 6.16 0.00000000 0.00000000 0.00 0.00 0.00 532.00 529.00 533.00 503.00 1 3 17 
18:59:49 6.36 0.00000000 0.00000000 0.00 0.00 0.00 532.00 529.00 533.00 503.00 1 3 17 
18:59:49 6.56 0.00000000 0.00000000 0.00 0.00 0.00 533.00 529.00 533.00 503.00 1 3 17 
18:59:49 6.76 0.00000000 0.00000000 0.00 0.00 0.00 533.00 529.00 532.00 503.00 1 3 17 
18:59:49 6.97 0.00000000 0.00000000 0.00 0.00 0.00 533.00 529.00 533.00 503.00 1 3 17 
18:59:49 7.17 0.00000000 0.00000000 0.00 0.00 0.00 533.00 529.00 533.00 503.00 1 3 17 
18:59:49 7.37 0.00000000 0.00000000 0.00 0.00 0.00 533.00 529.00 533.00 503.00 1 3 17 
18:59:49 7.57 0.00000000 0.00000000 0.00 0.00 0.00 533.00 529.00 533.00 503.00 1 3 17 
18:59:49 7.77 0.00000000 0.00000000 0.00 0.00 0.00 533.00 529.00 533.00 503.00 1 3 17 
18:59:49 7.97 0.00000000 0.00000000 0.00 0.00 0.00 533.00 529.00 533.00 503.00 1 3 17 
18:59:49 8.17 0.00000000 0.00000000 0.00 0.00 0.00 534.00 530.00 534.00 504.00 1 3 17 
18:59:49 8.37 0.00000000 0.00000000 0.00 0.00 0.00 534.00 531.00 534.00 504.00 1 3 17 
18:59:49 8.57 0.00000000 0.00000000 0.00 0.00 0.00 534.00 530.00 534.00 504.00 1 3 17 
18:59:49 8.77 0.00000000 0.00000000 0.00 0.00 0.00 534.00 531.00 534.00 505.00 1 3 17 
18:59:49 8.98 0.00000000 0.00000000 0.00 0.00 0.00 534.00 530.00 534.00 504.00 1 3 17 
18:59:49 9.18 0.00000000 0.00000000 0.00 0.00 0.00 534.00 530.00 534.00 504.00 1 3 17 
18:59:49 9.38 0.00000000 0.00000000 0.00 0.00 0.00 534.00 531.00 534.00 504.00 1 3 17 
18:59:54 9.58 0.00000000 0.00000000 0.00 0.00 0.00 534.00 531.00 534.00 504.00 1 3 17 
18:59:54 9.78 0.00000000 0.00000000 0.00 0.00 0.00 534.00 530.00 534.00 504.00 1 3 17 
18:59:54 9.98 0.00000000 0.00000000 0.00 0.00 0.00 534.00 531.00 534.00 505.00 1 3 17 
18:59:54 10.18 0.00000000 0.00000000 0.00 0.00 0.00 534.00 530.00 534.00 504.00 1 3 17 
18:59:54 10.38 0.00000000 0.00000000 0.00 0.00 0.00 534.00 530.00 534.00 504.00 1 3 17 
18:59:54 10.58 0.00000000 0.00000000 0.00 0.00 0.00 534.00 530.00 534.00 504.00 1 3 17 
18:59:54 10.78 0.00000000 0.00000000 0.00 0.00 0.00 534.00 530.00 534.00 505.00 1 3 17 
18:59:54 10.98 0.00000000 0.00000000 0.00 0.00 0.00 534.00 530.00 534.00 505.00 1 3 17 
18:59:54 11.19 0.00000000 0.00000000 0.00 0.00 0.00 534.00 530.00 534.00 505.00 1 3 17 
18:59:54 11.39 0.00000000 0.00000000 0.00 0.00 0.00 534.00 531.00 534.00 505.00 1 3 17 
18:59:57 11.59 0.00000000 0.00000000 0.00 0.00 0.00 535.00 530.00 534.00 505.00 1 3 17 
18:59:57 11.79 0.00000000 0.00000000 0.00 0.00 0.00 534.00 531.00 535.00 505.00 1 3 17 
18:59:57 11.99 0.00000000 0.00000000 0.00 0.00 0.00 535.00 531.00 535.00 505.00 1 3 17 
18:59:57 12.19 0.00000000 0.00000000 0.00 0.00 0.00 535.00 532.00 535.00 506.00 1 3 17 
18:59:57 12.39 0.00000000 0.00000000 0.00 0.00 0.00 535.00 531.00 535.00 506.00 1 3 17 
18:59:58 12.59 0.00000000 0.00000000 0.00 0.00 0.00 534.00 530.00 534.00 505.00 1 3 17 
18:59:58 12.79 0.00000000 0.00000000 0.00 0.00 0.00 534.00 530.00 534.00 505.00 1 3 17 
18:59:58 12.99 0.00000000 0.00000000 0.00 0.00 0.00 533.00 529.00 533.00 504.00 1 3 17 
18:59:58 13.19 0.00000000 0.00000000 0.00 0.00 0.00 530.00 526.00 531.00 502.00 1 3 17 
18:59:58 13.40 0.00000000 0.00000000 0.00 0.00 0.00 533.00 529.00 533.00 504.00 1 3 17 
18:59:59 13.60 0.00000000 0.00000000 0.00 0.00 0.00 533.00 529.00 533.00 503.00 1 3 17 
18:59:59 13.80 0.00000000 0.00000000 0.00 0.00 0.00 532.00 528.00 532.00 502.00 1 3 17 
18:59:59 14.00 0.00000000 0.00000000 0.00 0.00 0.00 532.00 528.00 532.00 502.00 1 3 17 
18:59:59 14.20 0.00000000 0.00000000 0.00 0.00 0.00 530.00 526.00 530.00 499.00 1 3 17 
18:59:59 14.40 0.00000000 0.00000000 0.00 0.00 0.00 528.00 525.00 528.00 498.00 1 3 17 
19:0:0 14.60 0.00000000 0.00000000 0.00 0.00 0.00 528.00 524.00 528.00 497.00 1 3 17 
19:0:0 14.80 0.00000000 0.00000000 0.00 0.00 0.00 528.00 524.00 528.00 496.00 1 3 17 
19:0:0 15.00 0.00000000 0.00000000 0.00 0.00 0.00 528.00 524.00 528.00 497.00 1 3 17 
19:0:0 15.20 0.00000000 0.00000000 0.00 0.00 0.00 528.00 524.00 528.00 497.00 1 3 17 
19:0:1 15.41 0.00000000 0.00000000 0.00 0.00 0.00 528.00 525.00 528.00 497.00 1 3 17 
19:0:1 15.61 0.00000000 0.00000000 0.00 0.00 0.00 528.00 525.00 528.00 497.00 1 3 17 
19:0:1 15.81 0.00000000 0.00000000 0.00 0.00 0.00 528.00 525.00 528.00 497.00 1 3 17 
19:0:1 16.01 0.00000000 0.00000000 0.00 0.00 0.00 529.00 526.00 530.00 498.00 1 3 17 
19:0:1 16.21 0.00000000 0.00000000 0.00 0.00 0.00 529.00 525.00 529.00 498.00 1 3 17 
19:0:2 16.41 0.00000000 0.00000000 0.00 0.00 0.00 529.00 525.00 529.00 498.00 1 3 17 
19:0:2 16.61 0.00000000 0.00000000 0.00 0.00 0.00 528.00 525.00 529.00 498.00 1 3 17 
19:0:2 16.81 0.00000000 0.00000000 0.00 0.00 0.00 529.00 525.00 529.00 498.00 1 3 17 
19:0:2 17.01 0.00000000 0.00000000 0.00 0.00 0.00 529.00 525.00 529.00 498.00 1 3 17 
19:0:2 17.21 0.00000000 0.00000000 0.00 0.00 0.00 529.00 525.00 529.00 498.00 1 3 17 
19:0:3 17.42 0.00000000 0.00000000 0.00 0.00 0.00 529.00 525.00 529.00 498.00 1 3 17 
19:0:3 17.62 0.00000000 0.00000000 0.00 0.00 0.00 529.00 525.00 529.00 498.00 1 3 17 
19:0:3 17.82 0.00000000 0.00000000 0.00 0.00 0.00 529.00 525.00 529.00 498.00 1 3 17 
19:0:3 18.02 0.00000000 0.00000000 0.00 0.00 0.00 528.00 525.00 528.00 498.00 1 3 17 
19:0:3 18.22 0.00000000 0.00000000 0.00 0.00 0.00 531.00 527.00 531.00 500.00 1 3 17 
19:0:4 18.42 0.00000000 0.00000000 0.00 0.00 0.00 527.00 524.00 528.00 497.00 1 3 17 
19:0:4 18.62 0.00000000 0.00000000 0.00 0.00 0.00 527.00 524.00 527.00 496.00 1 3 17 
19:0:4 18.82 0.00000000 0.00000000 0.00 0.00 0.00 527.00 523.00 527.00 496.00 1 3 17 
19:0:4 19.03 0.00000000 0.00000000 0.00 0.00 0.00 527.00 523.00 527.00 496.00 1 3 17 
19:0:4 19.23 0.00000000 0.00000000 0.00 0.00 0.00 527.00 523.00 527.00 496.00 1 3 17 
19:0:5 19.43 0.00000000 0.00000000 0.00 0.00 0.00 527.00 523.00 527.00 496.00 1 3 17 
19:0:5 19.63 0.00000000 0.00000000 0.00 0.00 0.00 527.00 523.00 527.00 496.00 1 3 17 
19:0:5 19.83 0.00000000 0.00000000 0.00 0.00 0.00 527.00 523.00 527.00 496.00 1 3 17 
19:0:5 20.03 0.00000000 0.00000000 0.00 0.00 0.00 527.00 523.00 527.00 496.00 1 3 17 
19:0:5 20.23 0.00000000 0.00000000 0.00 0.00 0.00 527.00 523.00 527.00 496.00 1 3 17 
19:0:6 20.43 0.00000000 0.00000000 0.00 0.00 0.00 527.00 523.00 526.00 497.00 1 3 17 
19:0:6 20.63 0.00000000 0.00000000 0.00 0.00 0.00 527.00 523.00 526.00 496.00 1 3 17 
19:0:6 20.84 0.00000000 0.00000000 0.00 0.00 0.00 527.00 524.00 527.00 496.00 1 3 17 
19:0:6 21.04 0.00000000 0.00000000 0.00 0.00 0.00 527.00 523.00 527.00 496.00 1 3 17 
19:0:6 21.24 0.00000000 0.00000000 0.00 0.00 0.00 527.00 524.00 527.00 497.00 1 3 17 
19:0:7 21.44 0.00000000 0.00000000 0.00 0.00 0.00 527.00 523.00 527.00 497.00 1 3 17 
19:0:7 21.64 0.00000000 0.00000000 0.00 0.00 0.00 527.00 523.00 527.00 496.00 1 3 17 
19:0:7 21.84 0.00000000 0.00000000 0.00 0.00 0.00 526.00 522.00 526.00 495.00 1 3 17 
19:0:7 22.04 0.00000000 0.00000000 0.00 0.00 0.00 528.00 524.00 528.00 495.00 1 3 17 
19:0:7 22.24 0.00000000 0.00000000 0.00 0.00 0.00 530.00 526.00 529.00 497.00 1 3 17 
19:0:7 22.45 0.00000000 0.00000000 0.00 0.00 0.00 531.00 527.00 529.00 498.00 1 3 17 
19:0:8 22.65 0.00000000 0.00000000 0.00 0.00 0.00 530.00 526.00 530.00 502.00 1 3 17 
19:0:8 22.85 0.00000000 0.00000000 0.00 0.00 0.00 530.00 527.00 529.00 501.00 1 3 17 
19:0:8 23.05 0.00000000 0.00000000 0.00 0.00 0.00 530.00 527.00 530.00 498.00 1 3 17 
19:0:8 23.25 0.00000000 0.00000000 0.00 0.00 0.00 530.00 527.00 530.00 499.00 1 3 17 
19:0:9 23.45 0.00000000 0.00000000 0.00 0.00 0.00 530.00 527.00 530.00 498.00 1 3 17 
19:0:9 23.65 0.00000000 0.00000000 0.00 0.00 0.00 530.00 527.00 530.00 498.00 1 3 17 
19:0:9 23.85 0.00000000 0.00000000 0.00 0.00 0.00 530.00 527.00 530.00 498.00 1 3 17 
19:0:9 24.05 0.00000000 0.00000000 0.00 0.00 0.00 530.00 527.00 530.00 498.00 1 3 17 
19:0:9 24.26 0.00000000 0.00000000 0.00 0.00 0.00 531.00 527.00 530.00 498.00 1 3 17 
19:0:10 24.46 0.00000000 0.00000000 0.00 0.00 0.00 531.00 527.00 530.00 498.00 1 3 17 
19:0:10 24.66 0.00000000 0.00000000 0.00 0.00 0.00 531.00 528.00 531.00 499.00 1 3 17 
19:0:10 24.86 0.00000000 0.00000000 0.00 0.00 0.00 532.00 528.00 531.00 499.00 1 3 17 
19:0:10 25.06 0.00000000 0.00000000 0.00 0.00 0.00 531.00 528.00 531.00 499.00 1 3 17 
19:0:10 25.26 0.00000000 0.00000000 0.00 0.00 0.00 532.00 529.00 531.00 500.00 1 3 17 
19:0:11 25.46 0.00000000 0.00000000 0.00 0.00 0.00 532.00 529.00 531.00 499.00 1 3 17 
19:0:11 25.66 0.00000000 0.00000000 0.00 0.00 0.00 533.00 529.00 532.00 500.00 1 3 17 
19:0:11 25.86 0.00000000 0.00000000 0.00 0.00 0.00 532.00 528.00 531.00 496.00 1 3 17 
19:0:11 26.06 0.00000000 0.00000000 0.00 0.00 0.00 533.00 529.00 533.00 524.00 1 3 17 
19:0:11 26.27 0.00000000 0.00000000 0.00 0.00 0.00 533.00 530.00 533.00 525.00 1 3 17 
19:0:12 26.47 0.00000000 0.00000000 0.00 0.00 0.00 534.00 531.00 534.00 526.00 1 3 17 
19:0:12 26.67 0.00000000 0.00000000 0.00 0.00 0.00 539.00 535.00 538.00 530.00 1 3 17 
19:0:12 26.87 0.00000000 0.00000000 0.00 0.00 0.00 536.00 532.00 535.00 527.00 1 3 17 
19:0:12 27.07 0.00000000 0.00000000 0.00 0.00 0.00 532.00 528.00 531.00 523.00 1 3 17 
19:0:12 27.27 0.00000000 0.00000000 0.00 0.00 0.00 531.00 527.00 531.00 523.00 1 3 17 
19:0:13 27.47 0.00000000 0.00000000 0.00 0.00 0.00 532.00 529.00 532.00 523.00 1 3 17 
19:0:13 27.67 0.00000000 0.00000000 0.00 0.00 0.00 535.00 532.00 534.00 527.00 1 3 17 
19:0:13 27.87 0.00000000 0.00000000 0.00 0.00 0.00 540.00 536.00 539.00 531.00 1 3 17 
19:0:13 28.07 0.00000000 0.00000000 0.00 0.00 0.00 539.00 535.00 539.00 531.00 1 3 17 
19:0:13 28.28 0.00000000 0.00000000 0.00 0.00 0.00 539.00 535.00 538.00 530.00 1 3 17 
19:0:14 28.48 0.00000000 0.00000000 0.00 0.00 0.00 537.00 533.00 537.00 528.00 1 3 17 
19:0:14 28.68 0.00000000 0.00000000 0.00 0.00 0.00 538.00 533.00 537.00 529.00 1 3 17 
19:0:14 28.88 0.00000000 0.00000000 0.00 0.00 0.00 540.00 536.00 539.00 531.00 1 3 17 
19:0:14 29.08 0.00000000 0.00000000 0.00 0.00 0.00 540.00 537.00 540.00 532.00 1 3 17 
19:0:14 29.28 0.00000000 0.00000000 0.00 0.00 0.00 540.00 536.00 539.00 531.00 1 3 17 
19:0:15 29.48 0.00000000 0.00000000 0.00 0.00 0.00 539.00 536.00 538.00 530.00 1 3 17 
19:0:15 29.68 0.00000000 0.00000000 0.00 0.00 0.00 542.00 538.00 541.00 533.00 1 3 17 
19:0:15 29.88 0.00000000 0.00000000 0.00 0.00 0.00 538.00 536.00 539.00 530.00 1 3 17 
19:0:15 30.09 0.00000000 0.00000000 0.00 0.00 0.00 538.00 535.00 538.00 530.00 1 3 17 
19:0:15 30.29 0.00000000 0.00000000 0.00 0.00 0.00 539.00 535.00 539.00 530.00 1 3 17 
19:0:16 30.49 0.00000000 0.00000000 0.00 0.00 0.00 542.00 538.00 541.00 532.00 1 3 17 
19:0:16 30.69 0.00000000 0.00000000 0.00 0.00 0.00 545.00 541.00 546.00 536.00 1 3 17 
19:0:16 30.89 0.00000000 0.00000000 0.00 0.00 0.00 543.00 540.00 542.00 532.00 1 3 17 
19:0:16 31.09 0.00000000 0.00000000 0.00 0.00 0.00 542.00 539.00 542.00 531.00 1 3 17 
19:0:16 31.29 0.00000000 0.00000000 0.00 0.00 0.00 532.00 528.00 532.00 520.00 1 3 17 
19:0:17 31.49 0.00000000 0.00000000 0.00 0.00 0.00 549.00 548.00 548.00 536.00 1 3 17 
19:0:17 31.69 0.00000000 0.00000000 0.00 0.00 0.00 532.00 533.00 531.00 520.00 1 3 17 
19:0:17 31.90 0.00000000 0.00000000 0.00 0.00 0.00 534.00 534.00 533.00 522.00 1 3 17 
19:0:17 32.10 0.00000000 0.00000000 0.00 0.00 0.00 535.00 535.00 535.00 523.00 1 3 17 
19:0:17 32.30 0.00000000 0.00000000 0.00 0.00 0.00 537.00 537.00 537.00 523.00 1 3 17 
19:0:18 32.50 0.00000000 0.00000000 0.00 0.00 0.00 538.00 536.00 537.00 525.00 1 3 17 
19:0:18 32.70 0.00000000 0.00000000 0.00 0.00 0.00 538.00 535.00 537.00 525.00 1 3 17 
19:0:18 32.90 0.00000000 0.00000000 0.00 0.00 0.00 538.00 535.00 537.00 524.00 1 3 17 
19:0:18 33.10 0.00000000 0.00000000 0.00 0.00 0.00 538.00 534.00 537.00 525.00 1 3 17 
19:0:18 33.30 0.00000000 0.00000000 0.00 0.00 0.00 539.00 535.00 538.00 525.00 1 3 17 
19:0:19 33.51 0.00000000 0.00000000 0.00 0.00 0.00 540.00 536.00 539.00 526.00 1 3 17 
19:0:19 33.71 0.00000000 0.00000000 0.00 0.00 0.00 538.00 533.00 537.00 524.00 1 3 17 
19:0:19 33.91 0.00000000 0.00000000 0.00 0.00 0.00 538.00 531.00 537.00 523.00 1 3 17 
19:0:19 34.11 0.00000000 0.00000000 0.00 0.00 0.00 538.00 534.00 537.00 523.00 1 3 17 
19:0:19 34.31 0.00000000 0.00000000 0.00 0.00 0.00 538.00 534.00 538.00 524.00 1 3 17 
19:0:20 34.51 0.00000000 0.00000000 0.00 0.00 0.00 538.00 535.00 538.00 524.00 1 3 17 
19:0:20 34.71 0.00000000 0.00000000 0.00 0.00 0.00 538.00 534.00 537.00 523.00 1 3 17 
19:0:20 34.91 0.00000000 0.00000000 0.00 0.00 0.00 537.00 506.00 536.00 522.00 1 3 17 
19:0:20 35.12 0.00000000 0.00000000 0.00 0.00 0.00 538.00 494.00 537.00 522.00 1 3 17 
19:0:20 35.32 0.00000000 0.00000000 0.00 0.00 0.00 538.00 512.00 537.00 522.00 1 3 17 
19:0:21 35.52 0.00000000 0.00000000 0.00 0.00 0.00 538.00 534.00 537.00 522.00 1 3 17 
19:0:21 35.72 0.00000000 0.00000000 0.00 0.00 0.00 538.00 536.00 536.00 522.00 1 3 17 
19:0:21 35.92 0.00000000 0.00000000 0.00 0.00 0.00 538.00 529.00 529.00 521.00 1 3 17 
19:0:21 36.12 0.00000000 0.00000000 0.00 0.00 0.00 537.00 523.00 533.00 521.00 1 3 17 
19:0:21 36.32 0.00000000 0.00000000 0.00 0.00 0.00 538.00 515.00 532.00 522.00 1 3 17 
19:0:22 36.52 0.00000000 0.00000000 0.00 0.00 0.00 538.00 520.00 532.00 525.00 1 3 17 
19:0:22 36.72 0.00000000 0.00000000 0.00 0.00 0.00 538.00 520.00 532.00 524.00 1 3 17 
19:0:22 36.93 0.00000000 0.00000000 0.00 0.00 0.00 538.00 522.00 532.00 523.00 1 3 17 
19:0:22 37.13 0.00000000 0.00000000 0.00 0.00 0.00 538.00 523.00 532.00 522.00 1 3 17 
19:0:22 37.33 0.00000000 0.00000000 0.00 0.00 0.00 538.00 523.00 531.00 519.00 1 3 17 
19:0:23 37.53 0.00000000 0.00000000 0.00 0.00 0.00 538.00 524.00 531.00 522.00 1 3 17 
19:0:23 37.73 0.00000000 0.00000000 0.00 0.00 0.00 538.00 525.00 531.00 525.00 1 3 17 
19:0:23 37.93 0.00000000 0.00000000 0.00 0.00 0.00 539.00 527.00 533.00 513.00 1 3 17 
19:0:23 38.13 0.00000000 0.00000000 0.00 0.00 0.00 538.00 523.00 529.00 520.00 1 3 17 
19:0:23 38.33 0.00000000 0.00000000 0.00 0.00 0.00 538.00 525.00 532.00 524.00 1 3 17 
19:0:24 38.53 0.00000000 0.00000000 0.00 0.00 0.00 537.00 529.00 530.00 521.00 1 3 17 
19:0:24 38.74 0.00000000 0.00000000 0.00 0.00 0.00 536.00 531.00 530.00 521.00 1 3 17 
19:0:24 38.94 0.00000000 0.00000000 0.00 0.00 0.00 535.00 528.00 529.00 519.00 1 3 17 
19:0:24 39.14 0.00000000 0.00000000 0.00 0.00 0.00 537.00 523.00 531.00 521.00 1 3 17 
19:0:24 39.34 0.00000000 0.00000000 0.00 0.00 0.00 535.00 533.00 528.00 520.00 1 3 17 
19:0:25 39.54 0.00000000 0.00000000 0.00 0.00 0.00 536.00 514.00 529.00 520.00 1 3 17 
19:0:25 39.74 0.00000000 0.00000000 0.00 0.00 0.00 537.00 516.00 529.00 520.00 1 3 17 
19:0:25 39.94 0.00000000 0.00000000 0.00 0.00 0.00 556.00 535.00 549.00 540.00 1 3 17 
19:0:25 40.14 0.00000000 0.00000000 0.00 0.00 0.00 543.00 530.00 535.00 526.00 1 3 17 
19:0:25 40.34 0.00000000 0.00000000 0.00 0.00 0.00 547.00 547.00 541.00 537.00 1 3 17 
19:0:26 40.54 0.00000000 0.00000000 0.00 0.00 0.00 541.00 530.00 535.00 530.00 1 3 17 
19:0:26 40.75 0.00000000 0.00000000 0.00 0.00 0.00 547.00 526.00 540.00 534.00 1 3 17 
19:0:26 40.95 0.00000000 0.00000000 0.00 0.00 0.00 549.00 528.00 542.00 528.00 1 3 17 
19:0:26 41.15 0.00000000 0.00000000 0.00 0.00 0.00 545.00 534.00 538.00 529.00 1 3 17 
19:0:26 41.35 0.00000000 0.00000000 0.00 0.00 0.00 544.00 533.00 537.00 524.00 1 3 17 
19:0:27 41.55 0.00000000 0.00000000 0.00 0.00 0.00 542.00 538.00 535.00 524.00 1 3 17 
19:0:27 41.75 0.00000000 0.00000000 0.00 0.00 0.00 542.00 539.00 536.00 532.00 1 3 17 
19:0:27 41.95 0.00000000 0.00000000 0.00 0.00 0.00 548.00 544.00 541.00 534.00 1 3 17 
19:0:27 42.15 0.00000000 0.00000000 0.00 0.00 0.00 540.00 536.00 532.00 524.00 1 3 17 
19:0:27 42.36 0.00000000 0.00000000 0.00 0.00 0.00 541.00 537.00 532.00 520.00 1 3 17 
19:0:28 42.56 0.00000000 0.00000000 0.00 0.00 0.00 542.00 539.00 533.00 494.00 1 3 17 
19:0:28 42.76 0.00000000 0.00000000 0.00 0.00 0.00 537.00 534.00 521.00 501.00 1 3 17 
19:0:28 42.96 0.00000000 0.00000000 0.00 0.00 0.00 538.00 535.00 518.00 520.00 1 3 17 
19:0:28 43.16 0.00000000 0.00000000 0.00 0.00 0.00 537.00 533.00 522.00 520.00 1 3 17 
19:0:28 43.36 0.00000000 0.00000000 0.00 0.00 0.00 547.00 546.00 534.00 531.00 1 3 17 
19:0:29 43.56 0.00000000 0.00000000 0.00 0.00 0.00 537.00 534.00 522.00 520.00 1 3 17 
19:0:29 43.76 0.00000000 0.00000000 0.00 0.00 0.00 538.00 536.00 524.00 523.00 1 3 17 
19:0:29 43.97 0.00000000 0.00000000 0.00 0.00 0.00 543.00 539.00 529.00 525.00 1 3 17 
19:0:29 44.17 0.00000000 0.00000000 0.00 0.00 0.00 542.00 540.00 528.00 524.00 1 3 17 
19:0:29 44.37 0.00000000 0.00000000 0.00 0.00 0.00 543.00 542.00 529.00 526.00 1 3 17 
19:0:30 44.57 0.00000000 0.00000000 0.00 0.00 0.00 547.00 545.00 533.00 530.00 1 3 17 
19:0:30 44.77 0.00000000 0.00000000 0.00 0.00 0.00 544.00 542.00 530.00 527.00 1 3 17 
19:0:30 44.97 0.00000000 0.00000000 0.00 0.00 0.00 543.00 539.00 528.00 527.00 1 3 17 
19:0:30 45.17 0.00000000 0.00000000 0.00 0.00 0.00 553.00 549.00 539.00 537.00 1 3 17 
19:0:30 45.37 0.00000000 0.00000000 0.00 0.00 0.00 548.00 545.00 535.00 533.00 1 3 17 
19:0:30 45.58 0.00000000 0.00000000 0.00 0.00 0.00 549.00 545.00 535.00 533.00 1 3 17 
19:0:30 45.78 0.00000000 0.00000000 0.00 0.00 0.00 552.00 549.00 539.00 537.00 1 3 17 
19:0:30 45.98 0.00000000 0.00000000 0.00 0.00 0.00 547.00 543.00 533.00 530.00 1 3 17 
19:0:30 46.18 0.00000000 0.00000000 0.00 0.00 0.00 543.00 539.00 528.00 526.00 1 3 17 
19:0:30 46.38 0.00000000 0.00000000 0.00 0.00 0.00 540.00 536.00 526.00 523.00 1 3 17 
19:0:30 46.58 0.00000000 0.00000000 0.00 0.00 0.00 539.00 536.00 525.00 522.00 1 3 17 
19:0:30 46.78 0.00000000 0.00000000 0.00 0.00 0.00 539.00 536.00 525.00 524.00 1 3 17 
19:0:30 46.98 0.00000000 0.00000000 0.00 0.00 0.00 537.00 534.00 523.00 521.00 1 3 17 
19:0:30 47.18 0.00000000 0.00000000 0.00 0.00 0.00 537.00 534.00 523.00 521.00 1 3 17 
19:0:30 47.38 0.00000000 0.00000000 0.00 0.00 0.00 537.00 533.00 522.00 521.00 1 3 17 
19:0:30 47.59 0.00000000 0.00000000 0.00 0.00 0.00 538.00 534.00 523.00 520.00 1 3 17 
19:0:30 47.79 0.00000000 0.00000000 0.00 0.00 0.00 536.00 533.00 522.00 521.00 1 3 17 
19:0:30 47.99 0.00000000 0.00000000 0.00 0.00 0.00 536.00 532.00 522.00 520.00 1 3 17 
19:0:30 48.19 0.00000000 0.00000000 0.00 0.00 0.00 535.00 532.00 521.00 519.00 1 3 17 
19:0:30 48.39 0.00000000 0.00000000 0.00 0.00 0.00 535.00 531.00 520.00 519.00 1 3 17 
19:0:30 48.59 0.00000000 0.00000000 0.00 0.00 0.00 534.00 531.00 520.00 520.00 1 3 17 
19:0:30 48.79 0.00000000 0.00000000 0.00 0.00 0.00 534.00 531.00 519.00 520.00 1 3 17 
19:0:30 48.99 0.00000000 0.00000000 0.00 0.00 0.00 534.00 530.00 520.00 520.00 1 3 17 
19:0:30 49.20 0.00000000 0.00000000 0.00 0.00 0.00 533.00 530.00 519.00 520.00 1 3 17 
19:0:30 49.40 0.00000000 0.00000000 0.00 0.00 0.00 534.00 530.00 519.00 519.00 1 3 17 
19:0:30 49.60 0.00000000 0.00000000 0.00 0.00 0.00 533.00 530.00 519.00 519.00 1 3 17 
19:0:30 49.80 0.00000000 0.00000000 0.00 0.00 0.00 532.00 529.00 518.00 519.00 1 3 17 
19:0:30 50.00 0.00000000 0.00000000 0.00 0.00 0.00 532.00 527.00 517.00 518.00 1 3 17 
19:0:30 50.20 0.00000000 0.00000000 0.00 0.00 0.00 532.00 528.00 518.00 518.00 1 3 17 
19:0:30 50.40 0.00000000 0.00000000 0.00 0.00 0.00 531.00 528.00 517.00 518.00 1 3 17 
19:0:36 50.60 0.00000000 0.00000000 0.00 0.00 0.00 531.00 527.00 517.00 518.00 1 3 17 
19:0:36 50.81 0.00000000 0.00000000 0.00 0.00 0.00 530.00 527.00 516.00 517.00 1 3 17 
19:0:36 51.01 0.00000000 0.00000000 0.00 0.00 0.00 531.00 528.00 516.00 518.00 1 3 17 
19:0:36 51.21 0.00000000 0.00000000 0.00 0.00 0.00 532.00 528.00 517.00 518.00 1 3 17 
19:0:36 51.41 0.00000000 0.00000000 0.00 0.00 0.00 531.00 528.00 516.00 518.00 1 3 17 
19:0:37 51.61 0.00000000 0.00000000 0.00 0.00 0.00 531.00 528.00 516.00 518.00 1 3 17 
19:0:37 51.81 0.00000000 0.00000000 0.00 0.00 0.00 532.00 528.00 517.00 518.00 1 3 17 
19:0:37 52.01 0.00000000 0.00000000 0.00 0.00 0.00 530.00 527.00 516.00 517.00 1 3 17 
19:0:37 52.21 0.00000000 0.00000000 0.00 0.00 0.00 531.00 527.00 516.00 517.00 1 3 17 
19:0:38 52.42 0.00000000 0.00000000 0.00 0.00 0.00 532.00 528.00 517.00 518.00 1 3 17 
19:0:38 52.62 0.00000000 0.00000000 0.00 0.00 0.00 531.00 527.00 517.00 517.00 1 3 17 
19:0:38 52.82 0.00000000 0.00000000 0.00 0.00 0.00 532.00 528.00 517.00 518.00 1 3 17 
19:0:38 53.02 0.00000000 0.00000000 0.00 0.00 0.00 532.00 529.00 518.00 518.00 1 3 17 
19:0:38 53.22 0.00000000 0.00000000 0.00 0.00 0.00 533.00 529.00 518.00 518.00 1 3 17 
19:0:39 53.43 0.00000000 0.00000000 0.00 0.00 0.00 533.00 530.00 519.00 519.00 1 3 17 
19:0:39 53.63 0.00000000 0.00000000 0.00 0.00 0.00 533.00 530.00 519.00 520.00 1 3 17 
19:0:39 53.83 0.00000000 0.00000000 0.00 0.00 0.00 533.00 530.00 519.00 519.00 1 3 17 
19:0:39 54.03 0.00000000 0.00000000 0.00 0.00 0.00 533.00 529.00 518.00 518.00 1 3 17 
19:0:39 54.23 0.00000000 0.00000000 0.00 0.00 0.00 533.00 529.00 519.00 518.00 1 3 17 
19:0:40 54.43 0.00000000 0.00000000 0.00 0.00 0.00 533.00 530.00 519.00 519.00 1 3 17 
19:0:40 54.63 0.00000000 0.00000000 0.00 0.00 0.00 534.00 530.00 519.00 519.00 1 3 17 
19:0:40 54.83 0.00000000 0.00000000 0.00 0.00 0.00 534.00 530.00 520.00 519.00 1 3 17 
19:0:40 55.03 0.00000000 0.00000000 0.00 0.00 0.00 533.00 530.00 519.00 519.00 1 3 17 
19:0:40 55.24 0.00000000 0.00000000 0.00 0.00 0.00 533.00 529.00 519.00 519.00 1 3 17 
19:0:41 55.44 0.00000000 0.00000000 0.00 0.00 0.00 534.00 530.00 520.00 519.00 1 3 17 
19:0:41 55.64 0.00000000 0.00000000 0.00 0.00 0.00 534.00 531.00 520.00 520.00 1 3 17 
19:0:41 55.84 0.00000000 0.00000000 0.00 0.00 0.00 534.00 531.00 520.00 519.00 1 3 17 
19:0:41 56.04 0.00000000 0.00000000 0.00 0.00 0.00 528.00 530.00 520.00 517.00 1 3 17 
19:0:41 56.24 0.00000000 0.00000000 0.00 0.00 0.00 530.00 529.00 518.00 518.00 1 3 17 
19:0:42 56.44 0.00000000 0.00000000 0.00 0.00 0.00 516.00 529.00 519.00 518.00 1 3 17 
19:0:42 56.64 0.00000000 0.00000000 0.00 0.00 0.00 527.00 528.00 518.00 517.00 1 3 17 
19:0:42 56.85 0.00000000 0.00000000 0.00 0.00 0.00 531.00 528.00 517.00 517.00 1 3 17 
19:0:42 57.05 0.00000000 0.00000000 0.00 0.00 0.00 528.00 528.00 517.00 516.00 1 3 17 
19:0:42 57.25 0.00000000 0.00000000 0.00 0.00 0.00 532.00 527.00 517.00 516.00 1 3 17 
19:0:43 57.45 0.00000000 0.00000000 0.00 0.00 0.00 531.00 528.00 518.00 516.00 1 3 17 
19:0:43 57.65 0.00000000 0.00000000 0.00 0.00 0.00 525.00 528.00 518.00 516.00 1 3 17 
19:0:43 57.85 0.00000000 0.00000000 0.00 0.00 0.00 526.00 528.00 518.00 516.00 1 3 17 
19:0:43 58.05 0.00000000 0.00000000 0.00 0.00 0.00 531.00 528.00 518.00 517.00 1 3 17 
19:0:43 58.25 0.00000000 0.00000000 0.00 0.00 0.00 531.00 528.00 517.00 516.00 1 3 17 
19:0:44 58.46 0.00000000 0.00000000 0.00 0.00 0.00 530.00 527.00 517.00 516.00 1 3 17 
19:0:44 58.66 0.00000000 0.00000000 0.00 0.00 0.00 531.00 527.00 517.00 516.00 1 3 17 
19:0:44 58.86 0.00000000 0.00000000 0.00 0.00 0.00 531.00 528.00 517.00 516.00 1 3 17 
19:0:44 59.06 0.00000000 0.00000000 0.00 0.00 0.00 531.00 527.00 517.00 516.00 1 3 17 
19:0:44 59.26 0.00000000 0.00000000 0.00 0.00 0.00 531.00 527.00 517.00 516.00 1 3 17 
19:0:45 59.46 0.00000000 0.00000000 0.00 0.00 0.00 507.00 527.00 516.00 517.00 1 3 17 
19:0:45 59.66 0.00000000 0.00000000 0.00 0.00 0.00 526.00 527.00 517.00 516.00 1 3 17 
19:0:45 59.86 0.00000000 0.00000000 0.00 0.00 0.00 526.00 527.00 517.00 517.00 1 3 17 
19:0:45 60.06 0.00000000 0.00000000 0.00 0.00 0.00 524.00 527.00 517.00 517.00 1 3 17 
19:0:45 60.27 0.00000000 0.00000000 0.00 0.00 0.00 527.00 527.00 517.00 516.00 1 3 17 
19:0:46 60.47 0.00000000 0.00000000 0.00 0.00 0.00 503.00 527.00 517.00 516.00 1 3 17 
19:0:46 60.67 0.00000000 0.00000000 0.00 0.00 0.00 515.00 527.00 517.00 517.00 1 3 17 
19:0:46 60.87 0.00000000 0.00000000 0.00 0.00 0.00 513.00 527.00 517.00 517.00 1 3 17 
19:0:46 61.07 0.00000000 0.00000000 0.00 0.00 0.00 510.00 527.00 517.00 517.00 1 3 17 
19:0:46 61.27 0.00000000 0.00000000 0.00 0.00 0.00 508.00 527.00 518.00 517.00 1 3 17 
19:0:47 61.47 0.00000000 0.00000000 0.00 0.00 0.00 517.00 527.00 517.00 517.00 1 3 17 
19:0:47 61.67 0.00000000 0.00000000 0.00 0.00 0.00 519.00 527.00 516.00 517.00 1 3 17 
19:0:47 61.87 0.00000000 0.00000000 0.00 0.00 0.00 522.00 526.00 517.00 517.00 1 3 17 
19:0:47 62.08 0.00000000 0.00000000 0.00 0.00 0.00 522.00 526.00 517.00 518.00 1 3 17 
19:0:47 62.28 0.00000000 0.00000000 0.00 0.00 0.00 520.00 527.00 517.00 517.00 1 3 17 
19:0:48 62.48 0.00000000 0.00000000 0.00 0.00 0.00 519.00 527.00 516.00 518.00 1 3 17 
19:0:48 62.68 0.00000000 0.00000000 0.00 0.00 0.00 521.00 527.00 517.00 518.00 1 3 17 
19:0:48 62.88 0.00000000 0.00000000 0.00 0.00 0.00 520.00 527.00 517.00 518.00 1 3 17 
19:0:48 63.08 0.00000000 0.00000000 0.00 0.00 0.00 520.00 527.00 517.00 518.00 1 3 17 
19:0:48 63.28 0.00000000 0.00000000 0.00 0.00 0.00 518.00 526.00 517.00 519.00 1 3 17 
19:0:49 63.48 0.00000000 0.00000000 0.00 0.00 0.00 516.00 527.00 517.00 519.00 1 3 17 
19:0:49 63.68 0.00000000 0.00000000 0.00 0.00 0.00 518.00 526.00 517.00 519.00 1 3 17 
19:0:49 63.88 0.00000000 0.00000000 0.00 0.00 0.00 518.00 527.00 517.00 519.00 1 3 17 
19:0:49 64.09 0.00000000 0.00000000 0.00 0.00 0.00 518.00 527.00 517.00 519.00 1 3 17 
19:0:49 64.29 0.00000000 0.00000000 0.00 0.00 0.00 518.00 527.00 517.00 519.00 1 3 17 
19:0:50 64.49 0.00000000 0.00000000 0.00 0.00 0.00 517.00 527.00 517.00 519.00 1 3 17 
19:0:50 64.69 0.00000000 0.00000000 0.00 0.00 0.00 517.00 527.00 517.00 519.00 1 3 17 
19:0:50 64.89 0.00000000 0.00000000 0.00 0.00 0.00 512.00 527.00 517.00 519.00 1 3 17 
19:0:50 65.09 0.00000000 0.00000000 0.00 0.00 0.00 506.00 526.00 517.00 519.00 1 3 17 
19:0:50 65.29 0.00000000 0.00000000 0.00 0.00 0.00 513.00 527.00 518.00 518.00 1 3 17 
19:0:51 65.49 0.00000000 0.00000000 0.00 0.00 0.00 514.00 527.00 518.00 520.00 1 3 17 
19:0:51 65.69 0.00000000 0.00000000 0.00 0.00 0.00 514.00 527.00 517.00 521.00 1 3 17 
19:0:51 65.89 0.00000000 0.00000000 0.00 0.00 0.00 514.00 527.00 518.00 521.00 1 3 17 
19:0:51 66.09 0.00000000 0.00000000 0.00 0.00 0.00 514.00 527.00 517.00 521.00 1 3 17 
19:0:51 66.29 0.00000000 0.00000000 0.00 0.00 0.00 513.00 527.00 517.00 521.00 1 3 17 
19:0:52 66.49 0.00000000 0.00000000 0.00 0.00 0.00 510.00 527.00 518.00 522.00 1 3 17 
19:0:52 66.69 0.00000000 0.00000000 0.00 0.00 0.00 511.00 527.00 517.00 522.00 1 3 17 
19:0:52 66.90 0.00000000 0.00000000 0.00 0.00 0.00 512.00 527.00 518.00 522.00 1 3 17 
19:0:52 67.10 0.00000000 0.00000000 0.00 0.00 0.00 507.00 527.00 518.00 522.00 1 3 17 
19:0:52 67.30 0.00000000 0.00000000 0.00 0.00 0.00 505.00 527.00 518.00 521.00 1 3 17 
19:0:53 67.50 0.00000000 0.00000000 0.00 0.00 0.00 508.00 527.00 518.00 521.00 1 3 17 
19:0:53 67.70 0.00000000 0.00000000 0.00 0.00 0.00 506.00 527.00 518.00 522.00 1 3 17 
19:0:53 67.90 0.00000000 0.00000000 0.00 0.00 0.00 505.00 527.00 518.00 523.00 1 3 17 
19:0:53 68.10 0.00000000 0.00000000 0.00 0.00 0.00 507.00 528.00 519.00 523.00 1 3 17 
19:0:53 68.30 0.00000000 0.00000000 0.00 0.00 0.00 506.00 530.00 519.00 523.00 1 3 17 
19:0:54 68.50 0.00000000 0.00000000 0.00 0.00 0.00 508.00 529.00 519.00 523.00 1 3 17 
19:0:54 68.70 0.00000000 0.00000000 0.00 0.00 0.00 508.00 525.00 519.00 524.00 1 3 17 
19:0:54 68.90 0.00000000 0.00000000 0.00 0.00 0.00 507.00 521.00 519.00 523.00 1 3 17 
19:0:54 69.10 0.00000000 0.00000000 0.00 0.00 0.00 508.00 527.00 519.00 524.00 1 3 17 
19:0:54 69.30 0.00000000 0.00000000 0.00 0.00 0.00 508.00 528.00 519.00 524.00 1 3 17 
19:0:55 69.50 0.00000000 0.00000000 0.00 0.00 0.00 509.00 529.00 519.00 525.00 1 3 17 
19:0:55 69.70 0.00000000 0.00000000 0.00 0.00 0.00 508.00 527.00 521.00 525.00 1 3 17 
19:0:55 69.91 0.00000000 0.00000000 0.00 0.00 0.00 508.00 527.00 523.00 525.00 1 3 17 
19:0:55 70.11 0.00000000 0.00000000 0.00 0.00 0.00 508.00 527.00 518.00 526.00 1 3 17 
19:0:55 70.31 0.00000000 0.00000000 0.00 0.00 0.00 509.00 527.00 517.00 527.00 1 3 17 
19:0:56 70.51 0.00000000 0.00000000 0.00 0.00 0.00 510.00 513.00 515.00 529.00 1 3 17 
19:0:56 70.71 0.00000000 0.00000000 0.00 0.00 0.00 511.00 529.00 517.00 531.00 1 3 17 
19:0:56 70.91 0.00000000 0.00000000 0.00 0.00 0.00 533.00 550.00 539.00 549.00 1 3 17 
19:0:56 71.11 0.00000000 0.00000000 0.00 0.00 0.00 524.00 541.00 529.00 537.00 1 3 17 
19:0:56 71.31 0.00000000 0.00000000 0.00 0.00 0.00 530.00 548.00 534.00 539.00 1 3 17 
19:0:57 71.51 0.00000000 0.00000000 0.00 0.00 0.00 517.00 535.00 523.00 517.00 1 3 17 
19:0:57 71.71 0.00000000 0.00000000 0.00 0.00 0.00 521.00 539.00 526.00 535.00 1 3 17 
19:0:57 71.91 0.00000000 0.00000000 0.00 0.00 0.00 531.00 547.00 535.00 544.00 1 3 17 
19:0:57 72.11 0.00000000 0.00000000 0.00 0.00 0.00 524.00 541.00 528.00 539.00 1 3 17 
19:0:57 72.31 0.00000000 0.00000000 0.00 0.00 0.00 527.00 544.00 531.00 542.00 1 3 17 
19:0:58 72.51 0.00000000 0.00000000 0.00 0.00 0.00 526.00 543.00 531.00 542.00 1 3 17 
19:0:58 72.71 0.00000000 0.00000000 0.00 0.00 0.00 527.00 544.00 532.00 544.00 1 3 17 
19:0:58 72.91 0.00000000 0.00000000 0.00 0.00 0.00 520.00 537.00 525.00 536.00 1 3 17 
19:0:58 73.12 0.00000000 0.00000000 0.00 0.00 0.00 516.00 533.00 520.00 531.00 1 3 17 
19:0:58 73.32 0.00000000 0.00000000 0.00 0.00 0.00 513.00 531.00 518.00 529.00 1 3 17 
19:0:59 73.52 0.00000000 0.00000000 0.00 0.00 0.00 515.00 533.00 520.00 531.00 1 3 17 
19:0:59 73.72 0.00000000 0.00000000 0.00 0.00 0.00 516.00 534.00 521.00 532.00 1 3 17 
19:0:59 73.92 0.00000000 0.00000000 0.00 0.00 0.00 518.00 535.00 523.00 533.00 1 3 17 
19:0:59 74.12 0.00000000 0.00000000 0.00 0.00 0.00 519.00 536.00 523.00 533.00 1 3 17 
19:0:59 74.32 0.00000000 0.00000000 0.00 0.00 0.00 522.00 538.00 526.00 536.00 1 3 17 
19:1:0 74.52 0.00000000 0.00000000 0.00 0.00 0.00 524.00 540.00 528.00 538.00 1 3 17 
19:1:0 74.72 0.00000000 0.00000000 0.00 0.00 0.00 525.00 541.00 529.00 539.00 1 3 17 
19:1:0 74.92 0.00000000 0.00000000 0.00 0.00 0.00 525.00 541.00 530.00 538.00 1 3 17 
19:1:0 75.12 0.00000000 0.00000000 0.00 0.00 0.00 525.00 541.00 530.00 538.00 1 3 17 
19:1:0 75.32 0.00000000 0.00000000 0.00 0.00 0.00 523.00 539.00 528.00 535.00 1 3 17 
19:1:1 75.52 0.00000000 0.00000000 0.00 0.00 0.00 522.00 537.00 526.00 533.00 1 3 17 
19:1:1 75.72 0.00000000 0.00000000 0.00 0.00 0.00 521.00 537.00 526.00 533.00 1 3 17 
19:1:1 75.93 0.00000000 0.00000000 0.00 0.00 0.00 521.00 537.00 526.00 532.00 1 3 17 
19:1:1 76.13 0.00000000 0.00000000 0.00 0.00 0.00 524.00 540.00 528.00 534.00 1 3 17 
19:1:1 76.33 0.00000000 0.00000000 0.00 0.00 0.00 524.00 539.00 528.00 535.00 1 3 17 
19:1:2 76.53 0.00000000 0.00000000 0.00 0.00 0.00 527.00 542.00 532.00 538.00 1 3 17 
19:1:2 76.73 0.00000000 0.00000000 0.00 0.00 0.00 529.00 544.00 533.00 540.00 1 3 17 
19:1:2 76.93 0.00000000 0.00000000 0.00 0.00 0.00 530.00 545.00 534.00 541.00 1 3 17 
19:1:2 77.13 0.00000000 0.00000000 0.00 0.00 0.00 530.00 544.00 534.00 540.00 1 3 17 
19:1:2 77.33 0.00000000 0.00000000 0.00 0.00 0.00 528.00 543.00 532.00 538.00 1 3 17 
19:1:3 77.53 0.00000000 0.00000000 0.00 0.00 0.00 529.00 543.00 533.00 539.00 1 3 17 
19:1:3 77.73 0.00000000 0.00000000 0.00 0.00 0.00 532.00 545.00 535.00 541.00 1 3 17 
19:1:3 77.93 0.00000000 0.00000000 0.00 0.00 0.00 532.00 546.00 536.00 541.00 1 3 17 
19:1:3 78.13 0.00000000 0.00000000 0.00 0.00 0.00 531.00 545.00 535.00 540.00 1 3 17 
19:1:3 78.33 0.00000000 0.00000000 0.00 0.00 0.00 529.00 544.00 533.00 539.00 1 3 17 
19:1:4 78.53 0.00000000 0.00000000 0.00 0.00 0.00 527.00 541.00 531.00 536.00 1 3 17 
19:1:4 78.73 0.00000000 0.00000000 0.00 0.00 0.00 528.00 542.00 532.00 537.00 1 3 17 
19:1:4 78.93 0.00000000 0.00000000 0.00 0.00 0.00 533.00 546.00 536.00 541.00 1 3 17 
19:1:4 79.13 0.00000000 0.00000000 0.00 0.00 0.00 535.00 548.00 538.00 543.00 1 3 17 
19:1:4 79.34 0.00000000 0.00000000 0.00 0.00 0.00 533.00 546.00 536.00 541.00 1 3 17 
19:1:5 79.54 0.00000000 0.00000000 0.00 0.00 0.00 532.00 545.00 536.00 541.00 1 3 17 
19:1:5 79.74 0.00000000 0.00000000 0.00 0.00 0.00 534.00 547.00 537.00 542.00 1 3 17 
19:1:5 79.94 0.00000000 0.00000000 0.00 0.00 0.00 534.00 547.00 538.00 543.00 1 3 17 
19:1:5 80.14 0.00000000 0.00000000 0.00 0.00 0.00 534.00 547.00 537.00 543.00 1 3 17 
19:1:5 80.34 0.00000000 0.00000000 0.00 0.00 0.00 535.00 547.00 538.00 543.00 1 3 17 
19:1:6 80.54 0.00000000 0.00000000 0.00 0.00 0.00 534.00 546.00 537.00 542.00 1 3 17 
19:1:6 80.74 0.00000000 0.00000000 0.00 0.00 0.00 533.00 545.00 536.00 542.00 1 3 17 
19:1:6 80.94 0.00000000 0.00000000 0.00 0.00 0.00 532.00 545.00 535.00 541.00 1 3 17 
19:1:6 81.14 0.00000000 0.00000000 0.00 0.00 0.00 532.00 544.00 535.00 540.00 1 3 17 
19:1:6 81.34 0.00000000 0.00000000 0.00 0.00 0.00 531.00 543.00 534.00 539.00 1 3 17 
19:1:7 81.54 0.00000000 0.00000000 0.00 0.00 0.00 530.00 543.00 533.00 538.00 1 3 17 
19:1:7 81.74 0.00000000 0.00000000 0.00 0.00 0.00 531.00 543.00 533.00 539.00 1 3 17 
19:1:7 81.94 0.00000000 0.00000000 0.00 0.00 0.00 530.00 542.00 533.00 538.00 1 3 17 
19:1:7 82.15 0.00000000 0.00000000 0.00 0.00 0.00 528.00 541.00 531.00 536.00 1 3 17 
19:1:7 82.35 0.00000000 0.00000000 0.00 0.00 0.00 530.00 542.00 533.00 538.00 1 3 17 
19:1:8 82.55 0.00000000 0.00000000 0.00 0.00 0.00 530.00 543.00 533.00 538.00 1 3 17 
19:1:8 82.75 0.00000000 0.00000000 0.00 0.00 0.00 530.00 542.00 533.00 538.00 1 3 17 
19:1:8 82.95 0.00000000 0.00000000 0.00 0.00 0.00 529.00 541.00 532.00 537.00 1 3 17 
19:1:8 83.15 0.00000000 0.00000000 0.00 0.00 0.00 528.00 540.00 531.00 536.00 1 3 17 
19:1:8 83.35 0.00000000 0.00000000 0.00 0.00 0.00 528.00 540.00 531.00 536.00 1 3 17 
19:1:9 83.55 0.00000000 0.00000000 0.00 0.00 0.00 529.00 541.00 532.00 537.00 1 3 17 
19:1:9 83.75 0.00000000 0.00000000 0.00 0.00 0.00 530.00 542.00 532.00 537.00 1 3 17 
19:1:9 83.95 0.00000000 0.00000000 0.00 0.00 0.00 530.00 542.00 533.00 538.00 1 3 17 
19:1:9 84.15 0.00000000 0.00000000 0.00 0.00 0.00 530.00 542.00 533.00 538.00 1 3 17 
19:1:9 84.35 0.00000000 0.00000000 0.00 0.00 0.00 530.00 542.00 533.00 538.00 1 3 17 
19:1:10 84.55 0.00000000 0.00000000 0.00 0.00 0.00 531.00 543.00 534.00 539.00 1 3 17 
19:1:10 84.75 0.00000000 0.00000000 0.00 0.00 0.00 533.00 545.00 536.00 540.00 1 3 17 
19:1:10 84.95 0.00000000 0.00000000 0.00 0.00 0.00 534.00 545.00 536.00 541.00 1 3 17 
19:1:10 85.16 0.00000000 0.00000000 0.00 0.00 0.00 534.00 545.00 536.00 541.00 1 3 17 
19:1:10 85.36 0.00000000 0.00000000 0.00 0.00 0.00 535.00 546.00 537.00 542.00 1 3 17 
19:1:11 85.56 0.00000000 0.00000000 0.00 0.00 0.00 536.00 547.00 538.00 543.00 1 3 17 
19:1:11 85.76 0.00000000 0.00000000 0.00 0.00 0.00 536.00 547.00 539.00 543.00 1 3 17 
19:1:11 85.96 0.00000000 0.00000000 0.00 0.00 0.00 536.00 547.00 538.00 543.00 1 3 17 
19:1:11 86.16 0.00000000 0.00000000 0.00 0.00 0.00 536.00 547.00 538.00 543.00 1 3 17 
19:1:11 86.36 0.00000000 0.00000000 0.00 0.00 0.00 536.00 547.00 538.00 543.00 1 3 17 
19:1:12 86.56 0.00000000 0.00000000 0.00 0.00 0.00 536.00 547.00 538.00 543.00 1 3 17 
19:1:12 86.76 0.00000000 0.00000000 0.00 0.00 0.00 536.00 546.00 538.00 542.00 1 3 17 
19:1:12 86.96 0.00000000 0.00000000 0.00 0.00 0.00 536.00 547.00 538.00 543.00 1 3 17 
19:1:12 87.16 0.00000000 0.00000000 0.00 0.00 0.00 536.00 547.00 538.00 543.00 1 3 17 
19:1:12 87.36 0.00000000 0.00000000 0.00 0.00 0.00 536.00 546.00 538.00 543.00 1 3 17 
19:1:13 87.56 0.00000000 0.00000000 0.00 0.00 0.00 536.00 546.00 538.00 542.00 1 3 17 
19:1:13 87.76 0.00000000 0.00000000 0.00 0.00 0.00 535.00 546.00 538.00 542.00 1 3 17 
19:1:13 87.96 0.00000000 0.00000000 0.00 0.00 0.00 535.00 546.00 537.00 542.00 1 3 17 
19:1:13 88.16 0.00000000 0.00000000 0.00 0.00 0.00 534.00 545.00 537.00 541.00 1 3 17 
19:1:13 88.37 0.00000000 0.00000000 0.00 0.00 0.00 533.00 545.00 536.00 540.00 1 3 17 
19:1:14 88.57 0.00000000 0.00000000 0.00 0.00 0.00 533.00 544.00 536.00 540.00 1 3 17 
19:1:14 88.77 0.00000000 0.00000000 0.00 0.00 0.00 533.00 544.00 535.00 539.00 1 3 17 
19:1:14 88.97 0.00000000 0.00000000 0.00 0.00 0.00 533.00 543.00 535.00 539.00 1 3 17 
19:1:14 89.17 0.00000000 0.00000000 0.00 0.00 0.00 532.00 542.00 534.00 538.00 1 3 17 
19:1:14 89.37 0.00000000 0.00000000 0.00 0.00 0.00 532.00 542.00 533.00 538.00 1 3 17 
19:1:15 89.57 0.00000000 0.00000000 0.00 0.00 0.00 531.00 541.00 533.00 537.00 1 3 17 
19:1:15 89.77 0.00000000 0.00000000 0.00 0.00 0.00 531.00 541.00 533.00 537.00 1 3 17 
19:1:15 89.97 0.00000000 0.00000000 0.00 0.00 0.00 531.00 541.00 533.00 537.00 1 3 17 
19:1:15 90.17 0.00000000 0.00000000 0.00 0.00 0.00 531.00 541.00 533.00 536.00 1 3 17 
19:1:15 90.37 0.00000000 0.00000000 0.00 0.00 0.00 531.00 541.00 532.00 535.00 1 3 17 
19:1:16 90.57 0.00000000 0.00000000 0.00 0.00 0.00 530.00 541.00 532.00 536.00 1 3 17 
19:1:16 90.77 0.00000000 0.00000000 0.00 0.00 0.00 530.00 540.00 532.00 535.00 1 3 17 
19:1:16 90.97 0.00000000 0.00000000 0.00 0.00 0.00 529.00 540.00 531.00 534.00 1 3 17 
19:1:16 91.18 0.00000000 0.00000000 0.00 0.00 0.00 529.00 539.00 531.00 534.00 1 3 17 
19:1:16 91.38 0.00000000 0.00000000 0.00 0.00 0.00 528.00 539.00 530.00 534.00 1 3 17 
19:1:16 91.58 0.00000000 0.00000000 0.00 0.00 0.00 529.00 539.00 530.00 534.00 1 3 17 
19:1:16 91.78 0.00000000 0.00000000 0.00 0.00 0.00 528.00 538.00 530.00 534.00 1 3 17 
19:1:16 91.98 0.00000000 0.00000000 0.00 0.00 0.00 528.00 538.00 530.00 533.00 1 3 17 
19:1:16 92.18 0.00000000 0.00000000 0.00 0.00 0.00 528.00 538.00 530.00 533.00 1 3 17 
19:1:16 92.38 0.00000000 0.00000000 0.00 0.00 0.00 528.00 538.00 530.00 533.00 1 3 17 
19:1:16 92.58 0.00000000 0.00000000 0.00 0.00 0.00 528.00 538.00 530.00 533.00 1 3 17 
19:1:16 92.78 0.00000000 0.00000000 0.00 0.00 0.00 528.00 538.00 530.00 533.00 1 3 17 
19:1:16 92.98 0.00000000 0.00000000 0.00 0.00 0.00 528.00 538.00 530.00 534.00 1 3 17 
19:1:16 93.18 0.00000000 0.00000000 0.00 0.00 0.00 528.00 538.00 530.00 534.00 1 3 17 
19:1:16 93.38 0.00000000 0.00000000 0.00 0.00 0.00 528.00 538.00 530.00 534.00 1 3 17 
19:1:16 93.59 0.00000000 0.00000000 0.00 0.00 0.00 529.00 538.00 530.00 534.00 1 3 17 
19:1:16 93.79 0.00000000 0.00000000 0.00 0.00 0.00 528.00 538.00 529.00 534.00 1 3 17 
19:1:16 93.99 0.00000000 0.00000000 0.00 0.00 0.00 528.00 538.00 530.00 533.00 1 3 17 
19:1:16 94.19 0.00000000 0.00000000 0.00 0.00 0.00 527.00 538.00 530.00 533.00 1 3 17 
19:1:16 94.39 0.00000000 0.00000000 0.00 0.00 0.00 527.00 537.00 529.00 532.00 1 3 17 
19:1:16 94.59 0.00000000 0.00000000 0.00 0.00 0.00 527.00 537.00 529.00 532.00 1 3 17 
19:1:16 94.79 0.00000000 0.00000000 0.00 0.00 0.00 527.00 537.00 529.00 532.00 1 3 17 
19:1:16 94.99 0.00000000 0.00000000 0.00 0.00 0.00 527.00 537.00 529.00 531.00 1 3 17 
19:1:16 95.19 0.00000000 0.00000000 0.00 0.00 0.00 527.00 537.00 529.00 532.00 1 3 17 
19:1:16 95.40 0.00000000 0.00000000 0.00 0.00 0.00 527.00 537.00 528.00 532.00 1 3 17 
19:1:16 95.60 0.00000000 0.00000000 0.00 0.00 0.00 526.00 537.00 528.00 532.00 1 3 17 
19:1:16 95.80 0.00000000 0.00000000 0.00 0.00 0.00 527.00 537.00 528.00 532.00 1 3 17 
19:1:16 96.00 0.00000000 0.00000000 0.00 0.00 0.00 526.00 537.00 528.00 532.00 1 3 17 
19:1:16 96.20 0.00000000 0.00000000 0.00 0.00 0.00 526.00 537.00 528.00 531.00 1 3 17 
19:1:16 96.40 0.00000000 0.00000000 0.00 0.00 0.00 527.00 536.00 528.00 532.00 1 3 17 
19:1:16 96.60 0.00000000 0.00000000 0.00 0.00 0.00 526.00 537.00 528.00 531.00 1 3 17 
19:1:16 96.80 0.00000000 0.00000000 0.00 0.00 0.00 527.00 536.00 528.00 531.00 1 3 17 
19:1:16 97.00 0.00000000 0.00000000 0.00 0.00 0.00 527.00 537.00 528.00 531.00 1 3 17 
19:1:16 97.20 0.00000000 0.00000000 0.00 0.00 0.00 527.00 536.00 528.00 531.00 1 3 17 
19:1:16 97.40 0.00000000 0.00000000 0.00 0.00 0.00 525.00 536.00 528.00 531.00 1 3 17 
19:1:16 97.60 0.00000000 0.00000000 0.00 0.00 0.00 526.00 536.00 528.00 531.00 1 3 17 
19:1:16 97.80 0.00000000 0.00000000 0.00 0.00 0.00 526.00 536.00 527.00 530.00 1 3 17 
19:1:16 98.01 0.00000000 0.00000000 0.00 0.00 0.00 526.00 535.00 527.00 530.00 1 3 17 
19:1:16 98.21 0.00000000 0.00000000 0.00 0.00 0.00 525.00 535.00 527.00 530.00 1 3 17 
19:1:16 98.41 0.00000000 0.00000000 0.00 0.00 0.00 525.00 534.00 526.00 530.00 1 3 17 
19:1:16 98.61 0.00000000 0.00000000 0.00 0.00 0.00 525.00 534.00 526.00 529.00 1 3 17 
19:1:16 98.81 0.00000000 0.00000000 0.00 0.00 0.00 525.00 534.00 526.00 529.00 1 3 17 
19:1:16 99.01 0.00000000 0.00000000 0.00 0.00 0.00 524.00 534.00 525.00 529.00 1 3 17 
19:1:16 99.21 0.00000000 0.00000000 0.00 0.00 0.00 524.00 534.00 525.00 528.00 1 3 17 
19:1:16 99.41 0.00000000 0.00000000 0.00 0.00 0.00 524.00 533.00 525.00 528.00 1 3 17 
19:1:25 99.61 0.00000000 0.00000000 0.00 0.00 0.00 523.00 533.00 525.00 528.00 1 3 17 
19:1:25 99.81 0.00000000 0.00000000 0.00 0.00 0.00 524.00 533.00 525.00 528.00 1 3 17 
19:1:25 100.01 0.00000000 0.00000000 0.00 0.00 0.00 523.00 533.00 525.00 528.00 1 3 17 
19:1:25 100.21 0.00000000 0.00000000 0.00 0.00 0.00 523.00 533.00 525.00 527.00 1 3 17 
19:1:25 100.42 0.00000000 0.00000000 0.00 0.00 0.00 522.00 532.00 524.00 527.00 1 3 17 
19:1:26 100.62 0.00000000 0.00000000 0.00 0.00 0.00 523.00 532.00 524.00 527.00 1 3 17 
19:1:26 100.82 0.00000000 0.00000000 0.00 0.00 0.00 523.00 532.00 524.00 527.00 1 3 17 
19:1:26 101.02 0.00000000 0.00000000 0.00 0.00 0.00 522.00 532.00 524.00 527.00 1 3 17 
19:1:26 101.22 0.00000000 0.00000000 0.00 0.00 0.00 522.00 532.00 524.00 527.00 1 3 17 
19:1:26 101.42 0.00000000 0.00000000 0.00 0.00 0.00 522.00 531.00 524.00 527.00 1 3 17 
19:1:27 101.62 0.00000000 0.00000000 0.00 0.00 0.00 522.00 532.00 524.00 526.00 1 3 17 
19:1:27 101.82 0.00000000 0.00000000 0.00 0.00 0.00 522.00 532.00 524.00 526.00 1 3 17 
19:1:27 102.02 0.00000000 0.00000000 0.00 0.00 0.00 522.00 532.00 524.00 526.00 1 3 17 
19:1:27 102.22 0.00000000 0.00000000 0.00 0.00 0.00 522.00 532.00 524.00 526.00 1 3 17 
19:1:27 102.42 0.00000000 0.00000000 0.00 0.00 0.00 522.00 532.00 524.00 526.00 1 3 17 
19:1:28 102.62 0.00000000 0.00000000 0.00 0.00 0.00 523.00 532.00 524.00 526.00 1 3 17 
19:1:28 102.83 0.00000000 0.00000000 0.00 0.00 0.00 523.00 532.00 524.00 526.00 1 3 17 
19:1:28 103.03 0.00000000 0.00000000 0.00 0.00 0.00 523.00 532.00 524.00 526.00 1 3 17 
19:1:28 103.23 0.00000000 0.00000000 0.00 0.00 0.00 523.00 532.00 524.00 525.00 1 3 17 
19:1:29 103.43 0.00000000 0.00000000 0.00 0.00 0.00 523.00 532.00 524.00 526.00 1 3 17 
19:1:29 103.63 0.00000000 0.00000000 0.00 0.00 0.00 523.00 532.00 524.00 527.00 1 3 17 
19:1:29 103.83 0.00000000 0.00000000 0.00 0.00 0.00 523.00 532.00 524.00 527.00 1 3 17 
19:1:29 104.04 0.00000000 0.00000000 0.00 0.00 0.00 523.00 532.00 525.00 527.00 1 3 17 
19:1:29 104.24 0.00000000 0.00000000 0.00 0.00 0.00 523.00 532.00 525.00 527.00 1 3 17 
19:1:30 104.44 0.00000000 0.00000000 0.00 0.00 0.00 523.00 532.00 524.00 527.00 1 3 17 
19:1:30 104.64 0.00000000 0.00000000 0.00 0.00 0.00 523.00 532.00 525.00 527.00 1 3 17 
19:1:30 104.84 0.00000000 0.00000000 0.00 0.00 0.00 524.00 532.00 524.00 527.00 1 3 17 
19:1:30 105.04 0.00000000 0.00000000 0.00 0.00 0.00 524.00 533.00 525.00 527.00 1 3 17 
19:1:30 105.24 0.00000000 0.00000000 0.00 0.00 0.00 524.00 533.00 525.00 527.00 1 3 17 
19:1:31 105.44 0.00000000 0.00000000 0.00 0.00 0.00 524.00 532.00 525.00 527.00 1 3 17 
19:1:31 105.64 0.00000000 0.00000000 0.00 0.00 0.00 524.00 533.00 525.00 526.00 1 3 17 
19:1:31 105.84 0.00000000 0.00000000 0.00 0.00 0.00 523.00 532.00 524.00 527.00 1 3 17 
19:1:31 106.04 0.00000000 0.00000000 0.00 0.00 0.00 524.00 532.00 525.00 527.00 1 3 17 
19:1:31 106.24 0.00000000 0.00000000 0.00 0.00 0.00 524.00 532.00 525.00 526.00 1 3 17 
19:1:31 106.44 0.00000000 0.00000000 0.00 0.00 0.00 524.00 532.00 525.00 527.00 1 3 17 
19:1:32 106.64 0.00000000 0.00000000 0.00 0.00 0.00 524.00 532.00 525.00 527.00 1 3 17 
19:1:32 106.84 0.00000000 0.00000000 0.00 0.00 0.00 524.00 532.00 525.00 527.00 1 3 17 
19:1:32 107.04 0.00000000 0.00000000 0.00 0.00 0.00 524.00 532.00 525.00 527.00 1 3 17 
19:1:32 107.25 0.00000000 0.00000000 0.00 0.00 0.00 524.00 533.00 525.00 527.00 1 3 17 
19:1:32 107.45 0.00000000 0.00000000 0.00 0.00 0.00 524.00 533.00 525.00 527.00 1 3 17 
19:1:33 107.65 0.00000000 0.00000000 0.00 0.00 0.00 525.00 533.00 525.00 527.00 1 3 17 
19:1:33 107.85 0.00000000 0.00000000 0.00 0.00 0.00 526.00 534.00 526.00 528.00 1 3 17 
19:1:33 108.05 0.00000000 0.00000000 0.00 0.00 0.00 526.00 534.00 526.00 528.00 1 3 17 
19:1:33 108.25 0.00000000 0.00000000 0.00 0.00 0.00 526.00 534.00 527.00 528.00 1 3 17 
19:1:34 108.45 0.00000000 0.00000000 0.00 0.00 0.00 526.00 534.00 527.00 528.00 1 3 17 
19:1:34 108.65 0.00000000 0.00000000 0.00 0.00 0.00 526.00 534.00 527.00 529.00 1 3 17 
19:1:34 108.85 0.00000000 0.00000000 0.00 0.00 0.00 526.00 534.00 527.00 529.00 1 3 17 
19:1:34 109.05 0.00000000 0.00000000 0.00 0.00 0.00 526.00 534.00 527.00 529.00 1 3 17 
19:1:34 109.25 0.00000000 0.00000000 0.00 0.00 0.00 527.00 535.00 527.00 529.00 1 3 17 
19:1:35 109.45 0.00000000 0.00000000 0.00 0.00 0.00 527.00 535.00 528.00 529.00 1 3 17 
19:1:35 109.65 0.00000000 0.00000000 0.00 0.00 0.00 527.00 535.00 528.00 530.00 1 3 17 
19:1:35 109.86 0.00000000 0.00000000 0.00 0.00 0.00 527.00 535.00 528.00 530.00 1 3 17 
19:1:35 110.06 0.00000000 0.00000000 0.00 0.00 0.00 528.00 535.00 528.00 530.00 1 3 17 
19:1:35 110.26 0.00000000 0.00000000 0.00 0.00 0.00 528.00 535.00 528.00 530.00 1 3 17 
19:1:36 110.46 0.00000000 0.00000000 0.00 0.00 0.00 528.00 536.00 529.00 530.00 1 3 17 
19:1:36 110.66 0.00000000 0.00000000 0.00 0.00 0.00 528.00 536.00 529.00 530.00 1 3 17 
19:1:36 110.86 0.00000000 0.00000000 0.00 0.00 0.00 528.00 536.00 529.00 531.00 1 3 17 
19:1:36 111.06 0.00000000 0.00000000 0.00 0.00 0.00 528.00 536.00 529.00 531.00 1 3 17 
19:1:36 111.26 0.00000000 0.00000000 0.00 0.00 0.00 529.00 536.00 528.00 530.00 1 3 17 
19:1:37 111.46 0.00000000 0.00000000 0.00 0.00 0.00 528.00 536.00 528.00 530.00 1 3 17 
19:1:37 111.66 0.00000000 0.00000000 0.00 0.00 0.00 528.00 536.00 528.00 530.00 1 3 17 
19:1:37 111.86 0.00000000 0.00000000 0.00 0.00 0.00 528.00 536.00 529.00 530.00 1 3 17 
19:1:37 112.06 0.00000000 0.00000000 0.00 0.00 0.00 529.00 536.00 529.00 531.00 1 3 17 
19:1:37 112.26 0.00000000 0.00000000 0.00 0.00 0.00 529.00 537.00 529.00 530.00 1 3 17 
19:1:38 112.47 0.00000000 0.00000000 0.00 0.00 0.00 529.00 536.00 529.00 531.00 1 3 17 
19:1:38 112.67 0.00000000 0.00000000 0.00 0.00 0.00 529.00 536.00 529.00 531.00 1 3 17 
19:1:38 112.87 0.00000000 0.00000000 0.00 0.00 0.00 529.00 536.00 529.00 530.00 1 3 17 
19:1:38 113.07 0.00000000 0.00000000 0.00 0.00 0.00 529.00 537.00 529.00 531.00 1 3 17 
19:1:38 113.27 0.00000000 0.00000000 0.00 0.00 0.00 529.00 536.00 530.00 531.00 1 3 17 
19:1:39 113.47 0.00000000 0.00000000 0.00 0.00 0.00 530.00 536.00 529.00 531.00 1 3 17 
19:1:39 113.67 0.00000000 0.00000000 0.00 0.00 0.00 529.00 537.00 529.00 531.00 1 3 17 
19:1:39 113.87 0.00000000 0.00000000 0.00 0.00 0.00 530.00 536.00 529.00 531.00 1 3 17 
19:1:39 114.07 0.00000000 0.00000000 0.00 0.00 0.00 530.00 537.00 530.00 531.00 1 3 17 
19:1:39 114.27 0.00000000 0.00000000 0.00 0.00 0.00 530.00 537.00 530.00 531.00 1 3 17 
19:1:40 114.48 0.00000000 0.00000000 0.00 0.00 0.00 530.00 537.00 530.00 531.00 1 3 17 
19:1:40 114.68 0.00000000 0.00000000 0.00 0.00 0.00 530.00 537.00 530.00 531.00 1 3 17 
19:1:40 114.88 0.00000000 0.00000000 0.00 0.00 0.00 531.00 538.00 531.00 532.00 1 3 17 
19:1:40 115.08 0.00000000 0.00000000 0.00 0.00 0.00 531.00 538.00 531.00 532.00 1 3 17 
19:1:40 115.28 0.00000000 0.00000000 0.00 0.00 0.00 531.00 537.00 530.00 532.00 1 3 17 
19:1:41 115.48 0.00000000 0.00000000 0.00 0.00 0.00 530.00 537.00 530.00 531.00 1 3 17 
19:1:41 115.68 0.00000000 0.00000000 0.00 0.00 0.00 530.00 536.00 529.00 530.00 1 3 17 
19:1:41 115.88 0.00000000 0.00000000 0.00 0.00 0.00 529.00 536.00 529.00 529.00 1 3 17 
19:1:41 116.08 0.00000000 0.00000000 0.00 0.00 0.00 529.00 535.00 529.00 528.00 1 3 17 
19:1:41 116.28 0.00000000 0.00000000 0.00 0.00 0.00 530.00 536.00 529.00 530.00 1 3 17 
19:1:42 116.48 0.00000000 0.00000000 0.00 0.00 0.00 530.00 536.00 530.00 530.00 1 3 17 
19:1:42 116.68 0.00000000 0.00000000 0.00 0.00 0.00 530.00 536.00 529.00 530.00 1 3 17 
19:1:42 116.88 0.00000000 0.00000000 0.00 0.00 0.00 529.00 536.00 530.00 530.00 1 3 17 
19:1:42 117.08 0.00000000 0.00000000 0.00 0.00 0.00 530.00 536.00 529.00 530.00 1 3 17 
19:1:42 117.28 0.00000000 0.00000000 0.00 0.00 0.00 530.00 535.00 529.00 530.00 1 3 17 
19:1:43 117.48 0.00000000 0.00000000 0.00 0.00 0.00 530.00 536.00 529.00 530.00 1 3 17 
19:1:43 117.68 0.00000000 0.00000000 0.00 0.00 0.00 530.00 536.00 529.00 530.00 1 3 17 
19:1:43 117.88 0.00000000 0.00000000 0.00 0.00 0.00 530.00 536.00 530.00 530.00 1 3 17 
19:1:43 118.09 0.00000000 0.00000000 0.00 0.00 0.00 530.00 536.00 530.00 529.00 1 3 17 
19:1:43 118.29 0.00000000 0.00000000 0.00 0.00 0.00 529.00 536.00 529.00 530.00 1 3 17 
19:1:44 118.49 0.00000000 0.00000000 0.00 0.00 0.00 529.00 536.00 529.00 529.00 1 3 17 
19:1:44 118.69 0.00000000 0.00000000 0.00 0.00 0.00 529.00 536.00 529.00 529.00 1 3 17 
19:1:44 118.89 0.00000000 0.00000000 0.00 0.00 0.00 529.00 535.00 529.00 529.00 1 3 17 
19:1:44 119.09 0.00000000 0.00000000 0.00 0.00 0.00 528.00 535.00 528.00 529.00 1 3 17 
19:1:44 119.29 0.00000000 0.00000000 0.00 0.00 0.00 528.00 534.00 528.00 528.00 1 3 17 
19:1:45 119.49 0.00000000 0.00000000 0.00 0.00 0.00 527.00 534.00 527.00 528.00 1 3 17 
19:1:45 119.69 0.00000000 0.00000000 0.00 0.00 0.00 528.00 534.00 527.00 527.00 1 3 17 
19:1:45 119.89 0.00000000 0.00000000 0.00 0.00 0.00 527.00 533.00 527.00 527.00 1 3 17 
19:1:45 120.09 0.00000000 0.00000000 0.00 0.00 0.00 527.00 533.00 527.00 527.00 1 3 17 
19:1:45 120.29 0.00000000 0.00000000 0.00 0.00 0.00 527.00 533.00 526.00 527.00 1 3 17 
19:1:46 120.49 0.00000000 0.00000000 0.00 0.00 0.00 527.00 533.00 526.00 527.00 1 3 17 
19:1:46 120.69 0.00000000 0.00000000 0.00 0.00 0.00 527.00 533.00 526.00 527.00 1 3 17 
19:1:46 120.90 0.00000000 0.00000000 0.00 0.00 0.00 527.00 533.00 526.00 526.00 1 3 17 
19:1:46 121.10 0.00000000 0.00000000 0.00 0.00 0.00 526.00 533.00 526.00 527.00 1 3 17 
19:1:46 121.30 0.00000000 0.00000000 0.00 0.00 0.00 526.00 532.00 526.00 526.00 1 3 17 
19:1:47 121.50 0.00000000 0.00000000 0.00 0.00 0.00 526.00 533.00 526.00 526.00 1 3 17 
19:1:47 121.70 0.00000000 0.00000000 0.00 0.00 0.00 526.00 533.00 526.00 526.00 1 3 17 
19:1:47 121.90 0.00000000 0.00000000 0.00 0.00 0.00 526.00 533.00 526.00 526.00 1 3 17 
19:1:47 122.10 0.00000000 0.00000000 0.00 0.00 0.00 526.00 532.00 526.00 526.00 1 3 17 
19:1:47 122.30 0.00000000 0.00000000 0.00 0.00 0.00 526.00 532.00 525.00 525.00 1 3 17 
19:1:48 122.50 0.00000000 0.00000000 0.00 0.00 0.00 526.00 532.00 525.00 526.00 1 3 17 
19:1:48 122.70 0.00000000 0.00000000 0.00 0.00 0.00 526.00 532.00 526.00 525.00 1 3 17 
19:1:48 122.90 0.00000000 0.00000000 0.00 0.00 0.00 526.00 532.00 526.00 526.00 1 3 17 
19:1:48 123.10 0.00000000 0.00000000 0.00 0.00 0.00 526.00 532.00 525.00 525.00 1 3 17 
19:1:48 123.30 0.00000000 0.00000000 0.00 0.00 0.00 526.00 532.00 526.00 525.00 1 3 17 
19:1:49 123.50 0.00000000 0.00000000 0.00 0.00 0.00 526.00 532.00 526.00 525.00 1 3 17 
19:1:49 123.70 0.00000000 0.00000000 0.00 0.00 0.00 526.00 532.00 526.00 525.00 1 3 17 
19:1:49 123.91 0.00000000 0.00000000 0.00 0.00 0.00 526.00 532.00 526.00 525.00 1 3 17 
19:1:49 124.11 0.00000000 0.00000000 0.00 0.00 0.00 526.00 532.00 525.00 525.00 1 3 17 
19:1:49 124.31 0.00000000 0.00000000 0.00 0.00 0.00 526.00 532.00 526.00 525.00 1 3 17 
19:1:50 124.51 0.00000000 0.00000000 0.00 0.00 0.00 527.00 532.00 526.00 525.00 1 3 17 
19:1:50 124.71 0.00000000 0.00000000 0.00 0.00 0.00 526.00 532.00 526.00 525.00 1 3 17 
19:1:50 124.91 0.00000000 0.00000000 0.00 0.00 0.00 526.00 532.00 525.00 526.00 1 3 17 
19:1:50 125.11 0.00000000 0.00000000 0.00 0.00 0.00 527.00 532.00 526.00 526.00 1 3 17 
19:1:50 125.31 0.00000000 0.00000000 0.00 0.00 0.00 526.00 532.00 526.00 526.00 1 3 17 
19:1:51 125.51 0.00000000 0.00000000 0.00 0.00 0.00 526.00 532.00 526.00 526.00 1 3 17 
19:1:51 125.71 0.00000000 0.00000000 0.00 0.00 0.00 526.00 532.00 526.00 526.00 1 3 17 
19:1:51 125.91 0.00000000 0.00000000 0.00 0.00 0.00 527.00 532.00 526.00 526.00 1 3 17 
19:1:51 126.11 0.00000000 0.00000000 0.00 0.00 0.00 527.00 533.00 526.00 526.00 1 3 17 
19:1:51 126.31 0.00000000 0.00000000 0.00 0.00 0.00 528.00 533.00 526.00 526.00 1 3 17 
19:1:52 126.51 0.00000000 0.00000000 0.00 0.00 0.00 528.00 533.00 526.00 526.00 1 3 17 
19:1:52 126.71 0.00000000 0.00000000 0.00 0.00 0.00 528.00 533.00 526.00 525.00 1 3 17 
19:1:52 126.91 0.00000000 0.00000000 0.00 0.00 0.00 528.00 532.00 526.00 525.00 1 3 17 
19:1:52 127.12 0.00000000 0.00000000 0.00 0.00 0.00 529.00 532.00 526.00 526.00 1 3 17 
19:1:52 127.32 0.00000000 0.00000000 0.00 0.00 0.00 529.00 532.00 526.00 525.00 1 3 17 
19:1:53 127.52 0.00000000 0.00000000 0.00 0.00 0.00 530.00 532.00 526.00 525.00 1 3 17 
19:1:53 127.72 0.00000000 0.00000000 0.00 0.00 0.00 531.00 532.00 526.00 525.00 1 3 17 
19:1:53 127.92 0.00000000 0.00000000 0.00 0.00 0.00 532.00 532.00 525.00 525.00 1 3 17 
19:1:53 128.12 0.00000000 0.00000000 0.00 0.00 0.00 532.00 532.00 526.00 525.00 1 3 17 
19:1:53 128.32 0.00000000 0.00000000 0.00 0.00 0.00 534.00 532.00 525.00 525.00 1 3 17 
19:1:54 128.52 0.00000000 0.00000000 0.00 0.00 0.00 534.00 532.00 525.00 525.00 1 3 17 
19:1:54 128.72 0.00000000 0.00000000 0.00 0.00 0.00 534.00 531.00 525.00 525.00 1 3 17 
19:1:54 128.92 0.00000000 0.00000000 0.00 0.00 0.00 535.00 532.00 526.00 523.00 1 3 17 
19:1:54 129.12 0.00000000 0.00000000 0.00 0.00 0.00 535.00 532.00 526.00 524.00 1 3 17 
19:1:54 129.32 0.00000000 0.00000000 0.00 0.00 0.00 535.00 531.00 525.00 524.00 1 3 17 
19:1:55 129.52 0.00000000 0.00000000 0.00 0.00 0.00 535.00 531.00 525.00 524.00 1 3 17 
19:1:55 129.73 0.00000000 0.00000000 0.00 0.00 0.00 535.00 531.00 525.00 524.00 1 3 17 
19:1:55 129.93 0.00000000 0.00000000 0.00 0.00 0.00 535.00 531.00 525.00 524.00 1 3 17 
19:1:55 130.13 0.00000000 0.00000000 0.00 0.00 0.00 535.00 531.00 525.00 524.00 1 3 17 
19:1:55 130.33 0.00000000 0.00000000 0.00 0.00 0.00 535.00 532.00 525.00 524.00 1 3 17 
19:1:56 130.53 0.00000000 0.00000000 0.00 0.00 0.00 535.00 531.00 525.00 524.00 1 3 17 
19:1:56 130.73 0.00000000 0.00000000 0.00 0.00 0.00 535.00 531.00 525.00 524.00 1 3 17 
19:1:56 130.93 0.00000000 0.00000000 0.00 0.00 0.00 535.00 531.00 525.00 524.00 1 3 17 
19:1:56 131.13 0.00000000 0.00000000 0.00 0.00 0.00 535.00 531.00 525.00 524.00 1 3 17 
19:1:56 131.33 0.00000000 0.00000000 0.00 0.00 0.00 535.00 531.00 525.00 524.00 1 3 17 
19:1:57 131.53 0.00000000 0.00000000 0.00 0.00 0.00 535.00 531.00 525.00 523.00 1 3 17 
19:1:57 131.73 0.00000000 0.00000000 0.00 0.00 0.00 535.00 531.00 525.00 523.00 1 3 17 
19:1:57 131.93 0.00000000 0.00000000 0.00 0.00 0.00 535.00 531.00 525.00 524.00 1 3 17 
19:1:57 132.13 0.00000000 0.00000000 0.00 0.00 0.00 535.00 531.00 524.00 524.00 1 3 17 
19:1:57 132.33 0.00000000 0.00000000 0.00 0.00 0.00 534.00 530.00 524.00 523.00 1 3 17 
19:1:58 132.54 0.00000000 0.00000000 0.00 0.00 0.00 534.00 531.00 524.00 523.00 1 3 17 
19:1:58 132.74 0.00000000 0.00000000 0.00 0.00 0.00 534.00 530.00 524.00 523.00 1 3 17 
19:1:58 132.94 0.00000000 0.00000000 0.00 0.00 0.00 534.00 530.00 524.00 523.00 1 3 17 
19:1:58 133.14 0.00000000 0.00000000 0.00 0.00 0.00 534.00 530.00 524.00 523.00 1 3 17 
19:1:58 133.34 0.00000000 0.00000000 0.00 0.00 0.00 534.00 530.00 524.00 523.00 1 3 17 
19:1:59 133.54 0.00000000 0.00000000 0.00 0.00 0.00 534.00 530.00 524.00 523.00 1 3 17 
19:1:59 133.74 0.00000000 0.00000000 0.00 0.00 0.00 534.00 530.00 524.00 523.00 1 3 17 
19:1:59 133.94 0.00000000 0.00000000 0.00 0.00 0.00 534.00 530.00 524.00 523.00 1 3 17 
19:1:59 134.14 0.00000000 0.00000000 0.00 0.00 0.00 534.00 530.00 524.00 523.00 1 3 17 
19:1:59 134.34 0.00000000 0.00000000 0.00 0.00 0.00 534.00 530.00 524.00 523.00 1 3 17 
19:2:0 134.54 0.00000000 0.00000000 0.00 0.00 0.00 534.00 530.00 524.00 523.00 1 3 17 
19:2:0 134.74 0.00000000 0.00000000 0.00 0.00 0.00 534.00 530.00 524.00 523.00 1 3 17 
19:2:0 134.94 0.00000000 0.00000000 0.00 0.00 0.00 534.00 530.00 524.00 523.00 1 3 17 
19:2:0 135.14 0.00000000 0.00000000 0.00 0.00 0.00 534.00 530.00 524.00 523.00 1 3 17 
19:2:0 135.34 0.00000000 0.00000000 0.00 0.00 0.00 534.00 530.00 524.00 523.00 1 3 17 
19:2:1 135.54 0.00000000 0.00000000 0.00 0.00 0.00 534.00 530.00 524.00 523.00 1 3 17 
19:2:1 135.75 0.00000000 0.00000000 0.00 0.00 0.00 534.00 530.00 524.00 523.00 1 3 17 
19:2:1 135.95 0.00000000 0.00000000 0.00 0.00 0.00 534.00 530.00 524.00 522.00 1 3 17 
19:2:1 136.15 0.00000000 0.00000000 0.00 0.00 0.00 535.00 530.00 524.00 523.00 1 3 17 
19:2:1 136.35 0.00000000 0.00000000 0.00 0.00 0.00 534.00 530.00 524.00 523.00 1 3 17 
19:2:2 136.55 0.00000000 0.00000000 0.00 0.00 0.00 535.00 530.00 525.00 523.00 1 3 17 
19:2:2 136.75 0.00000000 0.00000000 0.00 0.00 0.00 535.00 530.00 525.00 523.00 1 3 17 
19:2:2 136.95 0.00000000 0.00000000 0.00 0.00 0.00 535.00 531.00 524.00 523.00 1 3 17 
19:2:2 137.15 0.00000000 0.00000000 0.00 0.00 0.00 535.00 531.00 524.00 523.00 1 3 17 
19:2:2 137.35 0.00000000 0.00000000 0.00 0.00 0.00 535.00 530.00 525.00 523.00 1 3 17 
19:2:3 137.55 0.00000000 0.00000000 0.00 0.00 0.00 535.00 531.00 525.00 523.00 1 3 17 
19:2:3 137.75 0.00000000 0.00000000 0.00 0.00 0.00 535.00 530.00 525.00 523.00 1 3 17 
19:2:3 137.95 0.00000000 0.00000000 0.00 0.00 0.00 535.00 530.00 525.00 523.00 1 3 17 
19:2:3 138.15 0.00000000 0.00000000 0.00 0.00 0.00 535.00 530.00 525.00 524.00 1 3 17 
19:2:3 138.35 0.00000000 0.00000000 0.00 0.00 0.00 534.00 530.00 525.00 523.00 1 3 17 
19:2:4 138.55 0.00000000 0.00000000 0.00 0.00 0.00 535.00 531.00 525.00 523.00 1 3 17 
19:2:4 138.76 0.00000000 0.00000000 0.00 0.00 0.00 535.00 530.00 525.00 523.00 1 3 17 
19:2:4 138.96 0.00000000 0.00000000 0.00 0.00 0.00 535.00 530.00 524.00 523.00 1 3 17 
19:2:4 139.16 0.00000000 0.00000000 0.00 0.00 0.00 535.00 530.00 525.00 523.00 1 3 17 
19:2:4 139.36 0.00000000 0.00000000 0.00 0.00 0.00 535.00 530.00 524.00 523.00 1 3 17 
19:2:5 139.56 0.00000000 0.00000000 0.00 0.00 0.00 535.00 530.00 524.00 522.00 1 3 17 
19:2:5 139.76 0.00000000 0.00000000 0.00 0.00 0.00 535.00 530.00 524.00 523.00 1 3 17 
19:2:5 139.96 0.00000000 0.00000000 0.00 0.00 0.00 535.00 530.00 525.00 522.00 1 3 17 
19:2:5 140.16 0.00000000 0.00000000 0.00 0.00 0.00 535.00 530.00 524.00 523.00 1 3 17 
19:2:5 140.36 0.00000000 0.00000000 0.00 0.00 0.00 535.00 530.00 525.00 523.00 1 3 17 
19:2:6 140.56 0.00000000 0.00000000 0.00 0.00 0.00 535.00 530.00 524.00 523.00 1 3 17 
19:2:6 140.76 0.00000000 0.00000000 0.00 0.00 0.00 535.00 530.00 524.00 523.00 1 3 17 
19:2:6 140.96 0.00000000 0.00000000 0.00 0.00 0.00 535.00 530.00 525.00 523.00 1 3 17 
19:2:6 141.16 0.00000000 0.00000000 0.00 0.00 0.00 536.00 530.00 525.00 522.00 1 3 17 
19:2:6 141.36 0.00000000 0.00000000 0.00 0.00 0.00 535.00 530.00 525.00 522.00 1 3 17 
19:2:7 141.56 0.00000000 0.00000000 0.00 0.00 0.00 536.00 530.00 525.00 522.00 1 3 17 
19:2:7 141.76 0.00000000 0.00000000 0.00 0.00 0.00 536.00 530.00 525.00 522.00 1 3 17 
19:2:7 141.97 0.00000000 0.00000000 0.00 0.00 0.00 535.00 530.00 524.00 522.00 1 3 17 
19:2:7 142.17 0.00000000 0.00000000 0.00 0.00 0.00 535.00 530.00 525.00 522.00 1 3 17 
19:2:7 142.37 0.00000000 0.00000000 0.00 0.00 0.00 535.00 529.00 524.00 522.00 1 3 17 
19:2:8 142.57 0.00000000 0.00000000 0.00 0.00 0.00 535.00 530.00 525.00 522.00 1 3 17 
19:2:8 142.77 0.00000000 0.00000000 0.00 0.00 0.00 535.00 530.00 524.00 522.00 1 3 17 
19:2:8 142.97 0.00000000 0.00000000 0.00 0.00 0.00 535.00 530.00 524.00 522.00 1 3 17 
19:2:8 143.17 0.00000000 0.00000000 0.00 0.00 0.00 535.00 529.00 524.00 522.00 1 3 17 
19:2:8 143.37 0.00000000 0.00000000 0.00 0.00 0.00 535.00 529.00 524.00 522.00 1 3 17 
19:2:9 143.57 0.00000000 0.00000000 0.00 0.00 0.00 535.00 530.00 524.00 522.00 1 3 17 
19:2:9 143.77 0.00000000 0.00000000 0.00 0.00 0.00 535.00 530.00 524.00 522.00 1 3 17 
19:2:9 143.97 0.00000000 0.00000000 0.00 0.00 0.00 535.00 529.00 524.00 522.00 1 3 17 
19:2:9 144.17 0.00000000 0.00000000 0.00 0.00 0.00 535.00 530.00 524.00 521.00 1 3 17 
19:2:9 144.37 0.00000000 0.00000000 0.00 0.00 0.00 535.00 529.00 524.00 521.00 1 3 17 
19:2:10 144.57 0.00000000 0.00000000 0.00 0.00 0.00 535.00 529.00 523.00 521.00 1 3 17 
19:2:10 144.77 0.00000000 0.00000000 0.00 0.00 0.00 535.00 529.00 523.00 521.00 1 3 17 
19:2:10 144.98 0.00000000 0.00000000 0.00 0.00 0.00 535.00 529.00 524.00 521.00 1 3 17 
19:2:10 145.18 0.00000000 0.00000000 0.00 0.00 0.00 535.00 529.00 523.00 521.00 1 3 17 
19:2:10 145.38 0.00000000 0.00000000 0.00 0.00 0.00 535.00 529.00 523.00 520.00 1 3 17 
19:2:11 145.58 0.00000000 0.00000000 0.00 0.00 0.00 535.00 529.00 523.00 521.00 1 3 17 
19:2:11 145.78 0.00000000 0.00000000 0.00 0.00 0.00 535.00 529.00 523.00 521.00 1 3 17 
19:2:11 145.98 0.00000000 0.00000000 0.00 0.00 0.00 535.00 529.00 524.00 520.00 1 3 17 
19:2:11 146.18 0.00000000 0.00000000 0.00 0.00 0.00 534.00 529.00 524.00 521.00 1 3 17 
19:2:11 146.38 0.00000000 0.00000000 0.00 0.00 0.00 535.00 528.00 523.00 520.00 1 3 17 
19:2:12 146.58 0.00000000 0.00000000 0.00 0.00 0.00 535.00 528.00 523.00 521.00 1 3 17 
19:2:12 146.78 0.00000000 0.00000000 0.00 0.00 0.00 535.00 529.00 524.00 521.00 1 3 17 
19:2:12 146.98 0.00000000 0.00000000 0.00 0.00 0.00 535.00 529.00 523.00 520.00 1 3 17 
19:2:12 147.18 0.00000000 0.00000000 0.00 0.00 0.00 535.00 529.00 523.00 521.00 1 3 17 
19:2:12 147.38 0.00000000 0.00000000 0.00 0.00 0.00 535.00 528.00 523.00 521.00 1 3 17 
19:2:13 147.58 0.00000000 0.00000000 0.00 0.00 0.00 535.00 529.00 523.00 520.00 1 3 17 
19:2:13 147.79 0.00000000 0.00000000 0.00 0.00 0.00 535.00 529.00 523.00 520.00 1 3 17 
19:2:13 147.99 0.00000000 0.00000000 0.00 0.00 0.00 534.00 529.00 523.00 521.00 1 3 17 
19:2:13 148.19 0.00000000 0.00000000 0.00 0.00 0.00 534.00 529.00 523.00 520.00 1 3 17 
19:2:13 148.39 0.00000000 0.00000000 0.00 0.00 0.00 534.00 528.00 523.00 521.00 1 3 17 
19:2:14 148.59 0.00000000 0.00000000 0.00 0.00 0.00 534.00 528.00 523.00 521.00 1 3 17 
19:2:14 148.79 0.00000000 0.00000000 0.00 0.00 0.00 534.00 529.00 523.00 520.00 1 3 17 
19:2:14 148.99 0.00000000 0.00000000 0.00 0.00 0.00 534.00 529.00 522.00 521.00 1 3 17 
19:2:14 149.19 0.00000000 0.00000000 0.00 0.00 0.00 534.00 529.00 523.00 520.00 1 3 17 
19:2:14 149.39 0.00000000 0.00000000 0.00 0.00 0.00 534.00 528.00 523.00 520.00 1 3 17 
19:2:15 149.59 0.00000000 0.00000000 0.00 0.00 0.00 535.00 528.00 523.00 520.00 1 3 17 
19:2:15 149.79 0.00000000 0.00000000 0.00 0.00 0.00 535.00 528.00 523.00 520.00 1 3 17 
19:2:15 149.99 0.00000000 0.00000000 0.00 0.00 0.00 535.00 529.00 523.00 520.00 1 3 17 
19:2:15 150.19 0.00000000 0.00000000 0.00 0.00 0.00 535.00 528.00 523.00 520.00 1 3 17 
19:2:15 150.39 0.00000000 0.00000000 0.00 0.00 0.00 535.00 528.00 523.00 520.00 1 3 17 
19:2:15 150.59 0.00000000 0.00000000 0.00 0.00 0.00 534.00 529.00 522.00 520.00 1 3 17 
19:2:15 150.79 0.00000000 0.00000000 0.00 0.00 0.00 535.00 529.00 522.00 520.00 1 3 17 
19:2:15 151.00 0.00000000 0.00000000 0.00 0.00 0.00 535.00 529.00 523.00 520.00 1 3 17 
19:2:15 151.20 0.00000000 0.00000000 0.00 0.00 0.00 535.00 529.00 523.00 520.00 1 3 17 
19:2:15 151.40 0.00000000 0.00000000 0.00 0.00 0.00 535.00 529.00 522.00 520.00 1 3 17 
19:2:15 151.60 0.00000000 0.00000000 0.00 0.00 0.00 535.00 529.00 523.00 520.00 1 3 17 
19:2:15 151.80 0.00000000 0.00000000 0.00 0.00 0.00 535.00 529.00 523.00 520.00 1 3 17 
19:2:15 152.00 0.00000000 0.00000000 0.00 0.00 0.00 535.00 529.00 523.00 520.00 1 3 17 
19:2:15 152.20 0.00000000 0.00000000 0.00 0.00 0.00 535.00 529.00 523.00 520.00 1 3 17 
19:2:15 152.40 0.00000000 0.00000000 0.00 0.00 0.00 535.00 529.00 522.00 520.00 1 3 17 
19:2:15 152.60 0.00000000 0.00000000 0.00 0.00 0.00 535.00 529.00 523.00 520.00 1 3 17 
19:2:15 152.80 0.00000000 0.00000000 0.00 0.00 0.00 536.00 529.00 523.00 520.00 1 3 17 
19:2:15 153.00 0.00000000 0.00000000 0.00 0.00 0.00 535.00 529.00 523.00 520.00 1 3 17 
19:2:15 153.20 0.00000000 0.00000000 0.00 0.00 0.00 536.00 529.00 523.00 520.00 1 3 17 
19:2:15 153.40 0.00000000 0.00000000 0.00 0.00 0.00 536.00 529.00 523.00 520.00 1 3 17 
19:2:15 153.61 0.00000000 0.00000000 0.00 0.00 0.00 535.00 529.00 523.00 520.00 1 3 17 
19:2:15 153.81 0.00000000 0.00000000 0.00 0.00 0.00 536.00 529.00 523.00 521.00 1 3 17 
19:2:15 154.01 0.00000000 0.00000000 0.00 0.00 0.00 536.00 529.00 524.00 520.00 1 3 17 
19:2:15 154.21 0.00000000 0.00000000 0.00 0.00 0.00 536.00 529.00 523.00 521.00 1 3 17 
19:2:15 154.41 0.00000000 0.00000000 0.00 0.00 0.00 536.00 529.00 523.00 520.00 1 3 17 
19:2:15 154.61 0.00000000 0.00000000 0.00 0.00 0.00 536.00 530.00 523.00 521.00 1 3 17 
19:2:15 154.81 0.00000000 0.00000000 0.00 0.00 0.00 536.00 530.00 523.00 520.00 1 3 17 
19:2:15 155.01 0.00000000 0.00000000 0.00 0.00 0.00 536.00 530.00 524.00 521.00 1 3 17 
19:2:15 155.21 0.00000000 0.00000000 0.00 0.00 0.00 537.00 529.00 523.00 521.00 1 3 17 
19:2:15 155.41 0.00000000 0.00000000 0.00 0.00 0.00 537.00 529.00 524.00 521.00 1 3 17 
19:2:15 155.62 0.00000000 0.00000000 0.00 0.00 0.00 537.00 530.00 524.00 521.00 1 3 17 
19:2:15 155.82 0.00000000 0.00000000 0.00 0.00 0.00 537.00 529.00 524.00 521.00 1 3 17 
19:2:15 156.02 0.00000000 0.00000000 0.00 0.00 0.00 537.00 529.00 523.00 520.00 1 3 17 
19:2:15 156.22 0.00000000 0.00000000 0.00 0.00 0.00 537.00 530.00 524.00 520.00 1 3 17 
19:2:15 156.42 0.00000000 0.00000000 0.00 0.00 0.00 537.00 530.00 523.00 521.00 1 3 17 
19:2:15 156.62 0.00000000 0.00000000 0.00 0.00 0.00 537.00 529.00 523.00 520.00 1 3 17 
19:2:15 156.82 0.00000000 0.00000000 0.00 0.00 0.00 537.00 529.00 523.00 521.00 1 3 17 
19:2:15 157.02 0.00000000 0.00000000 0.00 0.00 0.00 537.00 530.00 523.00 520.00 1 3 17 
19:2:15 157.22 0.00000000 0.00000000 0.00 0.00 0.00 537.00 529.00 523.00 521.00 1 3 17 
19:2:15 157.42 0.00000000 0.00000000 0.00 0.00 0.00 537.00 529.00 523.00 520.00 1 3 17 
19:2:15 157.62 0.00000000 0.00000000 0.00 0.00 0.00 537.00 529.00 524.00 520.00 1 3 17 
19:2:15 157.82 0.00000000 0.00000000 0.00 0.00 0.00 537.00 530.00 524.00 520.00 1 3 17 
19:2:15 158.02 0.00000000 0.00000000 0.00 0.00 0.00 537.00 529.00 523.00 521.00 1 3 17 
19:2:15 158.23 0.00000000 0.00000000 0.00 0.00 0.00 537.00 529.00 523.00 520.00 1 3 17 
19:2:15 158.43 0.00000000 0.00000000 0.00 0.00 0.00 537.00 530.00 523.00 521.00 1 3 17 
19:2:15 158.63 0.00000000 0.00000000 0.00 0.00 0.00 538.00 529.00 523.00 521.00 1 3 17 
19:2:15 158.83 0.00000000 0.00000000 0.00 0.00 0.00 537.00 530.00 524.00 521.00 1 3 17 
19:2:15 159.03 0.00000000 0.00000000 0.00 0.00 0.00 537.00 530.00 523.00 521.00 1 3 17 
19:2:15 159.23 0.00000000 0.00000000 0.00 0.00 0.00 537.00 529.00 524.00 521.00 1 3 17 
19:2:15 159.43 0.00000000 0.00000000 0.00 0.00 0.00 537.00 529.00 523.00 521.00 1 3 17 
19:2:25 159.63 0.00000000 0.00000000 0.00 0.00 0.00 537.00 530.00 524.00 521.00 1 3 17 
19:2:25 159.83 0.00000000 0.00000000 0.00 0.00 0.00 537.00 529.00 524.00 521.00 1 3 17 
19:2:25 160.03 0.00000000 0.00000000 0.00 0.00 0.00 537.00 530.00 523.00 520.00 1 3 17 
19:2:25 160.23 0.00000000 0.00000000 0.00 0.00 0.00 537.00 530.00 523.00 520.00 1 3 17 
19:2:25 160.44 0.00000000 0.00000000 0.00 0.00 0.00 537.00 530.00 524.00 520.00 1 3 17 
19:2:26 160.64 0.00000000 0.00000000 0.00 0.00 0.00 537.00 530.00 524.00 521.00 1 3 17 
19:2:26 160.84 0.00000000 0.00000000 0.00 0.00 0.00 537.00 529.00 524.00 521.00 1 3 17 
19:2:26 161.04 0.00000000 0.00000000 0.00 0.00 0.00 537.00 530.00 524.00 521.00 1 3 17 
19:2:26 161.24 0.00000000 0.00000000 0.00 0.00 0.00 537.00 530.00 524.00 521.00 1 3 17 
19:2:26 161.44 0.00000000 0.00000000 0.00 0.00 0.00 538.00 530.00 523.00 521.00 1 3 17 
19:2:27 161.64 0.00000000 0.00000000 0.00 0.00 0.00 537.00 530.00 524.00 521.00 1 3 17 
19:2:27 161.84 0.00000000 0.00000000 0.00 0.00 0.00 537.00 530.00 523.00 521.00 1 3 17 
19:2:27 162.04 0.00000000 0.00000000 0.00 0.00 0.00 537.00 530.00 524.00 521.00 1 3 17 
19:2:27 162.24 0.00000000 0.00000000 0.00 0.00 0.00 537.00 530.00 524.00 520.00 1 3 17 
19:2:27 162.44 0.00000000 0.00000000 0.00 0.00 0.00 538.00 530.00 523.00 520.00 1 3 17 
19:2:28 162.64 0.00000000 0.00000000 0.00 0.00 0.00 538.00 530.00 523.00 521.00 1 3 17 
19:2:28 162.84 0.00000000 0.00000000 0.00 0.00 0.00 538.00 530.00 523.00 520.00 1 3 17 
19:2:28 163.04 0.00000000 0.00000000 0.00 0.00 0.00 538.00 530.00 524.00 521.00 1 3 17 
19:2:28 163.25 0.00000000 0.00000000 0.00 0.00 0.00 538.00 530.00 524.00 521.00 1 3 17 
19:2:29 163.45 0.00000000 0.00000000 0.00 0.00 0.00 538.00 530.00 523.00 521.00 1 3 17 
19:2:29 163.65 0.00000000 0.00000000 0.00 0.00 0.00 538.00 530.00 524.00 521.00 1 3 17 
19:2:29 163.85 0.00000000 0.00000000 0.00 0.00 0.00 538.00 530.00 524.00 521.00 1 3 17 
19:2:29 164.05 0.00000000 0.00000000 0.00 0.00 0.00 538.00 530.00 524.00 521.00 1 3 17 
19:2:29 164.26 0.00000000 0.00000000 0.00 0.00 0.00 538.00 530.00 524.00 521.00 1 3 17 
19:2:30 164.46 0.00000000 0.00000000 0.00 0.00 0.00 538.00 530.00 524.00 522.00 1 3 17 
19:2:30 164.66 0.00000000 0.00000000 0.00 0.00 0.00 538.00 530.00 524.00 521.00 1 3 17 
19:2:30 164.86 0.00000000 0.00000000 0.00 0.00 0.00 538.00 531.00 524.00 522.00 1 3 17 
19:2:30 165.06 0.00000000 0.00000000 0.00 0.00 0.00 538.00 530.00 524.00 522.00 1 3 17 
19:2:30 165.26 0.00000000 0.00000000 0.00 0.00 0.00 538.00 531.00 523.00 522.00 1 3 17 
19:2:31 165.46 0.00000000 0.00000000 0.00 0.00 0.00 539.00 531.00 524.00 522.00 1 3 17 
19:2:31 165.66 0.00000000 0.00000000 0.00 0.00 0.00 538.00 530.00 524.00 522.00 1 3 17 
19:2:31 165.86 0.00000000 0.00000000 0.00 0.00 0.00 538.00 530.00 524.00 522.00 1 3 17 
19:2:31 166.06 0.00000000 0.00000000 0.00 0.00 0.00 539.00 531.00 525.00 522.00 1 3 17 
19:2:31 166.26 0.00000000 0.00000000 0.00 0.00 0.00 539.00 531.00 525.00 522.00 1 3 17 
19:2:32 166.47 0.00000000 0.00000000 0.00 0.00 0.00 539.00 531.00 525.00 522.00 1 3 17 
19:2:32 166.67 0.00000000 0.00000000 0.00 0.00 0.00 539.00 532.00 525.00 523.00 1 3 17 
19:2:32 166.87 0.00000000 0.00000000 0.00 0.00 0.00 539.00 531.00 525.00 523.00 1 3 17 
19:2:32 167.07 0.00000000 0.00000000 0.00 0.00 0.00 539.00 532.00 525.00 523.00 1 3 17 
19:2:32 167.27 0.00000000 0.00000000 0.00 0.00 0.00 539.00 531.00 525.00 523.00 1 3 17 
19:2:33 167.47 0.00000000 0.00000000 0.00 0.00 0.00 539.00 531.00 525.00 523.00 1 3 17 
19:2:33 167.67 0.00000000 0.00000000 0.00 0.00 0.00 539.00 531.00 525.00 523.00 1 3 17 
19:2:33 167.87 0.00000000 0.00000000 0.00 0.00 0.00 539.00 531.00 525.00 523.00 1 3 17 
19:2:33 168.07 0.00000000 0.00000000 0.00 0.00 0.00 539.00 531.00 525.00 523.00 1 3 17 
19:2:33 168.27 0.00000000 0.00000000 0.00 0.00 0.00 539.00 532.00 525.00 523.00 1 3 17 
19:2:34 168.47 0.00000000 0.00000000 0.00 0.00 0.00 539.00 532.00 525.00 523.00 1 3 17 
19:2:34 168.68 0.00000000 0.00000000 0.00 0.00 0.00 539.00 532.00 525.00 523.00 1 3 17 
19:2:34 168.88 0.00000000 0.00000000 0.00 0.00 0.00 539.00 532.00 525.00 523.00 1 3 17 
19:2:34 169.08 0.00000000 0.00000000 0.00 0.00 0.00 539.00 531.00 525.00 523.00 1 3 17 
19:2:34 169.28 0.00000000 0.00000000 0.00 0.00 0.00 538.00 531.00 525.00 523.00 1 3 17 
19:2:34 169.48 0.00000000 0.00000000 0.00 0.00 0.00 539.00 531.00 525.00 523.00 1 3 17 
19:2:35 169.68 0.00000000 0.00000000 0.00 0.00 0.00 539.00 531.00 525.00 524.00 1 3 17 
19:2:35 169.88 0.00000000 0.00000000 0.00 0.00 0.00 538.00 531.00 524.00 524.00 1 3 17 
19:2:35 170.08 0.00000000 0.00000000 0.00 0.00 0.00 539.00 531.00 524.00 523.00 1 3 17 
19:2:35 170.28 0.00000000 0.00000000 0.00 0.00 0.00 539.00 531.00 525.00 523.00 1 3 17 
19:2:35 170.49 0.00000000 0.00000000 0.00 0.00 0.00 539.00 531.00 525.00 524.00 1 3 17 
19:2:36 170.69 0.00000000 0.00000000 0.00 0.00 0.00 539.00 532.00 525.00 524.00 1 3 17 
19:2:36 170.89 0.00000000 0.00000000 0.00 0.00 0.00 539.00 531.00 525.00 524.00 1 3 17 
19:2:36 171.09 0.00000000 0.00000000 0.00 0.00 0.00 539.00 531.00 525.00 523.00 1 3 17 
19:2:36 171.29 0.00000000 0.00000000 0.00 0.00 0.00 539.00 532.00 525.00 523.00 1 3 17 
19:2:37 171.49 0.00000000 0.00000000 0.00 0.00 0.00 538.00 531.00 525.00 524.00 1 3 17 
19:2:37 171.69 0.00000000 0.00000000 0.00 0.00 0.00 538.00 531.00 525.00 523.00 1 3 17 
19:2:37 171.89 0.00000000 0.00000000 0.00 0.00 0.00 538.00 531.00 525.00 524.00 1 3 17 
19:2:37 172.09 0.00000000 0.00000000 0.00 0.00 0.00 538.00 531.00 524.00 524.00 1 3 17 
19:2:37 172.29 0.00000000 0.00000000 0.00 0.00 0.00 538.00 530.00 524.00 522.00 1 3 17 
19:2:38 172.49 0.00000000 0.00000000 0.00 0.00 0.00 539.00 532.00 524.00 523.00 1 3 17 
19:2:38 172.70 0.00000000 0.00000000 0.00 0.00 0.00 538.00 531.00 524.00 523.00 1 3 17 
19:2:38 172.90 0.00000000 0.00000000 0.00 0.00 0.00 538.00 531.00 524.00 523.00 1 3 17 
19:2:38 173.10 0.00000000 0.00000000 0.00 0.00 0.00 539.00 532.00 526.00 525.00 1 3 17 
19:2:38 173.30 0.00000000 0.00000000 0.00 0.00 0.00 544.00 537.00 531.00 531.00 1 3 17 
19:2:39 173.50 0.00000000 0.00000000 0.00 0.00 0.00 546.00 539.00 532.00 529.00 1 3 17 
19:2:39 173.70 0.00000000 0.00000000 0.00 0.00 0.00 540.00 534.00 526.00 526.00 1 3 17 
19:2:39 173.90 0.00000000 0.00000000 0.00 0.00 0.00 547.00 541.00 534.00 534.00 1 3 17 
19:2:39 174.10 0.00000000 0.00000000 0.00 0.00 0.00 556.00 548.00 543.00 542.00 1 3 17 
19:2:39 174.30 0.00000000 0.00000000 0.00 0.00 0.00 527.00 519.00 512.00 502.00 1 3 17 
19:2:40 174.50 0.00000000 0.00000000 0.00 0.00 0.00 536.00 530.00 524.00 493.00 1 3 17 
19:2:40 174.70 0.00000000 0.00000000 0.00 0.00 0.00 545.00 538.00 532.00 530.00 1 3 17 
19:2:40 174.90 0.00000000 0.00000000 0.00 0.00 0.00 547.00 542.00 539.00 522.00 1 3 17 
19:2:40 175.10 0.00000000 0.00000000 0.00 0.00 0.00 543.00 538.00 535.00 510.00 1 3 17 
19:2:40 175.30 0.00000000 0.00000000 0.00 0.00 0.00 530.00 525.00 524.00 521.00 1 3 17 
19:2:41 175.51 0.00000000 0.00000000 0.00 0.00 0.00 532.00 526.00 519.00 509.00 1 3 17 
19:2:41 175.71 0.00000000 0.00000000 0.00 0.00 0.00 532.00 525.00 517.00 507.00 1 3 17 
19:2:41 175.91 0.00000000 0.00000000 0.00 0.00 0.00 532.00 481.00 518.00 519.00 1 3 17 
19:2:41 176.11 0.00000000 0.00000000 0.00 0.00 0.00 532.00 578.00 520.00 517.00 1 3 17 
19:2:41 176.31 0.00000000 0.00000000 0.00 0.00 0.00 529.00 523.00 516.00 518.00 1 3 17 
19:2:42 176.51 0.00000000 0.00000000 0.00 0.00 0.00 528.00 523.00 516.00 518.00 1 3 17 
19:2:42 176.71 0.00000000 0.00000000 0.00 0.00 0.00 527.00 519.00 515.00 510.00 1 3 17 
19:2:42 176.91 0.00000000 0.00000000 0.00 0.00 0.00 526.00 520.00 513.00 513.00 1 3 17 
19:2:42 177.11 0.00000000 0.00000000 0.00 0.00 0.00 531.00 527.00 517.00 519.00 1 3 17 
19:2:42 177.31 0.00000000 0.00000000 0.00 0.00 0.00 526.00 525.00 514.00 522.00 1 3 17 
19:2:43 177.51 0.00000000 0.00000000 0.00 0.00 0.00 542.00 537.00 531.00 517.00 1 3 17 
19:2:43 177.71 0.00000000 0.00000000 0.00 0.00 0.00 549.00 545.00 541.00 535.00 1 3 17 
19:2:43 177.91 0.00000000 0.00000000 0.00 0.00 0.00 562.00 559.00 554.00 553.00 1 3 17 
19:2:43 178.11 0.00000000 0.00000000 0.00 0.00 0.00 526.00 520.00 512.00 518.00 1 3 17 
19:2:43 178.31 0.00000000 0.00000000 0.00 0.00 0.00 525.00 520.00 512.00 515.00 1 3 17 
19:2:44 178.51 0.00000000 0.00000000 0.00 0.00 0.00 522.00 517.00 509.00 512.00 1 3 17 
19:2:44 178.72 0.00000000 0.00000000 0.00 0.00 0.00 538.00 537.00 531.00 524.00 1 3 17 
19:2:44 178.92 0.00000000 0.00000000 0.00 0.00 0.00 524.00 519.00 512.00 516.00 1 3 17 
