1.64839
1.6508
1.64758
1.64919
1.64839
1.64839
1.6508
1.6508
1.6508
1.65242
1.64839
1.64355
1.64436
1.64275
1.64919
1.65161
1.6508
1.65644
1.6508
1.65161
1.64919
1.65161
1.65322
1.65403
1.65483
1.65242
1.65161
1.64839
1.64839
1.64839
1.64758
1.65242
1.65242
1.65242
1.65242
1.64839
1.65161
1.6508
1.64919
1.65322
1.65403
1.65242
1.64678
1.64678
1.64517
1.64919
1.64839
1.65242
1.65322
1.65242
1.65161
1.64758
1.64839
1.64839
1.65322
1.65161
1.65242
1.65161
1.64758
1.64678
1.64678
1.64758
1.65
1.65161
1.65161
1.64758
