209.4640	14959.9991
210.0410	14943.9993
210.6139	14895.9994
211.1870	14783.9999
211.7599	14495.9998
212.3329	14127.9993
212.9070	13695.9994
213.4800	13423.9995
214.0530	13456.0001
214.6260	13423.9995
215.1990	13487.9994
215.7729	13567.9996
216.3460	13456.0001
216.9190	13392.0002
217.4930	13327.9991
218.0660	13359.9997
218.6380	13392.0002
219.2110	13456.0001
219.7850	13536.0003
220.3580	13407.9993
220.9310	13312.0000
221.5120	13104.0001
222.0850	12991.9994
238.2690	12336.0002
238.5849	12367.9996
238.8990	12351.9993
239.2129	12351.9993
239.5270	12336.0002
239.8410	12367.9996
240.1560	12447.9997
240.4700	12415.9992
240.7840	12431.9994
241.0990	12431.9994
241.4129	12431.9994
241.7270	12400.0001
242.0409	12367.9996
242.3559	12383.9998
242.6690	12367.9996
242.9839	12415.9992
243.2970	12400.0001
243.6120	12367.9996
243.9260	12415.9992
244.2400	12415.9992
244.5539	12447.9997
244.8689	12464.0000
245.1830	12415.9992
245.4969	12367.9996
245.8119	12400.0001
246.1250	12415.9992
246.4390	12415.9992
246.7540	12383.9998
247.0680	12383.9998
247.3810	12367.9996
247.6960	12383.9998
248.0099	12367.9996
248.3249	12367.9996
248.6380	12400.0001
248.9549	12400.0001
249.2670	12383.9998
249.5810	12367.9996
249.8950	12367.9996
250.2090	12415.9992
250.5240	12415.9992
250.8370	12431.9994
251.1520	12367.9996
251.4660	12400.0001
251.7810	12367.9996
252.0940	12367.9996
252.4100	12367.9996
252.7230	12367.9996
253.0380	12415.9992
253.3509	12415.9992
253.6659	12415.9992
253.9800	12367.9996
254.2940	12431.9994
254.6080	12383.9998
254.9230	12383.9998
255.2370	12415.9992
255.5510	12415.9992
255.8650	12383.9998
256.1799	12351.9993
256.4939	12400.0001
256.8080	12464.0000
257.1219	12447.9997
257.4359	12415.9992
257.7519	12400.0001
258.0649	12400.0001
258.3789	12415.9992
258.6930	12367.9996
259.0070	12447.9997
259.3230	12415.9992
259.6360	12400.0001
259.9499	12400.0001
260.2660	12400.0001
260.5790	12431.9994
260.8920	12431.9994
261.2069	12464.0000
261.5220	12415.9992
261.8359	12415.9992
262.1499	12431.9994
262.4630	12400.0001
262.7779	12383.9998
263.0919	12447.9997
263.4079	12415.9992
263.7209	12415.9992
264.0360	12415.9992
264.3490	12431.9994
264.6639	12431.9994
264.9779	12431.9994
265.2920	12447.9997
265.6069	12447.9997
265.9199	12415.9992
266.2350	12415.9992
266.5499	12480.0003
266.8640	12464.0000
267.1780	12447.9997
267.4929	12480.0003
267.8059	12464.0000
268.1210	12480.0003
268.4370	12495.9993
268.7500	12480.0003
269.0639	12495.9993
269.3779	12527.9999
269.6919	12495.9993
270.0060	12527.9999
270.3209	12480.0003
270.6370	12464.0000
270.9499	12464.0000
271.2639	12559.9992
271.5790	12544.0001
271.8920	12495.9993
272.2069	12559.9992
272.5210	12511.9996
272.8349	12544.0001
273.1499	12527.9999
273.4640	12527.9999
273.7789	12527.9999
274.0929	12608.0000
274.4070	12559.9992
274.7209	12623.9991
275.0370	12623.9991
275.3500	12639.9994
275.6649	12608.0000
275.9790	12671.9999
276.2930	12688.0002
276.6069	12735.9998
276.9209	12735.9998
277.2369	12719.9996
277.5509	12767.9992
277.8650	12799.9997
278.1790	12783.9994
278.4939	12879.9999
278.8070	12927.9995
279.1219	12927.9995
279.4370	12943.9998
279.7510	12991.9994
280.0649	13023.9999
280.3789	13087.9998
280.6930	13104.0001
281.0070	13135.9994
281.3230	13168.0000
281.6360	13184.0003
281.9509	13184.0003
282.2650	13184.0003
282.5790	13168.0000
282.8929	13168.0000
283.2080	13151.9997
283.5229	13040.0002
283.8359	12991.9994
284.1510	12943.9998
284.4640	12896.0001
284.7789	12832.0003
285.0929	12799.9997
285.4079	12783.9994
285.7229	12767.9992
286.0370	12752.0001
286.3509	12655.9997
286.6659	12671.9999
286.9790	12719.9996
287.2930	12655.9997
287.6079	12688.0002
287.9209	12639.9994
288.2360	12639.9994
288.5499	12688.0002
288.8650	12671.9999
289.1799	12703.9993
289.4939	12639.9994
289.8080	12655.9997
290.1229	12608.0000
290.4370	12655.9997
290.7510	12639.9994
291.0649	12591.9998
291.3870	12575.9995
291.7030	12591.9998
292.0160	12544.0001
292.3309	12591.9998
292.6449	12591.9998
292.9590	12591.9998
293.2739	12623.9991
293.5880	12623.9991
293.9020	12623.9991
294.2169	12608.0000
294.5320	12655.9997
294.8459	12655.9997
295.1599	12655.9997
295.4740	12608.0000
295.7889	12655.9997
296.1029	12591.9998
296.4170	12591.9998
296.7309	12559.9992
297.0449	12575.9995
297.3609	12575.9995
297.6749	12544.0001
297.9970	12527.9999
298.3099	12559.9992
298.6250	12575.9995
298.9409	12544.0001
299.2529	12511.9996
299.5680	12559.9992
299.8810	12559.9992
300.1959	12544.0001
300.5110	12575.9995
300.8250	12591.9998
301.1379	12591.9998
301.4530	12608.0000
301.7679	12591.9998
302.0819	12591.9998
302.3949	12608.0000
302.7109	12623.9991
303.0239	12575.9995
303.3369	12639.9994
303.6530	12655.9997
303.9659	12688.0002
304.2810	12688.0002
304.6029	12703.9993
304.9159	12655.9997
305.2319	12703.9993
305.5449	12752.0001
305.8600	12719.9996
306.1730	12799.9997
306.4890	12752.0001
306.8020	12863.9996
307.1169	12847.9994
307.4299	12879.9999
307.7450	12879.9999
308.0609	12943.9998
308.3739	12960.0000
308.6870	12991.9994
309.0019	12960.0000
309.3159	13040.0002
309.6300	13055.9993
309.9449	13104.0001
310.2589	13071.9995
310.5730	13168.0000
310.8870	13199.9993
311.2090	13263.9992
311.5249	13343.9994
311.8380	13375.9999
312.1530	13456.0001
312.4659	13487.9994
312.7810	13600.0001
313.0950	13647.9998
313.4099	13695.9994
313.7240	13759.9993
314.0399	13791.9998
314.3529	13871.9999
314.6680	13871.9999
314.9819	13903.9993
315.2959	13855.9998
315.6100	13855.9998
315.9240	13759.9993
316.2400	13679.9991
316.5540	13583.9999
316.8679	13471.9992
317.1820	13359.9997
317.4960	13279.9995
317.8180	13215.9996
318.1319	13071.9995
318.4480	13040.0002
318.7610	13007.9997
319.0749	12927.9995
319.3889	12863.9996
319.7049	12879.9999
320.0179	12832.0003
320.3330	12832.0003
320.6460	12752.0001
320.9609	12688.0002
321.2749	12655.9997
321.5890	12639.9994
321.9029	12623.9991
322.2169	12559.9992
322.5320	12608.0000
322.8459	12575.9995
323.1620	12575.9995
323.4750	12527.9999
323.7899	12527.9999
324.1040	12544.0001
324.4249	12575.9995
324.7400	12559.9992
325.0540	12559.9992
325.3689	12544.0001
325.6840	12591.9998
325.9979	12575.9995
326.3120	12575.9995
326.6260	12527.9999
326.9409	12544.0001
327.2550	12559.9992
327.5690	12575.9995
327.8829	12544.0001
328.1999	12511.9996
328.5129	12495.9993
328.8269	12511.9996
329.1410	12495.9993
329.4549	12511.9996
329.7689	12511.9996
330.0840	12511.9996
330.3979	12544.0001
330.7119	12495.9993
331.0349	12511.9996
331.3490	12464.0000
331.6639	12480.0003
331.9769	12511.9996
332.2909	12464.0000
332.6060	12527.9999
332.9209	12464.0000
333.2360	12447.9997
333.5499	12464.0000
333.8640	12447.9997
334.1780	12495.9993
334.4929	12480.0003
334.8059	12447.9997
335.1210	12447.9997
335.4349	12464.0000
335.7500	12495.9993
336.0640	12464.0000
336.3779	12511.9996
336.6930	12480.0003
337.0070	12415.9992
337.3219	12480.0003
337.6439	12400.0001
337.9580	12464.0000
400.9140	15087.9993
401.2279	15039.9995
401.5420	15039.9995
401.8569	15039.9995
402.1709	15039.9995
402.4850	15072.0000
402.7989	15039.9995
403.1140	15087.9993
403.4270	15072.0000
403.7429	15055.9998
404.0559	15008.0004
404.3710	15055.9998
404.6840	15039.9995
405.0000	15023.9992
405.3130	15072.0000
405.6270	15023.9992
405.9419	15055.9998
406.2560	15072.0000
406.5700	15119.9999
406.8839	15055.9998
407.1990	15023.9992
407.5119	15039.9995
407.8290	15072.0000
408.1489	15008.0004
408.4630	15072.0000
408.7770	15087.9993
409.0919	15072.0000
409.4060	15055.9998
409.7199	15055.9998
410.0349	15055.9998
410.3490	15008.0004
410.6639	15055.9998
410.9769	14991.9996
411.2909	15055.9998
411.6059	15072.0000
411.9199	15039.9995
412.2340	15055.9998
412.5480	15023.9992
412.8629	15039.9995
413.1759	15023.9992
413.4910	15039.9995
413.8049	15087.9993
414.1189	15039.9995
414.4330	15055.9998
414.7479	15008.0004
415.0630	15023.9992
415.3759	15008.0004
415.6909	15039.9995
416.0050	15039.9995
416.3199	15039.9995
416.6339	15023.9992
416.9480	15039.9995
417.2629	15103.9991
417.5769	14991.9996
417.8910	15039.9995
418.2059	15039.9995
418.5199	15039.9995
418.8340	15055.9998
419.1479	15039.9995
419.4630	15055.9998
419.7770	15023.9992
420.0909	15008.0004
420.4060	15039.9995
420.7200	15023.9992
421.0349	15008.0004
421.3479	15039.9995
421.6640	15055.9998
421.9769	14991.9996
422.2909	15039.9995
422.6059	15055.9998
422.9199	15039.9995
423.2350	15055.9998
423.5489	15055.9998
423.8640	15055.9998
424.1770	15008.0004
424.4919	15055.9998
424.8059	14847.9996
425.1210	10095.9992
425.4349	5679.9998
425.7340	3727.9999
426.0339	14975.9998
426.3550	15039.9995
426.6680	15055.9998
426.9829	15023.9992
427.2970	15008.0004
427.6119	15039.9995
427.9249	15055.9998
428.2410	15008.0004
428.5540	15023.9992
428.8689	15008.0004
429.1830	15055.9998
429.4970	15039.9995
429.8109	15023.9992
430.1250	15008.0004
430.4389	15039.9995
430.7529	15055.9998
431.0680	15008.0004
431.3819	15023.9992
431.6959	14975.9998
432.0100	14975.9998
432.3249	15008.0004
432.6389	14991.9996
432.9540	15023.9992
433.2679	15023.9992
433.5830	14991.9996
433.8970	15023.9992
434.2109	15055.9998
434.5249	15023.9992
434.8390	15008.0004
435.1539	15039.9995
435.4679	15023.9992
435.7839	15023.9992
436.1040	15023.9992
436.4180	14991.9996
436.7319	15023.9992
437.0459	14959.9991
437.3629	15023.9992
437.6830	15039.9995
437.9979	15008.0004
438.3120	15023.9992
438.6260	15023.9992
438.9409	15039.9995
439.2550	14991.9996
439.5689	14959.9991
439.8839	15055.9998
440.1980	15055.9998
440.5129	15039.9995
440.8269	15023.9992
441.1410	14991.9996
441.4569	14991.9996
441.7699	15039.9995
442.0840	15039.9995
442.3989	15023.9992
442.7130	15008.0004
443.0279	15023.9992
443.3419	15023.9992
443.6570	15023.9992
443.9709	15023.9992
444.2930	15039.9995
444.6079	15008.0004
444.9220	15008.0004
445.2369	15008.0004
445.5509	15072.0000
445.8650	15039.9995
446.1809	15023.9992
446.5029	15023.9992
446.8259	15055.9998
447.1479	15008.0004
447.4679	15039.9995
447.7829	15039.9995
448.0969	14975.9998
448.4120	15008.0004
448.7250	14991.9996
449.0399	14975.9998
449.3550	15023.9992
449.6680	14991.9996
449.9829	14991.9996
450.2970	14991.9996
450.6119	14959.9991
450.9339	15023.9992
451.2500	14991.9996
451.5719	14975.9998
451.8919	14991.9996
452.2069	14991.9996
452.5210	15008.0004
452.8349	14991.9996
453.1489	15008.0004
453.4630	14991.9996
453.7779	15008.0004
454.0919	14975.9998
454.4079	15008.0004
454.7279	15008.0004
455.0420	14959.9991
455.3569	14991.9996
455.6709	14975.9998
455.9860	14975.9998
456.2999	14975.9998
456.6150	15008.0004
456.9280	14991.9996
457.2429	15023.9992
457.5649	14991.9996
457.8789	14991.9996
458.1940	14959.9991
458.5089	14959.9991
458.8319	14959.9991
459.1539	14943.9993
459.4759	14975.9998
459.7980	14975.9998
460.1210	14959.9991
460.4430	14975.9998
460.7629	15008.0004
461.0780	14991.9996
461.3929	14959.9991
461.7069	14959.9991
462.0210	14943.9993
462.3350	14991.9996
462.6499	14975.9998
462.9640	14975.9998
463.2789	14975.9998
463.5919	14959.9991
463.9080	14959.9991
464.2300	14991.9996
464.5430	14975.9998
464.8590	14975.9998
465.1740	14975.9998
465.4969	15008.0004
465.8190	14959.9991
466.1389	14991.9996
466.4540	14959.9991
466.7689	14975.9998
467.0830	14991.9996
467.3970	14991.9996
467.7109	14943.9993
468.0260	14991.9996
468.3400	14959.9991
468.6549	14975.9998
468.9690	15008.0004
469.2839	14975.9998
469.5969	14959.9991
469.9130	14959.9991
470.2260	15008.0004
470.5409	14991.9996
470.8629	14975.9998
471.1770	14959.9991
471.4919	14959.9991
471.8059	14975.9998
472.1200	14975.9998
472.4349	14991.9996
472.7500	14991.9996
473.0630	14975.9998
473.3779	14959.9991
473.6919	14975.9998
474.0060	14975.9998
474.3209	14991.9996
474.6350	14959.9991
474.9499	15008.0004
475.2639	14975.9998
475.5790	14943.9993
475.8929	14975.9998
476.2069	14975.9998
476.5220	14943.9993
476.8350	14991.9996
477.1499	14959.9991
477.4719	14975.9998
477.7870	14959.9991
478.1009	14975.9998
478.4159	14959.9991
478.7300	14959.9991
479.0439	14991.9996
479.3590	14991.9996
479.6720	14959.9991
479.9879	14975.9998
480.3009	14991.9996
480.6159	14975.9998
480.9299	14975.9998
481.2450	14959.9991
481.5589	14991.9996
481.8739	14975.9998
482.1870	14975.9998
482.5019	14975.9998
482.8159	14975.9998
483.1310	14975.9998
483.4449	14959.9991
483.7589	14975.9998
484.0819	14943.9993
484.3960	14943.9993
484.7099	14975.9998
485.0249	14975.9998
485.3390	14928.0000
485.6539	14991.9996
485.9679	14943.9993
486.2830	14991.9996
486.5969	14975.9998
486.9120	14928.0000
487.2260	14975.9998
487.5409	14959.9991
487.8550	14975.9998
488.1690	14991.9996
488.4840	14928.0000
488.7980	14943.9993
489.1119	14991.9996
489.4270	14959.9991
489.7409	14975.9998
490.0549	14911.9997
490.3700	14959.9991
490.6930	14943.9993
491.0069	14959.9991
491.3219	14975.9998
491.6350	14943.9993
491.9499	14991.9996
492.2639	14975.9998
492.5790	14991.9996
492.8929	15023.9992
493.2080	14991.9996
493.5220	14991.9996
493.8359	14943.9993
494.1510	14959.9991
494.4659	14943.9993
494.7799	14975.9998
495.0940	14975.9998
495.4099	14975.9998
495.7229	14991.9996
496.0389	14991.9996
496.3529	14975.9998
496.6659	14991.9996
496.9810	14991.9996
497.3030	14991.9996
497.6179	15008.0004

