1220.78 1.35593
1220.88 1.34949
1220.98 1.35513
1221.08 1.33982
1221.18 1.36077
1221.28 1.35029
1221.38 1.35996
1221.48 1.35674
1221.58 1.36318
1221.68 1.34868
1221.78 1.35432
1221.88 1.35835
1221.98 1.3656
1222.08 1.3519
1222.19 1.35915
1222.29 1.35835
1222.39 1.35754
1222.49 1.3511
1222.59 1.3519
1222.69 1.36238
1222.79 1.34868
1222.89 1.35432
1222.99 1.35513
1223.09 1.36077
1223.19 1.34465
1223.29 1.3656
1223.39 1.35352
1223.49 1.35835
1223.59 1.35593
1223.69 1.36238
1223.79 1.35432
1223.89 1.35835
1224.0 1.34143
1224.1 1.3656
1224.2 1.3519
1224.3 1.36318
1224.4 1.34949
1224.5 1.3656
1224.6 1.35835
1224.7 1.35996
1224.8 1.35996
1224.9 1.36641
1225.0 1.35271
1225.1 1.36077
1225.2 1.35674
1225.3 1.35996
1225.4 1.35432
1225.5 1.36077
1225.6 1.35432
1225.71 1.36238
1225.81 1.3511
1225.91 1.36318
1226.01 1.35513
1226.11 1.36479
1226.21 1.3519
1226.31 1.35754
1226.41 1.35352
1226.51 1.35593
1226.61 1.3511
1226.71 1.3519
1226.81 1.35593
1226.91 1.34707
1227.01 1.3511
1227.11 1.34626
1227.21 1.35835
1227.32 1.35513
1227.42 1.34788
1227.52 1.34868
1227.62 1.35754
1227.72 1.34626
1227.82 1.35432
1227.92 1.34707
1228.02 1.35352
1228.12 1.34143
1228.22 1.35432
1228.32 1.34546
1228.42 1.35271
1228.52 1.34707
1228.62 1.35754
1228.72 1.34304
1228.82 1.3519
1228.92 1.35029
1229.03 1.35513
1229.13 1.35029
1229.23 1.35593
1229.33 1.34788
1229.43 1.3519
1229.53 1.34626
1229.63 1.34868
1229.73 1.34626
1229.83 1.34304
1229.93 1.34143
1230.03 1.34626
1230.13 1.34304
1230.23 1.35513
1230.33 1.35029
1230.43 1.34707
1230.53 1.35513
1230.63 1.3519
1230.73 1.35513
1230.83 1.3519
1230.94 1.35271
1231.04 1.34465
1231.14 1.35835
1231.24 1.34546
1231.34 1.35029
1231.44 1.34546
1231.54 1.35352
1231.64 1.34707
1231.74 1.3511
1231.84 1.34224
1231.94 1.35352
1232.04 1.34868
1232.14 1.34868
1232.24 1.34707
1232.34 1.35754
1232.44 1.34546
1232.55 1.34949
1232.65 1.34949
1232.75 1.35513
1232.85 1.34868
1232.95 1.35271
1233.05 1.35029
1233.15 1.35432
1233.25 1.34546
1233.35 1.35432
1233.45 1.35029
1233.55 1.34788
1233.65 1.35674
1233.75 1.34546
1233.85 1.35593
1233.95 1.33901
1234.05 1.34707
1234.15 1.35029
1234.25 1.35352
1234.35 1.33579
1234.46 1.35432
1234.56 1.34788
1234.66 1.35271
1234.76 1.34143
1234.86 1.35432
1234.96 1.34465
1235.06 1.35352
1235.16 1.35029
1235.26 1.3511
1235.36 1.35029
1235.46 1.34788
1235.56 1.35593
1235.66 1.3511
1235.76 1.34465
1235.86 1.34788
1235.96 1.35352
1236.06 1.34707
1236.17 1.35432
1236.26 1.34546
1236.37 1.35513
1236.47 1.34546
1236.57 1.34707
1236.67 1.34385
1236.77 1.35352
1236.87 1.34465
1236.97 1.35432
1237.07 1.35029
1237.17 1.35593
1237.27 1.34868
1237.37 1.35754
1237.47 1.34626
1237.57 1.3519
1237.67 1.3511
1237.77 1.35593
1237.87 1.35029
1237.97 1.35915
1238.08 1.34707
1238.18 1.35835
1238.28 1.34788
1238.38 1.35352
1238.48 1.34868
1238.58 1.35915
1238.68 1.34546
1238.78 1.35513
1238.88 1.35432
1238.98 1.35593
1239.08 1.34626
1239.18 1.35271
1239.28 1.34949
1239.38 1.34385
1239.48 1.34868
1239.58 1.34868
1239.69 1.35593
1239.79 1.35271
1239.89 1.34465
1239.99 1.35271
1240.09 1.34788
1240.19 1.34868
1240.29 1.34626
1240.39 1.3511
1240.49 1.35674
1240.59 1.35432
1240.69 1.35593
1240.79 1.35029
1240.89 1.35432
1240.99 1.34465
1241.09 1.34949
1241.19 1.34868
1241.29 1.35271
1241.4 1.34385
1241.5 1.35513
1241.6 1.34385
1241.7 1.35352
1241.8 1.34788
1241.9 1.35593
1242.0 1.34868
1242.1 1.35029
1242.2 1.34868
1242.3 1.35915
1242.4 1.34465
1242.5 1.35432
1242.6 1.34949
1242.7 1.35593
1242.8 1.34626
1242.9 1.35513
1243.0 1.3519
1243.11 1.35271
1243.21 1.34626
1243.31 1.3511
1243.41 1.34224
1243.51 1.34224
1243.61 1.35271
1243.71 1.34626
1243.81 1.35513
1243.91 1.34385
1244.01 1.35754
1244.11 1.34626
1244.21 1.35593
1244.31 1.34062
1244.41 1.35674
1244.51 1.3519
1244.61 1.35029
1244.71 1.34304
1244.82 1.35432
1244.92 1.34626
1245.02 1.35432
1245.12 1.3519
1245.22 1.35352
1245.32 1.34626
1245.42 1.35513
1245.52 1.35352
1245.62 1.35029
1245.72 1.34949
1245.82 1.34546
1245.92 1.34707
1246.02 1.34062
1246.12 1.35352
1246.22 1.34788
1246.32 1.34949
1246.42 1.34465
1246.52 1.35674
1246.63 1.33982
1246.73 1.35513
1246.83 1.34707
1246.93 1.35674
1247.03 1.34707
1247.13 1.35029
1247.23 1.34788
1247.33 1.3511
1247.43 1.34626
1247.53 1.35029
1247.63 1.34626
1247.73 1.35271
1247.83 1.34788
1247.93 1.35432
1248.03 1.3511
1248.13 1.3519
1248.23 1.3519
1248.34 1.34626
1248.44 1.34224
1248.54 1.33821
1248.64 1.35432
1248.74 1.34788
1248.84 1.3519
1248.94 1.33982
1249.04 1.34949
1249.14 1.34143
1249.24 1.34868
1249.34 1.33337
1249.44 1.3511
1249.54 1.34465
1249.64 1.34868
1249.74 1.34546
1249.84 1.34304
1249.94 1.34546
1250.04 1.34949
1250.15 1.34546
1250.25 1.35271
1250.35 1.3519
1250.45 1.35352
1250.55 1.34626
1250.65 1.34062
1250.75 1.35513
1250.85 1.35271
1250.95 1.35029
1251.05 1.34062
1251.15 1.36157
1251.25 1.34949
1251.35 1.35513
1251.45 1.34949
1251.55 1.35674
1251.65 1.34868
1251.75 1.35513
1251.86 1.34546
1251.96 1.35593
1252.06 1.35352
1252.16 1.35352
1252.26 1.34949
1252.36 1.35593
1252.46 1.34707
1252.56 1.35432
1252.66 1.34788
1252.76 1.35271
1252.86 1.35271
1252.96 1.3519
1253.06 1.34949
1253.16 1.33901
1253.26 1.36077
1253.36 1.34868
1253.46 1.34949
1253.57 1.35029
1253.67 1.36077
1253.77 1.35271
1253.87 1.35593
1253.97 1.34626
1254.07 1.35432
1254.17 1.34788
1254.27 1.35432
1254.37 1.34546
1254.47 1.35593
1254.57 1.3511
1254.67 1.35593
1254.77 1.34788
1254.87 1.36238
1254.97 1.34465
1255.07 1.35029
1255.17 1.34385
1255.28 1.36077
1255.38 1.35029
1255.48 1.35432
1255.58 1.34465
1255.68 1.35915
1255.78 1.34949
1255.88 1.35593
1255.98 1.34546
1256.08 1.34949
1256.18 1.34868
1256.28 1.35029
1256.38 1.34062
1256.48 1.35352
1256.58 1.3519
1256.68 1.34949
1256.79 1.34465
1256.88 1.3519
1256.99 1.3511
1257.09 1.34465
1257.19 1.34949
1257.29 1.35029
1257.39 1.34949
1257.49 1.3519
1257.59 1.34062
1257.69 1.34788
1257.79 1.35029
1257.89 1.33982
1257.99 1.34143
1258.09 1.3374
1258.19 1.35835
1258.29 1.34546
1258.4 1.34707
1258.5 1.3519
1258.6 1.35352
1258.7 1.34788
1258.8 1.34868
1258.9 1.33982
1259.0 1.35915
1259.1 1.35029
1259.2 1.35271
1259.3 1.34788
1259.4 1.35674
1259.5 1.3519
1259.6 1.3519
1259.7 1.34546
1259.8 1.35674
1259.9 1.34546
1260.0 1.35352
1260.11 1.34465
1260.21 1.35432
1260.31 1.34949
1260.41 1.35029
1260.51 1.34546
1260.61 1.35754
1260.71 1.35674
1260.81 1.34304
1260.91 1.3511
1261.01 1.34788
1261.11 1.36077
1261.21 1.34788
1261.31 1.34707
1261.41 1.34304
1261.51 1.35996
1261.61 1.3511
1261.71 1.34868
1261.81 1.34626
1261.92 1.36238
1262.02 1.35029
1262.12 1.3511
1262.22 1.34788
1262.32 1.36238
1262.42 1.35352
1262.52 1.35352
1262.62 1.34546
1262.72 1.35835
1262.82 1.34868
1262.92 1.35513
1263.02 1.34546
1263.12 1.34868
1263.22 1.3511
1263.32 1.34788
1263.42 1.35432
1263.52 1.34143
1263.63 1.36238
1263.73 1.34707
1263.83 1.34868
1263.93 1.3519
1264.03 1.34949
1264.13 1.34143
1264.23 1.3511
1264.33 1.34304
1264.43 1.35674
1264.53 1.34868
1264.63 1.34868
1264.73 1.33821
1264.83 1.36077
1264.93 1.34949
1265.03 1.35029
1265.13 1.34385
1265.23 1.36157
1265.33 1.34868
1265.44 1.35271
1265.54 1.34546
1265.64 1.35674
1265.74 1.34868
1265.84 1.35029
1265.94 1.34788
1266.04 1.35915
1266.14 1.35029
1266.24 1.34707
1266.34 1.34465
1266.44 1.35915
1266.54 1.3519
1266.64 1.34707
1266.74 1.34626
1266.84 1.34626
1266.95 1.34788
1267.05 1.33982
1267.15 1.34868
1267.25 1.35432
1267.35 1.35835
1267.45 1.34868
1267.55 1.34868
1267.65 1.34224
1267.75 1.35593
1267.85 1.34788
1267.95 1.34546
1268.05 1.34465
1268.15 1.36077
1268.25 1.3511
1268.35 1.34546
1268.45 1.34304
1268.55 1.35996
1268.65 1.34868
1268.75 1.3519
1268.86 1.34143
1268.96 1.36479
1269.06 1.34626
1269.16 1.34949
1269.26 1.34385
1269.36 1.35593
1269.46 1.34626
1269.56 1.3511
1269.66 1.34626
1269.76 1.35996
1269.86 1.35271
1269.96 1.3511
1270.06 1.34707
1270.16 1.35915
1270.26 1.3519
1270.37 1.34546
1270.46 1.34707
1270.57 1.35754
1270.67 1.34546
1270.77 1.34949
1270.87 1.34707
1270.97 1.35996
1271.07 1.35271
1271.17 1.34465
1271.27 1.34707
1271.37 1.35996
1271.47 1.34788
1271.57 1.35029
1271.67 1.34868
1271.77 1.35674
1271.88 1.3511
1271.97 1.34868
1272.07 1.34546
1272.17 1.35593
1272.28 1.3511
1272.38 1.34949
1272.48 1.34949
1272.58 1.35754
1272.68 1.35029
1272.78 1.34949
1272.88 1.34788
1272.98 1.34949
1273.08 1.3519
1273.18 1.34868
1273.28 1.34224
1273.38 1.35674
1273.48 1.35996
1273.58 1.34788
1273.69 1.35029
1273.78 1.3519
1273.89 1.34949
1273.99 1.34626
1274.09 1.35029
1274.19 1.34626
1274.29 1.35915
1274.39 1.34626
1274.49 1.34385
1274.59 1.35513
1274.69 1.35915
1274.79 1.34465
1274.89 1.35029
1274.99 1.35432
1275.09 1.36479
1275.19 1.34626
1275.29 1.34626
1275.4 1.34949
1275.5 1.35996
1275.6 1.34143
1275.7 1.3511
1275.8 1.3519
1275.9 1.36238
1276.0 1.34465
1276.1 1.31807
1276.2 1.35352
1276.3 1.35271
1276.4 1.34465
1276.5 1.35271
1276.6 1.35029
1276.7 1.35513
1276.8 1.34224
1276.9 1.34788
1277.0 1.34868
1277.1 1.35754
1277.2 1.34707
1277.31 1.3519
1277.41 1.34707
1277.51 1.35513
1277.61 1.34949
1277.71 1.34143
1277.81 1.34788
1277.91 1.34788
1278.01 1.34707
1278.11 1.34465
1278.21 1.3519
1278.31 1.35352
1278.41 1.3511
1278.51 1.34143
1278.61 1.35754
1278.71 1.34949
1278.81 1.3519
1278.92 1.34385
1279.02 1.35513
1279.12 1.34465
1279.22 1.35835
1279.32 1.34224
1279.42 1.3519
1279.52 1.35271
1279.62 1.35674
1279.72 1.34224
1279.82 1.34465
1279.92 1.34949
1280.02 1.35352
1280.12 1.34546
1280.22 1.35674
1280.32 1.3511
1280.42 1.35915
1280.53 1.34304
1280.62 1.35593
1280.73 1.34385
1280.83 1.35432
1280.93 1.34385
1281.03 1.3511
1281.13 1.35029
1281.23 1.35513
1281.33 1.34385
1281.43 1.35271
1281.53 1.3519
1281.63 1.35915
1281.73 1.34788
1281.83 1.35271
1281.93 1.35271
1282.03 1.35432
1282.13 1.34465
1282.23 1.3519
1282.34 1.34949
1282.44 1.35513
1282.54 1.34546
1282.64 1.35029
1282.74 1.3519
1282.84 1.35432
1282.94 1.34385
1283.04 1.35593
1283.14 1.3511
1283.24 1.35029
1283.34 1.34304
1283.44 1.35352
1283.54 1.35432
1283.64 1.34788
1283.74 1.35029
1283.84 1.35352
1283.94 1.3519
1284.04 1.34385
1284.15 1.35432
1284.25 1.34707
1284.35 1.3511
1284.45 1.34062
1284.55 1.35835
1284.65 1.34868
1284.75 1.35593
1284.85 1.34626
1284.95 1.35352
1285.05 1.34868
1285.15 1.35352
1285.25 1.35029
1285.35 1.35754
1285.45 1.3511
1285.55 1.35432
1285.66 1.33982
1285.75 1.3519
1285.86 1.34868
1285.96 1.35835
1286.06 1.34868
1286.16 1.35432
1286.26 1.35029
1286.36 1.35674
1286.46 1.34626
1286.56 1.35029
1286.66 1.35029
1286.76 1.3519
1286.86 1.34788
1286.96 1.35593
1287.06 1.3511
1287.16 1.3511
1287.26 1.34465
1287.36 1.3511
1287.47 1.34949
1287.57 1.34868
1287.67 1.3519
1287.77 1.3511
1287.87 1.3519
1287.97 1.34868
1288.07 1.34949
1288.17 1.33982
1288.27 1.35835
1288.37 1.34546
1288.47 1.3511
1288.57 1.34224
1288.67 1.36157
1288.77 1.34949
1288.87 1.3519
1288.97 1.34143
1289.07 1.35915
1289.17 1.35029
1289.28 1.3519
1289.38 1.33901
1289.48 1.35915
1289.58 1.34626
1289.68 1.3511
1289.78 1.34465
1289.88 1.35915
1289.98 1.35029
1290.08 1.3519
1290.18 1.34465
1290.28 1.35996
1290.38 1.34868
1290.48 1.35432
1290.58 1.34385
1290.68 1.35754
1290.78 1.34788
1290.88 1.34788
1290.99 1.34465
1291.09 1.35915
1291.19 1.34949
1291.29 1.34868
1291.39 1.34949
1291.49 1.36077
1291.59 1.34788
1291.69 1.35352
1291.79 1.34465
1291.89 1.35513
1291.99 1.34868
1292.09 1.34707
1292.19 1.34626
1292.29 1.36238
1292.39 1.34949
1292.5 1.34707
1292.6 1.34465
1292.7 1.35996
1292.8 1.3511
1292.9 1.34949
1293.0 1.34304
1293.1 1.35996
1293.2 1.34707
1293.3 1.34868
1293.4 1.34707
1293.5 1.35835
1293.6 1.34788
1293.7 1.34949
1293.8 1.34707
1293.9 1.36077
1294.0 1.34949
1294.1 1.34224
1294.21 1.34626
1294.31 1.35996
1294.41 1.34949
1294.51 1.34546
1294.61 1.34626
1294.71 1.35513
1294.81 1.35029
1294.91 1.34788
1295.01 1.34546
1295.11 1.35835
1295.21 1.35271
1295.31 1.35029
1295.41 1.34868
1295.51 1.35432
1295.61 1.3511
1295.71 1.34304
1295.81 1.35352
1295.92 1.3511
1296.01 1.36077
1296.12 1.34707
1296.22 1.34949
1296.32 1.34304
1296.42 1.35029
1296.52 1.34465
1296.62 1.34949
1296.72 1.34707
1296.82 1.35915
1296.92 1.34304
1297.02 1.34788
1297.12 1.34385
1297.22 1.35915
1297.32 1.34385
1297.42 1.34949
1297.52 1.34385
1297.62 1.36077
1297.72 1.34626
1297.83 1.34949
1297.93 1.34788
1298.03 1.35915
1298.13 1.34546
1298.23 1.35271
1298.33 1.3519
1298.43 1.35915
1298.53 1.34626
1298.63 1.3511
1298.73 1.35029
1298.83 1.36399
1298.93 1.34304
1299.03 1.3519
1299.13 1.35432
1299.23 1.35915
1299.33 1.34143
1299.44 1.34788
1299.54 1.35029
1299.64 1.35513
1299.74 1.34546
1299.84 1.3366
1299.94 1.35352
1300.04 1.35835
1300.14 1.35432
1300.24 1.34707
1300.34 1.35432
1300.44 1.35432
1300.54 1.34385
1300.64 1.34224
1300.74 1.35513
1300.84 1.35029
1300.94 1.35754
1301.04 1.34949
1301.14 1.35513
1301.25 1.35754
1301.35 1.35593
1301.45 1.34465
1301.55 1.35513
1301.65 1.34868
1301.75 1.35996
1301.85 1.34385
1301.95 1.35432
1302.05 1.34224
1302.15 1.35915
1302.25 1.34224
1302.35 1.3519
1302.45 1.34304
1302.55 1.35674
1302.65 1.34143
1302.75 1.35593
1302.85 1.35271
1302.96 1.35835
1303.06 1.34707
1303.16 1.3519
1303.26 1.3511
1303.36 1.35513
1303.46 1.34868
1303.56 1.35513
1303.66 1.35432
1303.76 1.35352
1303.86 1.34143
1303.96 1.35352
1304.06 1.3519
1304.16 1.35432
1304.26 1.35754
1304.36 1.34626
1304.46 1.35593
1304.56 1.34788
1304.66 1.35513
1304.77 1.34626
1304.87 1.35915
1304.97 1.34546
1305.07 1.35674
1305.17 1.34868
1305.27 1.35432
1305.37 1.34626
1305.47 1.35674
1305.57 1.34707
1305.67 1.35674
1305.77 1.3511
1305.87 1.35835
1305.97 1.34788
1306.07 1.35674
1306.17 1.34788
1306.27 1.35352
1306.37 1.34626
1306.47 1.35432
1306.58 1.34224
1306.68 1.34465
1306.78 1.33337
1306.88 1.33901
1306.98 1.33096
1307.08 1.33337
1307.18 1.32693
1307.28 1.33015
1307.38 1.32532
1307.48 1.32612
1307.58 1.32209
1307.68 1.32612
1307.78 1.31726
1307.88 1.32532
1307.98 1.32048
1308.08 1.32612
1308.19 1.3229
1308.29 1.33015
1308.39 1.33337
1308.49 1.33096
1308.59 1.33015
1308.69 1.33579
1308.79 1.33418
1308.89 1.33257
1308.99 1.33498
1309.09 1.32854
1309.19 1.34465
1309.29 1.3366
1309.39 1.34062
1309.49 1.34707
1309.59 1.35029
1309.69 1.35271
1309.79 1.34788
1309.9 1.35754
1310.0 1.35271
1310.1 1.35432
1310.2 1.34868
1310.3 1.34868
1310.4 1.35432
1310.5 1.34868
1310.6 1.3511
1310.7 1.34385
1310.8 1.35915
1310.9 1.35029
1311.0 1.35432
1311.1 1.34788
1311.2 1.35513
1311.3 1.35432
1311.41 1.34707
1311.5 1.33982
1311.61 1.35754
1311.71 1.3519
1311.81 1.3519
1311.91 1.3519
1312.01 1.35915
1312.11 1.35271
1312.21 1.3519
1312.31 1.34707
1312.41 1.36399
1312.51 1.35029
1312.61 1.3519
1312.71 1.34949
1312.81 1.36399
1312.91 1.35271
1313.01 1.35513
1313.12 1.34546
1313.21 1.36399
1313.32 1.35352
1313.42 1.34788
1313.52 1.34868
1313.62 1.36238
1313.72 1.34949
1313.82 1.35352
1313.92 1.34949
1314.02 1.35271
1314.12 1.3519
1314.22 1.3511
1314.32 1.34788
1314.42 1.36077
1314.52 1.36479
1314.62 1.35029
1314.72 1.34949
1314.82 1.34143
1314.92 1.34949
1315.03 1.34626
1315.12 1.34465
1315.23 1.34707
1315.33 1.35915
1315.43 1.34788
1315.53 1.34949
1315.63 1.34949
1315.73 1.35915
1315.83 1.3511
1315.93 1.34949
1316.03 1.34949
1316.13 1.36399
1316.23 1.3519
1316.33 1.3519
1316.43 1.3511
1316.53 1.35996
1316.63 1.3511
1316.73 1.34868
1316.83 1.34626
1316.94 1.36399
1317.04 1.34868
1317.14 1.34949
1317.24 1.3511
1317.34 1.35835
1317.44 1.34868
1317.54 1.3511
1317.64 1.3519
1317.74 1.35754
1317.84 1.34788
1317.94 1.35029
1318.04 1.34707
1318.14 1.36077
1318.24 1.34385
1318.34 1.35029
1318.44 1.35352
1318.54 1.36238
1318.65 1.34626
1318.75 1.34949
1318.85 1.3511
1318.95 1.35513
1319.05 1.34465
1319.15 1.35271
1319.25 1.35029
1319.35 1.36157
1319.45 1.34707
1319.55 1.35029
1319.65 1.34868
1319.75 1.35754
1319.85 1.34868
1319.95 1.34465
1320.05 1.3511
1320.15 1.35029
1320.25 1.36077
1320.35 1.34465
1320.46 1.35352
1320.56 1.34707
1320.66 1.35915
1320.76 1.33982