1.72 520.00 
1.88 520.00 
1.98 520.00 
2.09 520.00 
2.20 520.00 
2.30 520.00 
2.41 520.00 
2.51 520.00 
2.62 520.00 
2.72 520.00 
2.83 520.00 
2.93 520.00 
3.04 520.00 
3.14 520.00 
3.25 520.00 
3.35 520.00 
3.46 520.00 
3.56 520.00 
3.67 520.00 
3.77 520.00 
3.88 520.00 
3.98 520.00 
4.09 520.00 
4.19 520.00 
4.30 520.00 
4.40 520.00 
4.51 520.00 
4.61 520.00 
4.72 520.00 
4.82 520.00 
4.93 520.00 
5.03 520.00 
5.14 520.00 
5.24 520.00 
5.35 520.00 
5.45 520.00 
5.56 520.00 
5.66 520.00 
5.77 520.00 
5.87 520.00 
5.99 520.00 
6.09 520.00 
6.20 520.00 
6.30 520.00 
6.41 520.00 
6.51 520.00 
6.62 520.00 
6.72 520.00 
6.83 520.00 
6.93 520.00 
7.04 520.00 
7.14 520.00 
7.25 520.00 
7.35 520.00 
7.46 520.00 
7.56 520.00 
7.67 520.00 
7.77 519.00 
7.88 520.00 
7.98 520.00 
8.09 520.00 
8.19 520.00 
8.30 520.00 
8.40 520.00 
8.51 520.00 
8.61 520.00 
8.72 520.00 
8.82 520.00 
8.93 520.00 
9.03 520.00 
9.14 520.00 
9.25 519.00 
9.35 520.00 
9.46 520.00 
9.56 520.00 
9.67 520.00 
9.77 520.00 
9.88 520.00 
9.98 520.00 
10.10 520.00 
10.20 520.00 
10.31 520.00 
10.41 520.00 
10.52 520.00 
10.62 520.00 
10.73 520.00 
10.83 520.00 
10.94 520.00 
11.04 520.00 
11.15 519.00 
11.25 520.00 
11.36 520.00 
11.46 520.00 
11.57 520.00 
11.67 520.00 
11.78 520.00 
11.88 520.00 
11.99 520.00 
12.09 520.00 
12.20 520.00 
12.30 520.00 
12.41 520.00 
12.51 519.00 
12.62 520.00 
12.72 520.00 
12.83 520.00 
12.93 520.00 
13.04 520.00 
13.14 520.00 
13.25 520.00 
13.35 520.00 
13.46 520.00 
13.56 520.00 
13.67 520.00 
13.78 520.00 
13.88 520.00 
14.00 520.00 
14.10 520.00 
14.21 520.00 
14.31 520.00 
14.42 520.00 
14.52 520.00 
14.63 519.00 
14.73 520.00 
14.84 520.00 
14.94 520.00 
15.05 519.00 
15.15 520.00 
15.26 520.00 
15.36 520.00 
15.47 520.00 
15.57 520.00 
15.68 520.00 
15.78 520.00 
15.89 520.00 
15.99 520.00 
16.10 520.00 
16.20 520.00 
16.31 520.00 
16.41 520.00 
16.52 520.00 
16.62 520.00 
16.73 520.00 
16.83 520.00 
16.94 520.00 
17.04 520.00 
17.15 520.00 
17.25 520.00 
17.36 520.00 
17.46 520.00 
17.57 520.00 
17.67 520.00 
17.79 520.00 
17.89 520.00 
18.00 520.00 
18.10 519.00 
18.21 520.00 
18.31 520.00 
18.42 520.00 
18.52 520.00 
18.63 520.00 
18.73 520.00 
18.84 520.00 
18.94 520.00 
19.05 520.00 
19.15 520.00 
19.26 520.00 
19.36 520.00 
19.47 520.00 
19.57 520.00 
19.68 520.00 
19.78 520.00 
19.89 520.00 
20.00 520.00 
20.10 520.00 
20.20 520.00 
20.31 520.00 
20.42 520.00 
20.52 520.00 
20.63 520.00 
20.73 520.00 
20.84 520.00 
20.94 520.00 
21.05 520.00 
21.15 520.00 
21.26 520.00 
21.36 520.00 
21.47 520.00 
21.57 520.00 
21.68 520.00 
21.79 520.00 
21.89 520.00 
22.00 520.00 
22.10 520.00 
22.21 520.00 
22.31 520.00 
22.42 520.00 
22.52 520.00 
22.63 520.00 
22.74 519.00 
22.84 520.00 
22.95 520.00 
23.05 520.00 
23.16 520.00 
23.26 520.00 
23.37 520.00 
23.47 520.00 
23.58 520.00 
23.68 520.00 
23.79 520.00 
23.89 520.00 
24.00 520.00 
24.10 520.00 
24.21 520.00 
24.31 520.00 
24.42 520.00 
24.52 520.00 
24.63 520.00 
24.73 520.00 
24.84 520.00 
24.94 520.00 
25.05 520.00 
25.15 520.00 
25.26 520.00 
25.36 520.00 
25.47 520.00 
25.58 520.00 
25.69 520.00 
25.79 520.00 
25.90 520.00 
26.00 520.00 
26.11 520.00 
26.21 520.00 
26.32 520.00 
26.42 520.00 
26.53 520.00 
26.63 520.00 
26.74 520.00 
26.84 520.00 
26.95 520.00 
27.05 520.00 
27.16 520.00 
27.26 520.00 
27.37 520.00 
27.47 520.00 
27.58 520.00 
27.69 520.00 
27.79 520.00 
27.90 520.00 
28.00 520.00 
28.11 520.00 
28.21 520.00 
28.32 520.00 
28.42 520.00 
28.53 520.00 
28.63 520.00 
28.74 520.00 
28.84 520.00 
28.95 520.00 
29.05 520.00 
29.16 520.00 
29.26 520.00 
29.38 520.00 
29.48 520.00 
29.59 520.00 
29.69 520.00 
29.80 521.00 
29.90 523.00 
30.01 521.00 
30.11 521.00 
30.22 520.00 
30.32 523.00 
30.43 522.00 
30.53 521.00 
30.64 519.00 
30.74 519.00 
30.85 519.00 
30.95 519.00 
31.06 521.00 
31.17 520.00 
31.27 522.00 
31.38 521.00 
31.48 521.00 
31.59 519.00 
31.69 519.00 
31.80 520.00 
31.90 522.00 
32.01 520.00 
32.11 517.00 
32.22 520.00 
32.32 522.00 
32.43 522.00 
32.53 520.00 
32.64 518.00 
32.74 519.00 
32.85 519.00 
32.95 520.00 
33.06 524.00 
33.16 518.00 
33.28 519.00 
33.38 519.00 
33.49 517.00 
33.60 517.00 
33.70 518.00 
33.81 519.00 
33.92 518.00 
34.02 519.00 
34.13 518.00 
34.24 519.00 
34.34 518.00 
34.45 519.00 
34.55 519.00 
34.66 520.00 
34.77 518.00 
34.87 518.00 
34.98 518.00 
35.09 520.00 
35.19 520.00 
35.30 522.00 
35.40 520.00 
35.51 519.00 
35.61 521.00 
35.72 518.00 
35.83 519.00 
35.93 518.00 
36.04 519.00 
36.14 518.00 
36.25 519.00 
36.36 518.00 
36.46 519.00 
36.57 519.00 
36.67 518.00 
36.78 522.00 
36.89 518.00 
36.99 521.00 
37.11 520.00 
37.21 523.00 
37.32 521.00 
37.42 521.00 
37.53 521.00 
37.63 521.00 
37.74 521.00 
37.85 520.00 
37.95 521.00 
38.06 521.00 
38.17 521.00 
38.27 521.00 
38.38 519.00 
38.48 519.00 
38.59 518.00 
38.70 518.00 
38.80 518.00 
38.91 519.00 
39.02 517.00 
39.12 519.00 
39.23 519.00 
39.34 519.00 
39.44 519.00 
39.55 519.00 
39.65 519.00 
39.76 521.00 
39.87 523.00 
39.97 520.00 
40.08 521.00 
40.19 521.00 
40.29 522.00 
40.40 521.00 
40.51 520.00 
40.61 522.00 
40.72 520.00 
40.82 521.00 
40.93 519.00 
41.04 519.00 
41.15 520.00 
41.26 521.00 
41.36 521.00 
41.47 521.00 
41.58 523.00 
41.68 521.00 
41.79 521.00 
41.89 522.00 
42.00 522.00 
42.11 520.00 
42.21 521.00 
42.32 520.00 
42.43 520.00 
42.53 521.00 
42.64 520.00 
42.75 523.00 
42.85 520.00 
42.96 522.00 
43.06 520.00 
43.17 521.00 
43.28 522.00 
43.38 522.00 
43.49 522.00 
43.60 521.00 
43.70 520.00 
43.81 520.00 
43.91 518.00 
44.02 520.00 
44.13 518.00 
44.23 519.00 
44.34 520.00 
44.44 520.00 
44.55 523.00 
44.65 522.00 
44.76 521.00 
44.87 523.00 
44.98 521.00 
45.09 520.00 
45.19 519.00 
45.30 517.00 
45.40 519.00 
45.51 522.00 
45.62 520.00 
45.72 521.00 
45.83 523.00 
45.93 521.00 
46.04 522.00 
46.15 521.00 
46.25 520.00 
46.36 521.00 
46.46 521.00 
46.57 522.00 
46.68 523.00 
46.78 523.00 
46.89 520.00 
47.00 519.00 
47.10 519.00 
47.21 521.00 
47.31 523.00 
47.42 521.00 
47.53 522.00 
47.63 518.00 
47.74 518.00 
47.85 520.00 
47.95 519.00 
48.06 522.00 
48.17 521.00 
48.27 522.00 
48.38 521.00 
48.49 522.00 
48.59 519.00 
48.70 520.00 
48.81 520.00 
48.92 520.00 
49.03 520.00 
49.13 520.00 
49.24 520.00 
49.34 520.00 
49.45 520.00 
49.56 520.00 
49.66 520.00 
49.77 520.00 
49.88 520.00 
49.98 520.00 
50.09 520.00 
50.20 520.00 
50.30 520.00 
50.41 520.00 
50.52 520.00 
50.62 520.00 
50.73 520.00 
50.84 520.00 
50.94 520.00 
51.05 520.00 
51.15 520.00 
51.26 520.00 
51.37 520.00 
51.47 520.00 
51.58 520.00 
51.69 520.00 
51.79 520.00 
51.90 520.00 
52.01 520.00 
52.11 519.00 
52.22 520.00 
52.33 520.00 
52.43 520.00 
52.54 520.00 
52.65 520.00 
52.76 520.00 
52.87 520.00 
52.97 520.00 
53.08 520.00 
53.18 520.00 
53.29 520.00 
53.40 520.00 
53.50 520.00 
53.61 520.00 
53.72 520.00 
53.82 520.00 
53.93 520.00 
54.04 520.00 
54.14 520.00 
54.25 520.00 
54.36 520.00 
54.46 520.00 
54.57 520.00 
54.68 520.00 
54.78 520.00 
54.89 520.00 
54.99 520.00 
55.10 520.00 
55.21 520.00 
55.31 520.00 
55.42 520.00 
55.53 520.00 
55.63 520.00 
55.74 520.00 
55.85 520.00 
55.95 520.00 
56.06 520.00 
56.17 520.00 
56.27 520.00 
56.38 520.00 
56.49 520.00 
56.60 520.00 
56.71 520.00 
56.81 520.00 
56.92 520.00 
57.02 520.00 
57.13 520.00 
57.24 520.00 
57.34 520.00 
57.45 520.00 
57.56 521.00 
57.66 520.00 
57.77 520.00 
57.88 520.00 
57.98 520.00 
58.09 519.00 
58.20 520.00 
58.30 520.00 
58.41 520.00 
58.52 520.00 
58.62 520.00 
58.73 520.00 
58.83 520.00 
58.94 520.00 
59.05 520.00 
59.15 520.00 
59.26 520.00 
59.37 520.00 
59.47 520.00 
59.58 520.00 
