1.79 520.00 
1.94 520.00 
2.05 520.00 
2.15 520.00 
2.26 520.00 
2.37 520.00 
2.47 520.00 
2.58 520.00 
2.68 520.00 
2.79 520.00 
2.89 520.00 
3.00 520.00 
3.10 520.00 
3.21 520.00 
3.31 520.00 
3.42 520.00 
3.52 520.00 
3.63 520.00 
3.73 520.00 
3.84 520.00 
3.94 520.00 
4.05 520.00 
4.15 520.00 
4.26 520.00 
4.36 520.00 
4.47 520.00 
4.57 520.00 
4.68 520.00 
4.78 520.00 
4.89 520.00 
4.99 520.00 
5.10 519.00 
5.20 520.00 
5.31 520.00 
5.41 520.00 
5.52 520.00 
5.63 520.00 
5.73 520.00 
5.84 520.00 
5.94 520.00 
6.05 520.00 
6.16 520.00 
6.26 520.00 
6.37 520.00 
6.47 520.00 
6.58 520.00 
6.68 520.00 
6.79 520.00 
6.89 520.00 
7.00 520.00 
7.10 520.00 
7.21 519.00 
7.31 520.00 
7.42 520.00 
7.53 520.00 
7.63 519.00 
7.74 520.00 
7.84 520.00 
7.95 520.00 
8.05 520.00 
8.15 520.00 
8.26 520.00 
8.36 520.00 
8.47 520.00 
8.58 520.00 
8.68 520.00 
8.79 520.00 
8.89 520.00 
9.00 519.00 
9.10 520.00 
9.21 520.00 
9.31 520.00 
9.42 520.00 
9.52 520.00 
9.63 520.00 
9.73 520.00 
9.84 520.00 
9.94 519.00 
10.05 520.00 
10.16 520.00 
10.27 519.00 
10.37 520.00 
10.48 520.00 
10.58 520.00 
10.69 520.00 
10.79 519.00 
10.90 520.00 
11.00 520.00 
11.11 520.00 
11.21 520.00 
11.32 520.00 
11.42 520.00 
11.53 520.00 
11.63 520.00 
11.74 520.00 
11.84 520.00 
11.95 520.00 
12.05 520.00 
12.20 520.00 
12.31 519.00 
12.41 520.00 
12.52 520.00 
12.62 520.00 
12.73 520.00 
12.83 520.00 
12.94 520.00 
13.04 520.00 
13.15 520.00 
13.25 520.00 
13.36 520.00 
13.46 520.00 
13.57 520.00 
13.67 519.00 
13.78 520.00 
13.88 520.00 
13.99 520.00 
14.10 520.00 
14.21 520.00 
14.31 520.00 
14.42 520.00 
14.52 520.00 
14.63 520.00 
14.73 520.00 
14.84 520.00 
14.94 520.00 
15.05 520.00 
15.15 520.00 
15.26 520.00 
15.36 520.00 
15.47 520.00 
15.57 520.00 
15.68 520.00 
15.78 520.00 
15.89 520.00 
16.00 520.00 
16.10 520.00 
16.21 520.00 
16.31 520.00 
16.42 520.00 
16.52 520.00 
16.63 520.00 
16.73 520.00 
16.84 520.00 
16.94 520.00 
17.05 520.00 
17.15 520.00 
17.26 520.00 
17.36 520.00 
17.47 519.00 
17.57 520.00 
17.68 519.00 
17.78 520.00 
17.90 520.00 
18.00 520.00 
18.11 520.00 
18.21 520.00 
18.32 520.00 
18.42 520.00 
18.53 520.00 
18.63 520.00 
18.74 519.00 
18.84 520.00 
18.95 520.00 
19.05 520.00 
19.16 520.00 
19.26 520.00 
19.37 520.00 
19.47 520.00 
19.58 520.00 
19.68 520.00 
19.79 519.00 
19.89 520.00 
20.00 520.00 
20.10 520.00 
20.21 520.00 
20.31 520.00 
20.42 520.00 
20.52 520.00 
20.63 520.00 
20.74 520.00 
20.84 519.00 
20.95 520.00 
21.05 520.00 
21.16 520.00 
21.26 520.00 
21.37 520.00 
21.47 520.00 
21.58 520.00 
21.68 520.00 
21.79 520.00 
21.90 520.00 
22.00 520.00 
22.11 520.00 
22.21 520.00 
22.32 520.00 
22.42 520.00 
22.55 520.00 
22.66 520.00 
22.77 520.00 
22.87 520.00 
22.98 520.00 
23.08 520.00 
23.19 520.00 
23.29 520.00 
23.40 520.00 
23.50 520.00 
23.61 520.00 
23.71 520.00 
23.82 520.00 
23.92 520.00 
24.03 520.00 
24.13 520.00 
24.24 520.00 
24.34 520.00 
24.45 520.00 
24.55 520.00 
24.66 520.00 
24.76 520.00 
24.87 520.00 
24.97 520.00 
25.08 520.00 
25.18 520.00 
25.29 520.00 
25.39 520.00 
25.50 520.00 
25.60 520.00 
25.71 520.00 
25.81 520.00 
25.92 520.00 
26.02 520.00 
26.13 520.00 
26.23 520.00 
26.34 520.00 
26.44 520.00 
26.55 520.00 
26.65 519.00 
26.76 519.00 
26.86 519.00 
26.97 520.00 
27.07 520.00 
27.18 520.00 
27.28 520.00 
27.39 520.00 
27.50 520.00 
27.60 520.00 
27.70 520.00 
27.81 520.00 
27.92 520.00 
28.02 520.00 
28.12 519.00 
28.23 520.00 
28.33 520.00 
28.44 520.00 
28.54 520.00 
28.65 520.00 
28.75 520.00 
28.86 520.00 
28.97 520.00 
29.07 520.00 
29.18 519.00 
29.28 520.00 
29.39 520.00 
29.50 520.00 
29.61 519.00 
29.71 520.00 
29.82 519.00 
29.92 520.00 
30.03 519.00 
30.13 520.00 
30.24 520.00 
30.34 520.00 
30.45 520.00 
30.55 520.00 
30.66 520.00 
30.76 520.00 
30.87 520.00 
30.97 520.00 
31.08 519.00 
31.18 520.00 
31.29 520.00 
31.39 520.00 
31.50 520.00 
31.60 520.00 
31.71 520.00 
31.81 520.00 
31.92 520.00 
32.02 520.00 
32.13 520.00 
32.23 520.00 
32.34 520.00 
32.45 520.00 
32.55 520.00 
32.66 520.00 
32.76 520.00 
32.87 520.00 
32.97 520.00 
33.10 520.00 
33.21 520.00 
33.31 520.00 
33.43 520.00 
33.53 520.00 
33.64 520.00 
33.75 520.00 
33.85 519.00 
33.96 520.00 
34.06 520.00 
34.17 520.00 
34.28 520.00 
34.38 520.00 
34.49 520.00 
34.60 520.00 
34.70 520.00 
34.81 520.00 
34.91 520.00 
35.02 520.00 
35.13 520.00 
35.23 520.00 
35.34 520.00 
35.44 520.00 
35.55 520.00 
35.66 520.00 
35.76 520.00 
35.87 520.00 
35.97 520.00 
36.08 520.00 
36.18 520.00 
36.29 520.00 
36.40 520.00 
36.50 520.00 
36.61 520.00 
36.71 520.00 
36.82 520.00 
36.93 520.00 
37.03 520.00 
37.14 520.00 
37.25 520.00 
37.36 520.00 
37.46 520.00 
37.57 520.00 
37.68 520.00 
37.78 520.00 
37.89 520.00 
37.99 520.00 
38.10 520.00 
38.21 520.00 
38.31 520.00 
38.42 520.00 
38.53 520.00 
38.63 520.00 
38.74 520.00 
38.85 520.00 
38.95 520.00 
39.06 519.00 
39.17 520.00 
39.27 520.00 
39.38 520.00 
39.49 520.00 
39.59 520.00 
39.70 520.00 
39.80 520.00 
39.91 520.00 
40.02 520.00 
40.12 520.00 
40.23 520.00 
40.33 520.00 
40.44 520.00 
40.54 520.00 
40.65 520.00 
40.76 520.00 
40.86 520.00 
40.97 520.00 
41.08 520.00 
41.19 520.00 
41.29 520.00 
41.40 520.00 
41.51 520.00 
41.61 520.00 
41.72 520.00 
41.83 520.00 
41.93 520.00 
42.04 520.00 
42.14 520.00 
42.25 520.00 
42.36 520.00 
42.46 520.00 
42.57 520.00 
42.67 520.00 
42.78 520.00 
42.88 520.00 
42.99 520.00 
43.10 520.00 
43.20 520.00 
43.31 520.00 
43.42 520.00 
43.53 520.00 
43.64 520.00 
43.75 520.00 
43.85 520.00 
43.96 520.00 
44.06 519.00 
44.17 520.00 
44.28 520.00 
44.38 520.00 
44.49 520.00 
44.59 520.00 
44.70 520.00 
44.81 520.00 
44.91 520.00 
45.02 520.00 
45.13 520.00 
45.24 520.00 
45.34 520.00 
45.45 520.00 
45.55 519.00 
45.66 520.00 
45.77 520.00 
45.87 520.00 
45.98 520.00 
46.08 520.00 
46.19 519.00 
46.30 519.00 
46.40 520.00 
46.51 520.00 
46.61 520.00 
46.72 520.00 
46.83 520.00 
46.93 520.00 
47.04 520.00 
47.15 520.00 
47.25 520.00 
47.36 520.00 
47.47 520.00 
47.57 520.00 
47.68 520.00 
47.78 520.00 
47.89 520.00 
48.00 520.00 
48.10 519.00 
48.21 520.00 
48.32 520.00 
48.42 520.00 
48.53 520.00 
48.64 520.00 
48.74 520.00 
48.85 520.00 
48.96 520.00 
49.07 520.00 
49.18 520.00 
49.28 520.00 
49.39 520.00 
49.49 520.00 
49.60 520.00 
49.71 520.00 
49.81 520.00 
49.92 520.00 
50.03 520.00 
50.13 520.00 
50.24 520.00 
50.35 520.00 
50.45 520.00 
50.56 520.00 
50.67 520.00 
50.77 520.00 
50.88 520.00 
50.98 520.00 
51.09 520.00 
51.20 520.00 
51.30 520.00 
51.41 520.00 
51.52 520.00 
51.62 520.00 
51.73 520.00 
51.84 520.00 
51.94 520.00 
52.05 520.00 
52.16 520.00 
52.26 520.00 
52.37 520.00 
52.47 520.00 
52.58 520.00 
52.69 520.00 
52.79 520.00 
52.90 520.00 
53.00 520.00 
53.11 520.00 
53.22 520.00 
53.32 520.00 
53.43 520.00 
53.53 520.00 
53.64 520.00 
53.75 520.00 
53.85 520.00 
53.96 520.00 
54.06 520.00 
54.17 520.00 
54.28 520.00 
54.38 520.00 
54.49 520.00 
54.59 520.00 
54.70 520.00 
54.81 520.00 
54.91 520.00 
55.02 520.00 
55.12 520.00 
55.23 520.00 
55.34 520.00 
55.44 520.00 
55.55 520.00 
55.66 520.00 
55.76 520.00 
55.87 520.00 
55.98 519.00 
56.08 519.00 
56.19 520.00 
56.30 520.00 
56.40 520.00 
56.51 520.00 
56.62 520.00 
56.73 519.00 
56.84 520.00 
56.94 520.00 
57.05 520.00 
57.15 520.00 
57.26 520.00 
57.37 520.00 
57.47 520.00 
57.58 520.00 
57.68 520.00 
57.79 520.00 
57.90 520.00 
58.00 520.00 
58.11 520.00 
58.22 520.00 
58.32 520.00 
58.43 520.00 
58.54 520.00 
58.64 520.00 
58.75 520.00 
58.86 520.00 
58.96 520.00 
59.07 520.00 
59.18 520.00 
59.28 520.00 
59.39 520.00 
59.50 520.00 
59.60 520.00 
59.71 520.00 
59.81 520.00 
59.92 520.00 
60.03 520.00 
60.13 520.00 
60.24 520.00 
60.35 520.00 
60.45 520.00 
60.56 520.00 
60.67 520.00 
60.78 520.00 
60.89 520.00 
60.99 520.00 
61.10 520.00 
61.21 520.00 
61.31 520.00 
61.42 520.00 
61.52 520.00 
61.63 520.00 
61.74 520.00 
61.84 520.00 
61.95 520.00 
62.06 520.00 
62.16 520.00 
62.27 520.00 
62.38 520.00 
62.48 520.00 
62.59 520.00 
62.70 520.00 
62.80 520.00 
62.91 520.00 
63.02 519.00 
63.12 520.00 
63.23 520.00 
63.34 520.00 
63.44 520.00 
63.55 520.00 
63.65 520.00 
63.76 520.00 
63.87 520.00 
63.97 520.00 
64.08 520.00 
64.19 520.00 
64.29 520.00 
64.40 520.00 
64.51 520.00 
64.62 520.00 
64.73 520.00 
64.83 520.00 
64.94 520.00 
65.04 520.00 
65.15 520.00 
65.26 520.00 
65.36 520.00 
65.47 520.00 
65.58 520.00 
65.68 520.00 
65.79 520.00 
65.90 520.00 
66.00 520.00 
66.11 520.00 
66.22 520.00 
66.32 520.00 
66.43 520.00 
66.54 520.00 
66.64 520.00 
66.75 520.00 
66.86 520.00 
66.96 520.00 
67.07 520.00 
67.18 520.00 
67.28 520.00 
67.39 520.00 
67.49 520.00 
67.60 520.00 
67.71 520.00 
67.81 520.00 
67.92 520.00 
68.03 520.00 
68.13 520.00 
68.24 520.00 
68.35 520.00 
68.46 525.00 
68.57 530.00 
68.67 533.00 
68.78 530.00 
68.88 526.00 
68.99 531.00 
69.10 537.00 
69.20 539.00 
69.31 529.00 
69.42 525.00 
69.52 529.00 
69.63 535.00 
69.74 536.00 
69.84 528.00 
69.95 524.00 
70.06 532.00 
70.16 538.00 
70.27 528.00 
70.38 525.00 
70.48 532.00 
70.59 538.00 
70.69 536.00 
70.80 526.00 
70.91 531.00 
71.01 536.00 
71.12 528.00 
71.23 527.00 
71.33 532.00 
71.44 536.00 
71.55 530.00 
71.65 525.00 
71.76 535.00 
71.87 538.00 
71.97 533.00 
72.08 526.00 
72.19 531.00 
72.30 535.00 
72.41 529.00 
72.51 526.00 
72.62 531.00 
72.72 536.00 
72.83 530.00 
72.94 525.00 
73.04 526.00 
73.15 537.00 
73.26 532.00 
73.36 528.00 
73.47 529.00 
73.58 534.00 
73.68 531.00 
73.79 525.00 
73.90 533.00 
74.00 537.00 
74.11 523.00 
74.22 529.00 
74.32 537.00 
74.43 527.00 
74.54 525.00 
74.64 539.00 
74.75 532.00 
74.86 524.00 
74.96 528.00 
75.07 540.00 
75.17 530.00 
75.28 526.00 
75.39 534.00 
75.49 537.00 
75.60 524.00 
75.71 533.00 
75.81 542.00 
75.92 529.00 
76.03 530.00 
76.13 536.00 
76.25 527.00 
76.35 534.00 
76.46 538.00 
76.56 531.00 
76.67 528.00 
76.78 535.00 
76.88 535.00 
76.99 527.00 
77.10 531.00 
77.20 540.00 
77.31 533.00 
77.42 531.00 
77.52 531.00 
77.63 535.00 
77.74 530.00 
77.84 519.00 
77.95 528.00 
78.06 537.00 
78.16 535.00 
78.27 525.00 
78.37 516.00 
78.48 530.00 
78.59 536.00 
78.69 537.00 
78.80 530.00 
78.91 523.00 
79.01 527.00 
79.12 538.00 
79.23 538.00 
79.33 530.00 
79.44 525.00 
79.55 533.00 
79.65 540.00 
79.76 531.00 
79.87 528.00 
79.97 535.00 
80.08 526.00 
80.18 537.00 
80.29 528.00 
80.39 527.00 
80.50 536.00 
80.61 526.00 
80.71 527.00 
80.82 539.00 
80.92 525.00 
81.03 534.00 
81.14 533.00 
81.24 526.00 
81.35 526.00 
81.45 535.00 
81.56 526.00 
81.67 531.00 
81.77 532.00 
81.88 530.00 
81.98 523.00 
82.09 532.00 
82.20 536.00 
82.30 534.00 
82.41 524.00 
82.52 532.00 
82.62 537.00 
82.73 532.00 
82.84 522.00 
82.94 528.00 
83.05 538.00 
83.15 532.00 
83.26 527.00 
83.37 529.00 
83.47 537.00 
83.58 537.00 
83.69 528.00 
83.79 528.00 
83.90 532.00 
84.01 533.00 
84.12 525.00 
84.23 531.00 
84.33 524.00 
84.44 525.00 
84.54 529.00 
84.65 536.00 
84.76 538.00 
84.86 529.00 
84.97 526.00 
85.08 528.00 
85.18 537.00 
85.29 533.00 
85.40 526.00 
85.50 525.00 
85.61 535.00 
85.71 537.00 
85.82 531.00 
85.93 531.00 
86.04 530.00 
86.14 538.00 
86.25 537.00 
86.35 526.00 
86.46 529.00 
86.57 533.00 
86.67 525.00 
86.78 531.00 
86.89 522.00 
86.99 531.00 
87.10 534.00 
87.21 537.00 
87.31 528.00 
87.42 531.00 
87.53 535.00 
87.63 541.00 
87.74 524.00 
87.84 529.00 
87.96 535.00 
88.06 528.00 
88.17 526.00 
88.28 533.00 
88.38 543.00 
88.49 531.00 
88.60 524.00 
88.70 530.00 
88.81 538.00 
88.92 536.00 
89.02 529.00 
89.13 531.00 
89.24 528.00 
89.34 526.00 
89.45 524.00 
89.55 536.00 
89.66 540.00 
89.77 527.00 
89.87 529.00 
89.98 533.00 
90.09 529.00 
90.19 527.00 
90.30 536.00 
90.41 532.00 
90.51 525.00 
90.62 536.00 
90.73 534.00 
90.83 529.00 
90.94 526.00 
91.05 538.00 
91.15 539.00 
91.26 531.00 
91.37 527.00 
91.47 531.00 
91.58 540.00 
91.68 528.00 
91.80 521.00 
91.90 533.00 
92.01 538.00 
92.12 535.00 
92.22 528.00 
92.33 525.00 
92.44 527.00 
92.54 538.00 
92.65 530.00 
92.76 529.00 
92.86 527.00 
92.97 532.00 
93.08 534.00 
93.18 532.00 
93.29 523.00 
93.39 522.00 
93.50 528.00 
93.61 533.00 
93.71 536.00 
93.82 537.00 
93.93 519.00 
94.03 528.00 
94.14 531.00 
94.25 534.00 
94.35 536.00 
94.46 522.00 
94.57 535.00 
94.67 540.00 
94.78 530.00 
94.89 528.00 
94.99 532.00 
95.10 537.00 
95.21 532.00 
95.31 527.00 
95.42 538.00 
95.52 536.00 
95.63 528.00 
95.75 532.00 
95.85 536.00 
95.96 532.00 
96.06 524.00 
96.17 524.00 
96.28 534.00 
96.38 533.00 
96.49 531.00 
96.60 526.00 
96.70 538.00 
96.81 534.00 
96.92 522.00 
97.02 530.00 
97.13 539.00 
97.23 524.00 
97.34 527.00 
97.45 539.00 
97.55 534.00 
97.66 525.00 
97.77 536.00 
97.87 537.00 
97.98 526.00 
98.09 527.00 
98.19 533.00 
98.30 539.00 
98.41 528.00 
98.51 527.00 
98.62 538.00 
98.73 538.00 
98.83 526.00 
98.94 531.00 
99.05 538.00 
99.15 535.00 
99.26 528.00 
99.36 527.00 
99.47 530.00 
99.58 540.00 
99.69 531.00 
99.80 527.00 
99.90 530.00 
100.01 531.00 
100.12 536.00 
100.22 527.00 
100.33 524.00 
100.44 528.00 
100.54 538.00 
100.65 530.00 
100.76 524.00 
100.86 526.00 
100.97 538.00 
101.07 529.00 
101.18 524.00 
101.29 536.00 
101.39 534.00 
101.50 522.00 
101.61 521.00 
101.71 538.00 
101.82 533.00 
101.93 524.00 
102.03 532.00 
102.14 537.00 
102.25 525.00 
102.35 524.00 
102.46 538.00 
102.57 533.00 
102.67 527.00 
102.78 528.00 
102.89 540.00 
102.99 533.00 
103.10 518.00 
103.20 534.00 
103.32 537.00 
103.43 530.00 
103.53 512.00 
103.64 534.00 
103.74 534.00 
103.85 541.00 
103.96 537.00 
104.06 527.00 
104.17 528.00 
104.28 517.00 
104.38 536.00 
104.49 540.00 
104.60 528.00 
104.70 528.00 
104.81 535.00 
104.91 541.00 
105.02 530.00 
105.13 523.00 
105.23 531.00 
105.34 536.00 
105.45 529.00 
105.55 525.00 
105.66 535.00 
105.77 539.00 
105.87 526.00 
105.98 527.00 
106.09 537.00 
106.19 538.00 
106.30 525.00 
106.41 527.00 
106.51 532.00 
106.62 541.00 
106.73 528.00 
106.83 529.00 
106.95 529.00 
107.05 535.00 
107.16 529.00 
107.26 526.00 
107.37 529.00 
107.48 533.00 
107.58 534.00 
107.69 521.00 
107.80 523.00 
107.90 534.00 
108.01 534.00 
108.11 537.00 
108.22 529.00 
108.33 527.00 
108.43 528.00 
108.54 536.00 
108.65 530.00 
108.75 528.00 
108.86 532.00 
108.97 540.00 
109.07 529.00 
109.18 530.00 
109.29 534.00 
109.39 531.00 
109.50 529.00 
109.61 534.00 
109.71 535.00 
109.82 525.00 
109.93 530.00 
110.03 535.00 
110.14 531.00 
110.25 527.00 
110.35 530.00 
110.46 534.00 
110.57 522.00 
110.68 534.00 
110.78 533.00 
110.89 527.00 
111.00 536.00 
111.10 538.00 
111.21 521.00 
111.32 531.00 
111.42 530.00 
111.53 539.00 
111.64 531.00 
111.74 526.00 
111.85 525.00 
111.95 529.00 
112.06 536.00 
112.17 532.00 
112.27 522.00 
112.38 523.00 
112.49 524.00 
112.59 534.00 
112.70 533.00 
112.81 526.00 
112.91 523.00 
113.02 525.00 
113.13 535.00 
113.23 534.00 
113.34 526.00 
113.45 525.00 
113.55 536.00 
113.66 538.00 
113.77 529.00 
113.87 527.00 
113.98 535.00 
114.08 537.00 
114.20 530.00 
114.30 527.00 
114.41 538.00 
114.52 523.00 
114.62 529.00 
114.73 525.00 
114.84 522.00 
114.94 531.00 
115.05 536.00 
115.16 536.00 
115.26 524.00 
115.37 526.00 
115.48 533.00 
115.58 535.00 
115.69 524.00 
115.79 529.00 
115.90 540.00 
116.01 532.00 
116.11 527.00 
116.22 536.00 
116.33 530.00 
116.43 524.00 
116.54 533.00 
116.65 540.00 
116.75 527.00 
116.86 527.00 
116.97 539.00 
117.07 530.00 
117.18 534.00 
117.29 533.00 
117.39 523.00 
117.50 533.00 
117.61 538.00 
117.71 522.00 
117.83 528.00 
117.93 537.00 
118.04 527.00 
118.14 530.00 
118.25 529.00 
118.36 530.00 
118.46 527.00 
118.57 531.00 
118.68 536.00 
118.78 533.00 
118.89 523.00 
119.00 535.00 
119.10 543.00 
119.21 524.00 
119.31 525.00 
119.42 536.00 
119.53 535.00 
119.63 531.00 
119.74 529.00 
119.85 536.00 
119.95 533.00 
120.06 524.00 
120.17 536.00 
120.27 527.00 
120.38 527.00 
120.49 536.00 
120.59 523.00 
120.70 537.00 
120.81 532.00 
120.91 528.00 
121.02 539.00 
121.12 530.00 
121.23 530.00 
121.34 539.00 
121.45 528.00 
121.56 538.00 
121.66 526.00 
121.77 530.00 
121.88 531.00 
121.98 528.00 
122.09 532.00 
122.20 522.00 
122.30 532.00 
122.41 530.00 
122.52 529.00 
122.62 537.00 
122.73 525.00 
122.83 529.00 
122.94 537.00 
123.05 527.00 
123.15 532.00 
123.26 535.00 
123.37 526.00 
123.47 537.00 
123.58 528.00 
123.69 531.00 
123.79 533.00 
123.90 525.00 
124.01 532.00 
124.11 533.00 
124.22 526.00 
124.33 537.00 
124.43 529.00 
124.54 527.00 
124.65 540.00 
124.75 526.00 
124.86 532.00 
124.96 537.00 
125.07 525.00 
125.19 539.00 
125.29 529.00 
125.40 526.00 
125.50 537.00 
125.61 525.00 
125.71 535.00 
125.82 525.00 
125.92 530.00 
126.03 532.00 
126.13 526.00 
126.24 532.00 
126.34 525.00 
126.45 534.00 
126.55 536.00 
126.66 528.00 
126.76 536.00 
126.87 526.00 
126.97 540.00 
127.08 526.00 
127.18 536.00 
127.29 528.00 
127.39 538.00 
127.50 524.00 
127.60 535.00 
127.71 528.00 
127.81 538.00 
127.92 528.00 
128.02 535.00 
128.13 530.00 
128.23 533.00 
128.34 532.00 
128.45 529.00 
128.55 529.00 
128.66 529.00 
128.77 528.00 
128.87 525.00 
128.98 526.00 
129.08 523.00 
129.19 522.00 
129.29 521.00 
129.40 521.00 
129.50 521.00 
129.61 520.00 
129.71 520.00 
129.82 520.00 
129.92 520.00 
130.03 520.00 
130.13 520.00 
130.24 520.00 
130.34 520.00 
130.45 520.00 
130.55 520.00 
130.66 520.00 
130.77 520.00 
130.87 520.00 
130.98 520.00 
131.08 520.00 
131.19 520.00 
131.29 520.00 
131.40 520.00 
131.50 520.00 
131.61 520.00 
131.71 520.00 
131.82 520.00 
131.92 520.00 
132.03 519.00 
132.13 520.00 
132.24 520.00 
132.35 520.00 
132.46 520.00 
132.56 519.00 
132.67 520.00 
132.77 520.00 
132.88 520.00 
132.98 520.00 
133.09 520.00 
133.19 519.00 
133.30 520.00 
133.40 520.00 
133.51 520.00 
133.61 520.00 
133.72 520.00 
133.82 520.00 
133.93 520.00 
134.03 520.00 
134.14 520.00 
134.25 520.00 
134.35 520.00 
134.46 520.00 
134.56 520.00 
134.66 520.00 
134.77 520.00 
134.88 520.00 
134.98 520.00 
135.09 520.00 
135.19 520.00 
135.30 520.00 
135.40 520.00 
135.51 520.00 
135.61 520.00 
135.72 520.00 
135.82 520.00 
135.94 520.00 
136.04 519.00 
136.15 520.00 
136.25 520.00 
136.36 520.00 
136.46 520.00 
136.57 519.00 
136.67 520.00 
136.78 520.00 
136.88 520.00 
136.99 520.00 
137.09 520.00 
137.20 520.00 
137.30 520.00 
137.41 519.00 
137.51 520.00 
137.62 520.00 
137.72 520.00 
137.83 520.00 
137.93 520.00 
138.04 520.00 
138.14 520.00 
138.25 520.00 
138.35 520.00 
138.46 520.00 
138.56 520.00 
138.67 520.00 
138.77 520.00 
