1.72 520.00 
1.88 520.00 
1.98 520.00 
2.09 520.00 
2.20 520.00 
2.30 520.00 
2.41 520.00 
2.51 520.00 
2.62 520.00 
2.72 520.00 
2.83 520.00 
2.93 519.00 
3.04 520.00 
3.14 520.00 
3.25 520.00 
3.35 520.00 
3.46 520.00 
3.56 519.00 
3.67 520.00 
3.77 519.00 
3.88 520.00 
3.98 520.00 
4.09 520.00 
4.19 520.00 
4.30 520.00 
4.40 520.00 
4.51 520.00 
4.61 520.00 
4.72 520.00 
4.82 520.00 
4.93 520.00 
5.03 520.00 
5.14 520.00 
5.25 520.00 
5.35 520.00 
5.46 520.00 
5.56 520.00 
5.67 520.00 
5.77 520.00 
5.88 520.00 
5.99 520.00 
6.09 520.00 
6.20 520.00 
6.30 520.00 
6.41 520.00 
6.51 520.00 
6.62 520.00 
6.72 520.00 
6.83 520.00 
6.93 520.00 
7.04 520.00 
7.15 520.00 
7.25 520.00 
7.36 520.00 
7.46 520.00 
7.57 520.00 
7.67 520.00 
7.78 520.00 
7.88 520.00 
7.99 520.00 
8.09 520.00 
8.20 520.00 
8.30 520.00 
8.41 520.00 
8.51 520.00 
8.62 520.00 
8.72 520.00 
8.83 520.00 
8.93 520.00 
9.04 520.00 
9.14 520.00 
9.25 520.00 
9.35 520.00 
9.46 520.00 
9.56 520.00 
9.67 520.00 
9.77 520.00 
9.88 520.00 
9.98 520.00 
10.10 520.00 
10.20 520.00 
10.31 520.00 
10.41 520.00 
10.52 520.00 
10.62 520.00 
10.73 520.00 
10.83 520.00 
10.94 520.00 
11.04 520.00 
11.15 520.00 
11.25 520.00 
11.36 520.00 
11.46 520.00 
11.57 520.00 
11.67 520.00 
11.78 520.00 
11.88 520.00 
11.99 520.00 
12.10 520.00 
12.20 520.00 
12.31 520.00 
12.41 520.00 
12.52 520.00 
12.62 520.00 
12.73 520.00 
12.83 520.00 
12.94 520.00 
13.04 520.00 
13.15 520.00 
13.25 520.00 
13.36 520.00 
13.46 520.00 
13.57 520.00 
13.67 520.00 
13.78 520.00 
13.88 520.00 
14.00 520.00 
14.10 520.00 
14.21 520.00 
14.31 520.00 
14.42 520.00 
14.52 520.00 
14.63 520.00 
14.73 520.00 
14.84 520.00 
14.94 520.00 
15.05 520.00 
15.15 520.00 
15.26 520.00 
15.36 520.00 
15.47 520.00 
15.57 520.00 
15.68 520.00 
15.78 520.00 
15.89 520.00 
16.00 520.00 
16.10 520.00 
16.21 520.00 
16.31 520.00 
16.42 520.00 
16.52 520.00 
16.63 520.00 
16.73 520.00 
16.84 520.00 
16.94 520.00 
17.05 520.00 
17.15 520.00 
17.26 520.00 
17.36 520.00 
17.47 520.00 
17.57 520.00 
17.68 520.00 
17.79 520.00 
17.90 520.00 
18.00 520.00 
18.11 520.00 
18.21 520.00 
18.32 520.00 
18.42 520.00 
18.53 520.00 
18.63 520.00 
18.74 520.00 
18.84 520.00 
18.95 520.00 
19.05 520.00 
19.16 520.00 
19.26 520.00 
19.37 521.00 
19.47 520.00 
19.58 520.00 
19.68 520.00 
19.79 520.00 
19.89 520.00 
20.00 520.00 
20.10 520.00 
20.21 520.00 
20.31 520.00 
20.42 520.00 
20.52 520.00 
20.63 520.00 
20.74 520.00 
20.84 520.00 
20.95 520.00 
21.05 520.00 
21.16 520.00 
21.26 520.00 
21.37 520.00 
21.47 520.00 
21.58 520.00 
21.69 520.00 
21.80 520.00 
21.90 520.00 
22.01 520.00 
22.11 520.00 
22.22 520.00 
22.32 520.00 
22.43 520.00 
22.53 520.00 
22.64 520.00 
22.74 520.00 
22.85 520.00 
22.95 520.00 
23.06 520.00 
23.16 520.00 
23.27 520.00 
23.37 520.00 
23.48 520.00 
23.58 520.00 
23.69 520.00 
23.79 520.00 
23.90 520.00 
24.00 520.00 
24.11 520.00 
24.21 520.00 
24.32 520.00 
24.42 520.00 
24.53 520.00 
24.64 520.00 
24.74 520.00 
24.85 520.00 
24.95 520.00 
25.06 520.00 
25.16 520.00 
25.27 520.00 
25.37 520.00 
25.48 520.00 
25.59 520.00 
25.69 520.00 
25.80 520.00 
25.90 520.00 
26.01 520.00 
26.11 520.00 
26.22 520.00 
26.32 520.00 
26.43 520.00 
26.53 520.00 
26.64 520.00 
26.75 520.00 
26.85 520.00 
26.96 520.00 
27.06 520.00 
27.17 520.00 
27.27 520.00 
27.38 520.00 
27.48 520.00 
27.59 520.00 
27.69 520.00 
27.80 520.00 
27.90 520.00 
28.01 520.00 
28.11 520.00 
28.22 520.00 
28.32 520.00 
28.43 520.00 
28.53 520.00 
28.64 520.00 
28.74 520.00 
28.85 520.00 
28.95 520.00 
29.06 520.00 
29.16 520.00 
29.27 520.00 
29.38 520.00 
29.49 520.00 
29.59 520.00 
29.70 520.00 
29.80 520.00 
29.91 520.00 
30.01 520.00 
30.12 520.00 
30.22 520.00 
30.33 520.00 
30.43 520.00 
30.54 520.00 
30.64 520.00 
30.75 520.00 
30.85 520.00 
30.96 520.00 
31.06 520.00 
31.17 520.00 
31.27 520.00 
31.38 520.00 
31.48 520.00 
31.59 520.00 
31.69 520.00 
31.80 520.00 
31.90 520.00 
32.01 520.00 
32.11 520.00 
32.22 520.00 
32.32 520.00 
32.43 520.00 
32.53 520.00 
32.64 520.00 
32.75 520.00 
32.85 520.00 
32.96 520.00 
33.06 520.00 
33.17 520.00 
33.28 520.00 
33.39 520.00 
33.49 520.00 
33.60 520.00 
33.70 520.00 
33.81 520.00 
33.92 520.00 
34.02 520.00 
34.13 520.00 
34.24 520.00 
34.34 520.00 
34.45 520.00 
34.56 520.00 
34.66 520.00 
34.77 520.00 
34.88 520.00 
34.98 520.00 
35.09 520.00 
35.19 520.00 
35.30 520.00 
35.41 520.00 
35.51 518.00 
35.62 525.00 
35.72 519.00 
35.83 519.00 
35.94 521.00 
36.04 521.00 
36.15 520.00 
36.25 521.00 
36.36 523.00 
36.47 519.00 
36.57 520.00 
36.68 523.00 
36.78 512.00 
36.89 516.00 
37.00 519.00 
37.11 517.00 
37.21 516.00 
37.32 528.00 
37.43 518.00 
37.53 518.00 
37.64 525.00 
37.74 517.00 
37.85 520.00 
37.96 524.00 
38.06 520.00 
38.17 524.00 
38.27 519.00 
38.38 521.00 
38.49 523.00 
38.59 517.00 
38.70 515.00 
38.81 523.00 
38.91 520.00 
39.02 518.00 
39.12 525.00 
39.23 522.00 
39.34 521.00 
39.44 519.00 
39.55 530.00 
39.66 520.00 
39.76 514.00 
39.87 524.00 
39.97 522.00 
40.08 516.00 
40.19 523.00 
40.29 520.00 
40.40 518.00 
40.51 517.00 
40.61 524.00 
40.72 520.00 
40.83 519.00 
40.93 523.00 
41.05 521.00 
41.15 519.00 
41.26 527.00 
41.37 522.00 
41.47 520.00 
41.58 526.00 
41.68 520.00 
41.79 517.00 
41.90 524.00 
42.00 520.00 
42.11 515.00 
42.22 522.00 
42.32 525.00 
42.43 518.00 
42.54 515.00 
42.64 523.00 
42.75 523.00 
42.86 513.00 
42.96 524.00 
43.07 516.00 
43.18 519.00 
43.28 525.00 
43.39 519.00 
43.50 518.00 
43.60 522.00 
43.71 519.00 
43.81 520.00 
43.92 520.00 
44.03 518.00 
44.13 519.00 
44.24 521.00 
44.35 517.00 
44.45 515.00 
44.56 521.00 
44.67 521.00 
44.77 513.00 
44.89 526.00 
44.99 519.00 
45.10 522.00 
45.21 530.00 
45.31 523.00 
45.42 517.00 
45.52 532.00 
45.63 519.00 
45.74 517.00 
45.84 532.00 
45.95 520.00 
46.06 519.00 
46.16 525.00 
46.27 522.00 
46.38 514.00 
46.48 525.00 
46.59 527.00 
46.70 513.00 
46.80 518.00 
46.91 523.00 
47.02 519.00 
47.12 516.00 
47.23 524.00 
47.34 518.00 
47.44 524.00 
47.55 524.00 
47.65 527.00 
47.76 517.00 
47.87 520.00 
47.97 523.00 
48.08 522.00 
48.19 518.00 
48.29 527.00 
48.40 517.00 
48.51 517.00 
48.61 527.00 
48.72 525.00 
48.83 522.00 
48.94 521.00 
49.04 517.00 
49.15 521.00 
49.26 522.00 
49.36 520.00 
49.47 518.00 
49.58 520.00 
49.68 521.00 
49.79 519.00 
49.90 521.00 
50.00 524.00 
50.11 517.00 
50.22 523.00 
50.32 519.00 
50.43 523.00 
50.54 520.00 
50.64 514.00 
50.75 527.00 
50.86 520.00 
50.96 513.00 
51.07 528.00 
51.18 518.00 
51.28 522.00 
51.39 525.00 
51.49 516.00 
51.60 525.00 
51.71 527.00 
51.81 516.00 
51.92 523.00 
52.03 526.00 
52.13 518.00 
52.24 523.00 
52.35 519.00 
52.45 524.00 
52.56 526.00 
52.67 523.00 
52.78 517.00 
52.88 522.00 
52.99 517.00 
53.10 516.00 
53.20 524.00 
53.31 521.00 
53.42 524.00 
53.52 521.00 
53.63 525.00 
53.74 525.00 
53.84 521.00 
53.95 522.00 
54.06 521.00 
54.16 516.00 
54.27 521.00 
54.38 516.00 
54.48 521.00 
54.59 518.00 
54.70 517.00 
54.80 524.00 
54.91 520.00 
55.02 521.00 
55.12 517.00 
55.23 519.00 
55.33 522.00 
55.44 518.00 
55.55 520.00 
55.65 519.00 
55.76 519.00 
55.87 518.00 
55.97 519.00 
56.08 521.00 
56.19 518.00 
56.29 520.00 
56.40 518.00 
56.51 518.00 
56.62 523.00 
56.72 519.00 
56.83 521.00 
56.94 518.00 
57.04 524.00 
57.15 520.00 
57.26 520.00 
57.36 520.00 
57.47 521.00 
57.58 524.00 
57.68 513.00 
57.79 521.00 
57.90 525.00 
58.00 520.00 
58.11 518.00 
58.22 521.00 
58.32 518.00 
58.43 521.00 
58.54 518.00 
58.64 526.00 
58.75 519.00 
58.86 522.00 
58.96 521.00 
59.07 515.00 
59.17 522.00 
59.28 516.00 
59.39 520.00 
59.49 526.00 
59.60 517.00 
59.71 520.00 
59.81 522.00 
59.92 519.00 
60.03 522.00 
60.13 519.00 
60.24 517.00 
60.35 527.00 
60.45 523.00 
60.56 523.00 
60.67 521.00 
60.78 519.00 
60.88 526.00 
60.99 522.00 
61.10 515.00 
61.20 523.00 
61.31 517.00 
61.42 517.00 
61.52 524.00 
61.63 522.00 
61.74 523.00 
61.84 523.00 
61.95 521.00 
62.06 521.00 
62.16 521.00 
62.27 520.00 
62.38 520.00 
62.48 520.00 
62.59 521.00 
62.70 520.00 
62.80 516.00 
62.91 525.00 
63.01 523.00 
63.12 521.00 
63.23 524.00 
63.33 524.00 
63.44 522.00 
63.55 526.00 
63.65 520.00 
63.76 524.00 
63.87 517.00 
63.97 518.00 
64.08 521.00 
64.18 521.00 
64.29 522.00 
64.40 521.00 
64.51 521.00 
64.62 521.00 
64.72 520.00 
64.83 521.00 
64.94 520.00 
65.04 520.00 
65.15 520.00 
65.26 521.00 
65.36 520.00 
65.47 520.00 
65.58 520.00 
65.68 520.00 
65.79 520.00 
65.90 520.00 
66.00 520.00 
66.11 520.00 
66.21 520.00 
66.32 520.00 
66.43 520.00 
66.54 520.00 
66.64 520.00 
66.75 520.00 
66.85 520.00 
66.96 520.00 
67.07 520.00 
67.17 520.00 
67.28 520.00 
67.39 520.00 
67.49 520.00 
67.60 520.00 
67.71 520.00 
67.81 520.00 
67.92 521.00 
68.02 520.00 
68.13 520.00 
68.24 520.00 
68.35 520.00 
68.46 520.00 
68.56 520.00 
68.67 520.00 
68.78 520.00 
68.88 520.00 
68.99 521.00 
69.10 520.00 
69.20 520.00 
69.31 520.00 
69.41 520.00 
69.52 520.00 
69.63 520.00 
69.73 520.00 
69.84 520.00 
69.95 520.00 
70.05 520.00 
70.16 521.00 
70.27 520.00 
70.37 521.00 
70.48 520.00 
70.59 520.00 
70.69 520.00 
70.80 520.00 
70.91 520.00 
71.01 520.00 
71.12 520.00 
71.22 520.00 
71.33 520.00 
71.44 521.00 
71.54 520.00 
71.65 520.00 
71.75 520.00 
71.86 520.00 
71.97 520.00 
72.07 520.00 
72.19 520.00 
72.29 520.00 
72.40 520.00 
72.50 520.00 
72.61 520.00 
72.72 520.00 
72.82 520.00 
72.93 520.00 
73.04 520.00 
73.14 520.00 
73.25 520.00 
73.35 520.00 
73.46 520.00 
73.56 520.00 
73.67 520.00 
73.78 520.00 
73.88 520.00 
73.99 520.00 
74.09 520.00 
74.20 520.00 
74.31 520.00 
74.41 520.00 
74.52 520.00 
74.62 520.00 
74.73 520.00 
