1.72 520.00 
1.94 520.00 
2.05 520.00 
2.15 520.00 
2.26 520.00 
2.36 520.00 
2.47 520.00 
2.57 520.00 
2.68 520.00 
2.78 520.00 
2.89 520.00 
2.99 520.00 
3.10 520.00 
3.20 520.00 
3.31 520.00 
3.41 520.00 
3.52 520.00 
3.62 520.00 
3.73 520.00 
3.84 520.00 
3.94 520.00 
4.05 520.00 
4.15 520.00 
4.26 519.00 
4.36 520.00 
4.47 520.00 
4.57 519.00 
4.68 520.00 
4.78 520.00 
4.89 520.00 
4.99 520.00 
5.10 520.00 
5.20 520.00 
5.31 520.00 
5.41 520.00 
5.52 520.00 
5.62 520.00 
5.73 520.00 
5.83 520.00 
5.94 520.00 
6.05 520.00 
6.16 520.00 
6.26 520.00 
6.36 520.00 
6.47 520.00 
6.57 520.00 
6.68 519.00 
6.78 520.00 
6.89 520.00 
7.00 520.00 
7.10 520.00 
7.21 519.00 
7.31 520.00 
7.42 520.00 
7.52 520.00 
7.63 520.00 
7.73 520.00 
7.84 520.00 
7.94 520.00 
8.05 520.00 
8.15 520.00 
8.26 520.00 
8.36 520.00 
8.47 520.00 
8.57 520.00 
8.68 520.00 
8.78 520.00 
8.89 520.00 
8.99 520.00 
9.10 520.00 
9.20 520.00 
9.31 520.00 
9.41 520.00 
9.52 520.00 
9.62 520.00 
9.73 520.00 
9.83 520.00 
9.94 520.00 
10.05 520.00 
10.16 520.00 
10.26 520.00 
10.37 520.00 
10.47 520.00 
10.58 520.00 
10.68 520.00 
10.79 520.00 
10.89 520.00 
11.00 520.00 
11.10 520.00 
11.21 520.00 
11.31 520.00 
11.42 520.00 
11.52 520.00 
11.63 520.00 
11.73 520.00 
11.84 520.00 
11.94 520.00 
12.05 520.00 
12.15 520.00 
12.26 520.00 
12.37 520.00 
12.47 519.00 
12.58 520.00 
12.68 520.00 
12.79 520.00 
12.89 520.00 
13.00 520.00 
13.10 520.00 
13.21 520.00 
13.31 520.00 
13.42 520.00 
13.52 520.00 
13.63 520.00 
13.73 520.00 
13.84 520.00 
13.94 520.00 
14.06 520.00 
14.16 520.00 
14.27 520.00 
14.37 520.00 
14.48 520.00 
14.58 520.00 
14.69 520.00 
14.79 520.00 
14.90 520.00 
15.00 520.00 
15.11 520.00 
15.21 520.00 
15.32 520.00 
15.42 520.00 
15.53 520.00 
15.63 520.00 
15.74 520.00 
15.85 520.00 
15.95 520.00 
16.05 520.00 
16.16 520.00 
16.26 519.00 
16.37 520.00 
16.47 520.00 
16.58 520.00 
16.68 520.00 
16.79 520.00 
16.90 520.00 
17.00 520.00 
17.11 520.00 
17.21 520.00 
17.32 520.00 
17.42 519.00 
17.53 520.00 
17.63 520.00 
17.74 520.00 
17.85 520.00 
17.96 520.00 
18.06 520.00 
18.17 520.00 
18.27 520.00 
18.38 520.00 
18.48 520.00 
18.59 520.00 
18.69 520.00 
18.80 520.00 
18.90 520.00 
19.01 520.00 
19.11 519.00 
19.22 520.00 
19.32 520.00 
19.43 520.00 
19.53 520.00 
19.64 520.00 
19.74 520.00 
19.85 520.00 
19.95 520.00 
20.06 520.00 
20.16 520.00 
20.27 520.00 
20.37 520.00 
20.48 520.00 
20.58 520.00 
20.69 520.00 
20.80 520.00 
20.90 520.00 
21.01 520.00 
21.11 520.00 
21.22 520.00 
21.32 520.00 
21.43 520.00 
21.53 520.00 
21.64 520.00 
21.75 520.00 
21.85 520.00 
21.96 520.00 
22.06 520.00 
22.17 520.00 
22.27 520.00 
22.38 519.00 
22.48 520.00 
22.59 520.00 
22.69 520.00 
22.80 520.00 
22.91 520.00 
23.01 520.00 
23.12 520.00 
23.22 520.00 
23.33 520.00 
23.43 520.00 
23.54 520.00 
23.64 520.00 
23.75 520.00 
23.85 520.00 
23.96 520.00 
24.06 520.00 
24.17 520.00 
24.27 520.00 
24.38 520.00 
24.48 520.00 
24.59 520.00 
24.69 520.00 
24.80 520.00 
24.90 520.00 
25.01 520.00 
25.11 520.00 
25.22 520.00 
25.32 520.00 
25.43 520.00 
25.53 520.00 
25.64 520.00 
25.74 520.00 
25.85 520.00 
25.95 520.00 
26.06 520.00 
26.16 520.00 
26.27 520.00 
26.37 520.00 
26.48 520.00 
26.58 520.00 
26.69 520.00 
26.79 520.00 
26.90 520.00 
27.00 520.00 
27.11 520.00 
27.21 520.00 
27.32 520.00 
27.42 520.00 
27.53 520.00 
27.63 520.00 
27.74 520.00 
27.84 520.00 
27.95 520.00 
28.05 520.00 
28.16 520.00 
28.26 520.00 
28.37 520.00 
28.48 520.00 
28.58 520.00 
28.69 520.00 
28.79 520.00 
28.90 520.00 
29.00 520.00 
29.11 520.00 
29.21 520.00 
29.32 520.00 
29.43 520.00 
29.53 520.00 
29.64 520.00 
29.74 520.00 
29.85 520.00 
29.95 520.00 
30.06 520.00 
30.16 520.00 
30.27 520.00 
30.37 520.00 
30.48 520.00 
30.59 520.00 
30.69 520.00 
30.80 520.00 
30.90 520.00 
31.01 520.00 
31.11 520.00 
31.22 520.00 
31.32 520.00 
31.43 520.00 
31.53 520.00 
31.64 520.00 
31.74 520.00 
31.85 520.00 
31.95 520.00 
32.06 520.00 
32.16 520.00 
32.27 520.00 
32.37 520.00 
32.48 520.00 
32.58 520.00 
32.69 520.00 
32.79 520.00 
32.90 520.00 
33.00 520.00 
33.11 520.00 
33.21 520.00 
33.33 520.00 
33.43 520.00 
33.54 520.00 
33.64 520.00 
33.75 520.00 
33.86 520.00 
33.96 520.00 
34.07 520.00 
34.17 520.00 
34.28 520.00 
34.39 520.00 
34.49 520.00 
34.60 520.00 
34.71 520.00 
34.81 520.00 
34.92 520.00 
35.03 520.00 
35.13 520.00 
35.24 520.00 
35.34 520.00 
35.45 520.00 
35.56 520.00 
35.66 520.00 
35.77 520.00 
35.88 520.00 
35.98 520.00 
36.09 520.00 
36.19 520.00 
36.30 520.00 
36.40 520.00 
36.51 520.00 
36.62 520.00 
36.72 520.00 
36.83 520.00 
36.93 520.00 
37.04 520.00 
37.15 518.00 
37.26 521.00 
37.37 522.00 
37.47 517.00 
37.58 528.00 
37.68 516.00 
37.79 526.00 
37.90 517.00 
38.00 524.00 
38.11 517.00 
38.21 518.00 
38.32 523.00 
38.42 523.00 
38.53 521.00 
38.64 522.00 
38.74 524.00 
38.85 518.00 
38.96 521.00 
39.06 520.00 
39.17 520.00 
39.27 524.00 
39.38 516.00 
39.49 521.00 
39.59 518.00 
39.70 522.00 
39.81 519.00 
39.91 522.00 
40.02 519.00 
40.13 519.00 
40.23 522.00 
40.34 517.00 
40.44 529.00 
40.55 517.00 
40.66 519.00 
40.76 517.00 
40.87 523.00 
40.98 523.00 
41.09 523.00 
41.20 522.00 
41.30 522.00 
41.41 515.00 
41.52 524.00 
41.62 522.00 
41.73 526.00 
41.83 518.00 
41.94 524.00 
42.05 518.00 
42.15 526.00 
42.26 516.00 
42.37 523.00 
42.47 515.00 
42.58 520.00 
42.69 519.00 
42.79 523.00 
42.90 522.00 
43.01 522.00 
43.11 523.00 
43.22 525.00 
43.33 517.00 
43.43 525.00 
43.54 516.00 
43.64 523.00 
43.75 520.00 
43.86 518.00 
43.96 519.00 
44.07 523.00 
44.18 521.00 
44.28 520.00 
44.39 523.00 
44.50 517.00 
44.60 526.00 
44.71 520.00 
44.82 519.00 
44.93 523.00 
45.04 519.00 
45.14 523.00 
45.25 518.00 
45.36 522.00 
45.46 524.00 
45.57 519.00 
45.67 515.00 
45.78 518.00 
45.89 521.00 
45.99 522.00 
46.10 521.00 
46.21 519.00 
46.31 520.00 
46.42 519.00 
46.53 523.00 
46.63 518.00 
46.74 523.00 
46.85 521.00 
46.95 517.00 
47.06 521.00 
47.17 517.00 
47.27 522.00 
47.38 520.00 
47.48 518.00 
47.59 517.00 
47.70 522.00 
47.80 520.00 
47.91 523.00 
48.02 518.00 
48.12 523.00 
48.23 519.00 
48.34 525.00 
48.44 517.00 
48.55 519.00 
48.66 522.00 
48.76 521.00 
48.89 523.00 
48.99 518.00 
49.10 523.00 
49.21 516.00 
49.31 525.00 
49.42 523.00 
49.52 521.00 
49.63 524.00 
49.74 516.00 
49.84 521.00 
49.95 519.00 
50.05 517.00 
50.16 520.00 
50.27 520.00 
50.37 515.00 
50.48 521.00 
50.58 518.00 
50.69 522.00 
50.80 516.00 
50.90 526.00 
51.01 515.00 
51.12 522.00 
51.22 521.00 
51.33 521.00 
51.43 521.00 
51.54 519.00 
51.65 522.00 
51.75 519.00 
51.86 518.00 
51.97 521.00 
52.07 518.00 
52.18 517.00 
52.29 520.00 
52.39 518.00 
52.50 523.00 
52.61 522.00 
52.71 520.00 
52.81 518.00 
52.92 520.00 
53.03 518.00 
53.13 522.00 
53.24 520.00 
53.35 517.00 
53.45 520.00 
53.56 518.00 
53.66 522.00 
53.77 519.00 
53.88 523.00 
53.98 523.00 
54.09 521.00 
54.19 524.00 
54.30 517.00 
54.40 520.00 
54.51 523.00 
54.62 519.00 
54.72 522.00 
54.83 522.00 
54.94 518.00 
55.04 526.00 
55.15 518.00 
55.25 520.00 
55.36 516.00 
55.47 523.00 
55.57 515.00 
55.68 518.00 
55.79 522.00 
55.89 521.00 
56.00 520.00 
56.11 520.00 
56.21 522.00 
56.32 519.00 
56.43 523.00 
56.53 526.00 
56.65 521.00 
56.75 521.00 
56.86 520.00 
56.96 520.00 
57.07 520.00 
57.18 520.00 
57.28 520.00 
57.39 520.00 
57.49 520.00 
57.60 520.00 
57.71 520.00 
57.81 520.00 
57.92 520.00 
58.03 520.00 
58.13 520.00 
58.24 520.00 
58.35 520.00 
58.45 520.00 
58.56 520.00 
58.66 520.00 
58.77 520.00 
58.88 520.00 
58.98 520.00 
59.09 520.00 
59.20 520.00 
59.30 520.00 
59.41 520.00 
59.52 520.00 
59.62 520.00 
59.73 520.00 
59.84 520.00 
59.94 520.00 
60.05 520.00 
60.15 520.00 
60.26 520.00 
60.37 520.00 
60.47 520.00 
60.59 520.00 
60.69 520.00 
60.80 520.00 
60.91 520.00 
61.01 520.00 
