0:0:0 1.79 0.00000000 0.00000000 -99.00 -99.00 0.00 0.39 0.00 21.45 998.83 39.77 0 0 17 
0:0:0 1.99 0.00000000 0.00000000 -99.00 -99.00 0.00 0.39 0.00 21.51 998.85 39.74 0 0 17 
23:59:44 2.19 0.00000000 0.00000000 -99.00 -99.00 0.00 0.39 0.00 21.54 998.81 39.73 5 1 17 
23:59:44 2.39 0.00000000 0.00000000 -99.00 -99.00 0.00 0.39 0.00 21.56 998.89 39.72 5 1 17 
23:59:44 2.59 0.00000000 0.00000000 -99.00 -99.00 0.00 0.39 0.00 21.58 998.85 39.70 5 1 17 
23:59:44 2.79 0.00000000 0.00000000 -99.00 -99.00 0.00 0.39 0.00 21.59 998.85 39.68 5 1 17 
23:59:44 3.00 0.00000000 0.00000000 -99.00 -99.00 0.00 0.39 0.00 21.60 998.91 39.67 5 1 17 
23:59:45 3.20 0.00000000 0.00000000 -99.00 -99.00 0.00 0.39 0.00 21.61 998.87 39.64 5 1 17 
23:59:45 3.40 0.00000000 0.00000000 -99.00 -99.00 0.00 0.39 0.00 21.62 998.93 39.63 5 1 17 
23:59:45 3.60 0.00000000 0.00000000 -99.00 -99.00 0.00 0.39 0.00 21.63 998.88 39.63 5 1 17 
23:59:45 3.80 0.00000000 0.00000000 -99.00 -99.00 0.00 0.39 0.00 21.63 998.90 39.62 5 1 17 
23:59:45 4.00 0.00000000 0.00000000 -99.00 -99.00 0.00 0.39 0.00 21.63 998.92 39.62 5 1 17 
23:59:46 4.20 0.00000000 0.00000000 -99.00 -99.00 0.00 0.39 0.00 21.63 998.87 39.61 5 1 17 
23:59:46 4.40 0.00000000 0.00000000 -99.00 -99.00 0.00 0.39 0.00 21.63 998.90 39.60 5 1 17 
23:59:46 4.60 0.00000000 0.00000000 -99.00 -99.00 0.00 0.39 0.00 21.64 998.90 39.60 5 1 17 
23:59:46 4.80 0.00000000 0.00000000 -99.00 -99.00 0.00 0.39 0.00 21.64 998.85 39.59 5 1 17 
23:59:46 5.00 0.00000000 0.00000000 -99.00 -99.00 0.00 0.39 0.00 21.64 998.86 39.59 5 1 17 
23:59:47 5.21 0.00000000 0.00000000 -99.00 -99.00 0.00 0.39 0.00 21.65 998.89 39.59 5 1 17 
23:59:47 5.41 0.00000000 0.00000000 -99.00 -99.00 0.00 0.39 0.00 21.65 998.87 39.59 5 1 17 
23:59:47 5.61 0.00000000 0.00000000 -99.00 -99.00 0.00 0.39 0.00 21.65 998.90 39.59 5 1 17 
23:59:47 5.81 0.00000000 0.00000000 -99.00 -99.00 0.00 0.39 0.00 21.65 998.90 39.58 5 1 17 
23:59:47 6.01 0.00000000 0.00000000 -99.00 -99.00 0.00 0.39 0.00 21.65 998.87 39.59 5 1 17 
23:59:48 6.21 0.00000000 0.00000000 -99.00 -99.00 0.00 0.39 0.00 21.66 998.93 39.58 5 1 17 
23:59:48 6.41 0.00000000 0.00000000 -99.00 -99.00 0.00 0.39 0.00 21.66 998.91 39.59 5 1 17 
23:59:48 6.61 0.00000000 0.00000000 -99.00 -99.00 0.00 0.39 0.00 21.66 998.92 39.58 5 1 17 
23:59:48 6.81 0.00000000 0.00000000 -99.00 -99.00 0.00 0.39 0.00 21.66 998.92 39.58 5 1 17 
23:59:48 7.01 0.00000000 0.00000000 -99.00 -99.00 0.00 0.39 0.00 21.66 998.94 39.58 5 1 17 
23:59:49 7.21 0.00000000 0.00000000 -99.00 -99.00 0.00 0.39 0.00 21.66 998.91 39.57 5 1 17 
23:59:49 7.41 0.00000000 0.00000000 -99.00 -99.00 0.00 0.39 0.00 21.66 998.91 39.58 5 1 17 
23:59:49 7.61 0.00000000 0.00000000 -99.00 -99.00 0.00 0.39 0.00 21.66 998.87 39.58 5 1 17 
23:59:49 7.81 0.00000000 0.00000000 -99.00 -99.00 0.00 0.39 0.00 21.66 998.89 39.57 5 1 17 
23:59:49 8.01 0.00000000 0.00000000 -99.00 -99.00 0.00 0.39 0.00 21.67 998.88 39.58 5 1 17 
23:59:50 8.22 0.00000000 0.00000000 -99.00 -99.00 0.00 0.39 0.00 21.67 998.86 39.54 5 1 17 
23:59:50 8.42 0.00000000 0.00000000 -99.00 -99.00 0.00 0.39 0.00 21.67 998.89 39.58 5 1 17 
23:59:50 8.62 0.00000000 0.00000000 -99.00 -99.00 0.00 0.39 0.00 21.67 998.87 39.57 5 1 17 
23:59:50 8.82 0.00000000 0.00000000 -99.00 -99.00 0.00 0.39 0.00 21.67 998.86 39.57 5 1 17 
23:59:50 9.02 0.00000000 0.00000000 -99.00 -99.00 0.00 0.39 0.00 21.67 998.93 39.57 5 1 17 
23:59:51 9.22 0.00000000 0.00000000 -99.00 -99.00 0.00 0.39 0.00 21.67 998.91 39.58 5 1 17 
23:59:51 9.42 0.00000000 0.00000000 -99.00 -99.00 0.00 0.39 0.00 21.67 998.90 39.58 5 1 17 
23:59:51 9.62 0.00000000 0.00000000 -99.00 -99.00 0.00 0.39 0.00 21.67 998.91 39.57 5 1 17 
23:59:51 9.82 0.00000000 0.00000000 -99.00 -99.00 0.00 0.39 0.00 21.68 998.92 39.57 5 1 17 
23:59:51 10.02 0.00000000 0.00000000 -99.00 -99.00 0.00 0.39 0.00 21.68 998.88 39.58 5 1 17 
23:59:52 10.22 0.00000000 0.00000000 -99.00 -99.00 0.00 0.39 0.00 21.67 998.88 39.58 5 1 17 
23:59:52 10.42 0.00000000 0.00000000 -99.00 -99.00 0.00 0.39 0.00 21.68 998.95 39.58 5 1 17 
23:59:52 10.62 0.00000000 0.00000000 -99.00 -99.00 0.00 0.39 0.00 21.68 998.93 39.58 5 1 17 
23:59:52 10.82 0.00000000 0.00000000 -99.00 -99.00 0.00 0.39 0.00 21.68 998.89 39.57 5 1 17 
23:59:52 11.02 0.00000000 0.00000000 -99.00 -99.00 0.00 0.39 0.00 21.68 998.89 39.57 5 1 17 
23:59:53 11.23 0.00000000 0.00000000 -99.00 -99.00 0.00 0.39 0.00 21.68 998.92 39.57 5 1 17 
23:59:53 11.43 0.00000000 0.00000000 -99.00 -99.00 0.00 0.39 0.00 21.68 998.87 39.57 5 1 17 
23:59:53 11.63 0.00000000 0.00000000 -99.00 -99.00 0.00 0.39 0.00 21.68 998.87 39.57 5 1 17 
23:59:53 11.83 0.00000000 0.00000000 -99.00 -99.00 0.00 0.39 0.00 21.68 998.87 39.57 5 1 17 
23:59:53 12.03 0.00000000 0.00000000 -99.00 -99.00 0.00 0.39 0.00 21.68 998.85 39.57 5 1 17 
23:59:54 12.23 0.00000000 0.00000000 -99.00 -99.00 0.00 0.39 0.00 21.68 998.92 39.59 5 1 17 
23:59:54 12.43 0.00000000 0.00000000 -99.00 -99.00 0.00 0.39 0.00 21.68 998.90 39.58 5 1 17 
23:59:54 12.63 0.00000000 0.00000000 -99.00 -99.00 0.00 0.39 0.00 21.69 998.89 39.57 5 1 17 
23:59:54 12.83 0.00000000 0.00000000 -99.00 -99.00 0.00 0.39 0.00 21.68 998.90 39.57 5 1 17 
23:59:54 13.03 0.00000000 0.00000000 -99.00 -99.00 0.00 0.39 0.00 21.68 998.87 39.57 5 1 17 
23:59:55 13.23 0.00000000 0.00000000 -99.00 -99.00 0.00 0.39 0.00 21.68 998.86 39.56 5 1 17 
23:59:55 13.43 0.00000000 0.00000000 -99.00 -99.00 0.00 0.39 0.00 21.68 998.91 39.56 5 1 17 
23:59:55 13.63 0.00000000 0.00000000 -99.00 -99.00 0.00 0.39 0.00 21.69 998.86 39.55 5 1 17 
23:59:55 13.83 0.00000000 0.00000000 -99.00 -99.00 0.00 0.39 0.00 21.69 998.92 39.54 5 1 17 
23:59:55 14.03 0.00000000 0.00000000 -99.00 -99.00 0.00 0.39 0.00 21.69 998.90 39.51 5 1 17 
23:59:56 14.23 0.00000000 0.00000000 -99.00 -99.00 0.00 0.39 0.00 21.69 998.90 39.51 5 1 17 
23:59:56 14.44 0.00000000 0.00000000 -99.00 -99.00 0.00 0.39 0.00 21.69 998.88 39.49 5 1 17 
23:59:56 14.64 0.00000000 0.00000000 -99.00 -99.00 0.00 0.39 0.00 21.69 998.86 39.47 5 1 17 
23:59:56 14.84 0.00000000 0.00000000 -99.00 -99.00 0.00 0.39 0.00 21.69 998.89 39.46 5 1 17 
23:59:56 15.04 0.00000000 0.00000000 -99.00 -99.00 0.00 0.39 0.00 21.69 998.90 39.43 5 1 17 
23:59:57 15.24 0.00000000 0.00000000 -99.00 -99.00 0.00 0.39 0.00 21.69 998.94 39.42 5 1 17 
23:59:57 15.44 0.00000000 0.00000000 -99.00 -99.00 0.00 0.39 0.00 21.70 998.87 39.40 5 1 17 
23:59:57 15.64 0.00000000 0.00000000 -99.00 -99.00 0.00 0.39 0.00 21.70 998.93 39.39 5 1 17 
23:59:57 15.84 0.00000000 0.00000000 -99.00 -99.00 0.00 0.39 0.00 21.70 998.92 39.36 5 1 17 
23:59:57 16.04 0.00000000 0.00000000 -99.00 -99.00 0.00 0.39 0.00 21.70 998.89 39.36 5 1 17 
23:59:57 16.24 0.00000000 0.00000000 -99.00 -99.00 0.00 0.39 0.00 21.70 998.87 39.34 5 1 17 
23:59:57 16.44 0.00000000 0.00000000 -99.00 -99.00 0.00 0.39 0.00 21.69 998.86 39.33 5 1 17 
23:59:57 16.64 0.00000000 0.00000000 -99.00 -99.00 0.00 0.39 0.00 21.70 998.89 39.32 5 1 17 
23:59:57 16.84 0.00000000 0.00000000 -99.00 -99.00 0.00 0.39 0.00 21.70 998.89 39.31 5 1 17 
23:59:57 17.05 0.00000000 0.00000000 -99.00 -99.00 0.00 0.39 0.00 21.71 998.86 39.28 5 1 17 
23:59:57 17.25 0.00000000 0.00000000 -99.00 -99.00 0.00 0.39 0.00 21.70 998.91 39.28 5 1 17 
23:59:57 17.45 0.00000000 0.00000000 -99.00 -99.00 0.00 0.39 0.00 21.70 998.87 39.27 5 1 17 
23:59:57 17.65 0.00000000 0.00000000 -99.00 -99.00 0.00 0.39 0.00 21.70 998.84 39.26 5 1 17 
23:59:57 17.85 0.00000000 0.00000000 -99.00 -99.00 0.00 0.39 0.00 21.71 998.95 39.25 5 1 17 
23:59:57 18.05 0.00000000 0.00000000 -99.00 -99.00 0.00 0.39 0.00 21.71 998.90 39.24 5 1 17 
23:59:57 18.25 0.00000000 0.00000000 -99.00 -99.00 0.00 0.39 0.00 21.70 998.89 39.24 5 1 17 
23:59:57 18.45 0.00000000 0.00000000 -99.00 -99.00 0.00 0.39 0.00 21.71 998.89 39.23 5 1 17 
23:59:57 18.65 0.00000000 0.00000000 -99.00 -99.00 0.00 0.39 0.00 21.71 998.88 39.23 5 1 17 
23:59:57 18.85 0.00000000 0.00000000 -99.00 -99.00 0.00 0.39 0.00 21.71 998.89 39.21 5 1 17 
23:59:57 19.06 0.00000000 0.00000000 -99.00 -99.00 0.00 0.39 0.00 21.71 998.88 39.20 5 1 17 
23:59:57 19.26 0.00000000 0.00000000 -99.00 -99.00 0.00 0.39 0.00 21.71 998.86 39.20 5 1 17 
23:59:57 19.46 0.00000000 0.00000000 -99.00 -99.00 0.00 0.39 0.00 21.71 998.89 39.20 5 1 17 
23:59:57 19.66 0.00000000 0.00000000 -99.00 -99.00 0.00 0.39 0.00 21.71 998.91 39.19 5 1 17 
23:59:57 19.86 0.00000000 0.00000000 -99.00 -99.00 0.00 0.39 0.00 21.71 998.88 39.19 5 1 17 
23:59:57 20.06 0.00000000 0.00000000 -99.00 -99.00 0.00 0.39 0.00 21.71 998.91 39.18 5 1 17 
0:0:1 20.26 0.00000000 0.00000000 -99.00 -99.00 0.00 0.39 0.00 21.71 998.89 39.18 5 1 17 
0:0:1 20.46 0.00000000 0.00000000 -99.00 -99.00 0.00 0.39 0.00 21.71 998.88 39.16 5 1 17 
0:0:1 20.67 0.00000000 0.00000000 -99.00 -99.00 0.00 0.39 0.00 21.71 998.87 39.17 5 1 17 
0:0:1 20.87 0.00000000 0.00000000 -99.00 -99.00 0.00 0.39 0.00 21.71 998.90 39.17 5 1 17 
0:0:1 21.07 0.00000000 0.00000000 -99.00 -99.00 0.00 0.39 0.00 21.71 998.88 39.17 5 1 17 
0:0:2 21.27 0.00000000 0.00000000 -99.00 -99.00 0.00 0.39 0.00 21.71 998.90 39.17 5 1 17 
0:0:2 21.47 0.00000000 0.00000000 -99.00 -99.00 0.00 0.39 0.00 21.72 998.92 39.17 5 1 17 
0:0:2 21.67 0.00000000 0.00000000 -99.00 -99.00 0.00 0.39 0.00 21.72 998.92 39.16 5 1 17 
0:0:2 21.87 0.00000000 0.00000000 -99.00 -99.00 0.00 0.39 0.00 21.72 998.85 39.17 5 1 17 
0:0:2 22.07 0.00000000 0.00000000 -99.00 -99.00 0.00 0.39 0.00 21.72 998.88 39.16 5 1 17 
0:0:3 22.27 0.00000000 0.00000000 -99.00 -99.00 0.00 0.39 0.00 21.71 998.90 39.16 5 1 17 
0:0:3 22.48 0.00000000 0.00000000 -99.00 -99.00 0.00 0.39 0.00 21.72 998.91 39.16 5 1 17 
0:0:3 22.68 0.00000000 0.00000000 -99.00 -99.00 0.00 0.39 0.00 21.72 998.92 39.15 5 1 17 
0:0:3 22.88 0.00000000 0.00000000 -99.00 -99.00 0.00 0.39 0.00 21.72 998.92 39.15 5 1 17 
0:0:3 23.08 0.00000000 0.00000000 -99.00 -99.00 0.00 0.39 0.00 21.72 998.85 39.15 5 1 17 
0:0:4 23.28 0.00000000 0.00000000 -99.00 -99.00 0.00 0.39 0.00 21.72 998.87 39.13 5 1 17 
0:0:4 23.48 0.00000000 0.00000000 -99.00 -99.00 0.00 0.39 0.00 21.72 998.90 39.13 5 1 17 
0:0:4 23.68 0.00000000 0.00000000 -99.00 -99.00 0.00 0.39 0.00 21.73 998.89 39.14 5 1 17 
0:0:4 23.88 0.00000000 0.00000000 -99.00 -99.00 0.00 0.39 0.00 21.73 998.88 39.12 5 1 17 
0:0:4 24.09 0.00000000 0.00000000 -99.00 -99.00 0.00 0.39 0.00 21.73 998.89 39.12 5 1 17 
0:0:6 24.29 0.00000000 0.00000000 -99.00 -99.00 0.00 0.39 0.00 21.73 998.88 39.12 6 1 17 
0:0:6 24.49 0.00000000 0.00000000 -99.00 -99.00 0.00 0.39 0.00 21.72 998.90 39.12 6 1 17 
0:0:6 24.69 0.00000000 0.00000000 -99.00 -99.00 0.00 0.39 0.00 21.73 998.87 39.12 6 1 17 
0:0:6 24.89 0.00000000 0.00000000 -99.00 -99.00 0.00 0.39 0.00 21.72 998.92 39.12 6 1 17 
0:0:6 25.09 0.00000000 0.00000000 -99.00 -99.00 0.00 0.39 0.00 21.73 998.91 39.12 6 1 17 
0:0:7 25.29 0.00000000 0.00000000 -99.00 -99.00 0.00 0.39 0.00 21.73 998.91 39.12 6 1 17 
0:0:7 25.49 0.00000000 0.00000000 -99.00 -99.00 0.00 0.39 0.00 21.73 998.88 39.12 6 1 17 
0:0:7 25.69 0.00000000 0.00000000 -99.00 -99.00 0.00 0.39 0.00 21.73 998.88 39.12 6 1 17 
0:0:7 25.90 0.00000000 0.00000000 -99.00 -99.00 0.00 0.39 0.00 21.73 998.87 39.12 6 1 17 
0:0:8 26.10 0.00000000 0.00000000 -99.00 -99.00 0.00 0.39 0.00 21.73 998.92 39.12 6 1 17 
0:0:8 26.30 0.00000000 0.00000000 -99.00 -99.00 0.00 0.39 0.00 21.73 998.88 39.12 6 1 17 
0:0:8 26.50 0.00000000 0.00000000 -99.00 -99.00 0.00 0.39 0.00 21.73 998.91 39.12 6 1 17 
0:0:8 26.70 0.00000000 0.00000000 -99.00 -99.00 0.00 0.39 0.00 21.73 998.92 39.14 6 1 17 
0:0:8 26.90 0.00000000 0.00000000 -99.00 -99.00 0.00 0.39 0.00 21.73 998.93 39.14 6 1 17 
0:0:9 27.10 0.00000000 0.00000000 -99.00 -99.00 0.00 0.39 0.00 21.73 998.90 39.12 6 1 17 
0:0:9 27.31 0.00000000 0.00000000 -99.00 -99.00 0.00 0.39 0.00 21.73 998.91 39.13 6 1 17 
0:0:9 27.51 0.00000000 0.00000000 -99.00 -99.00 0.00 0.39 0.00 21.73 998.92 39.13 6 1 17 
0:0:9 27.71 0.00000000 0.00000000 -99.00 -99.00 0.00 0.39 0.00 21.73 998.91 39.11 6 1 17 
0:0:9 27.91 0.00000000 0.00000000 -99.00 -99.00 0.00 0.39 0.00 21.73 998.88 39.13 6 1 17 
0:0:10 28.11 0.00000000 0.00000000 -99.00 -99.00 0.00 0.39 0.00 21.73 998.87 39.13 6 1 17 
0:0:10 28.31 0.00000000 0.00000000 -99.00 -99.00 0.00 0.39 0.00 21.74 998.85 39.11 6 1 17 
0:0:10 28.51 0.00000000 0.00000000 -99.00 -99.00 0.00 0.39 0.00 21.74 998.85 39.10 6 1 17 
0:0:10 28.71 0.00000000 0.00000000 -99.00 -99.00 0.00 0.39 0.00 21.74 998.87 39.10 6 1 17 
0:0:10 28.92 0.00000000 0.00000000 -99.00 -99.00 0.00 0.39 0.00 21.73 998.89 39.09 6 1 17 
0:0:11 29.12 0.00000000 0.00000000 -99.00 -99.00 0.00 0.39 0.00 21.74 998.94 39.09 6 1 17 
0:0:11 29.32 0.00000000 0.00000000 -99.00 -99.00 0.00 0.39 0.00 21.74 998.90 39.09 6 1 17 
0:0:11 29.52 0.00000000 0.00000000 -99.00 -99.00 0.00 0.39 0.00 21.74 998.91 39.09 6 1 17 
0:0:11 29.72 0.00000000 0.00000000 -99.00 -99.00 0.00 0.39 0.00 21.74 998.90 39.08 6 1 17 
0:0:11 29.92 0.00000000 0.00000000 -99.00 -99.00 0.00 0.39 0.00 21.74 998.88 39.08 6 1 17 
0:0:12 30.12 0.00000000 0.00000000 -99.00 -99.00 0.00 0.39 0.00 21.74 998.87 39.08 6 1 17 
0:0:12 30.32 0.00000000 0.00000000 -99.00 -99.00 0.00 0.39 0.00 21.74 998.91 39.07 6 1 17 
0:0:12 30.53 0.00000000 0.00000000 -99.00 -99.00 0.00 0.39 0.00 21.74 998.85 39.07 6 1 17 
0:0:12 30.73 0.00000000 0.00000000 -99.00 -99.00 0.00 0.39 0.00 21.74 998.88 39.07 6 1 17 
0:0:12 30.93 0.00000000 0.00000000 -99.00 -99.00 0.00 0.39 0.00 21.74 998.86 39.07 6 1 17 
0:0:13 31.13 0.00000000 0.00000000 -99.00 -99.00 0.00 0.39 0.00 21.75 998.90 39.07 6 1 17 
0:0:13 31.33 0.00000000 0.00000000 -99.00 -99.00 0.00 0.39 0.00 21.74 998.87 39.04 6 1 17 
0:0:13 31.53 0.00000000 0.00000000 -99.00 -99.00 0.00 0.39 0.00 21.74 998.90 39.06 6 1 17 
0:0:13 31.73 0.00000000 0.00000000 -99.00 -99.00 0.00 0.39 0.00 21.75 998.86 39.06 6 1 17 
0:0:13 31.93 0.00000000 0.00000000 -99.00 -99.00 0.00 0.39 0.00 21.75 998.85 39.06 6 1 17 
0:0:14 32.13 0.00000000 0.00000000 -99.00 -99.00 0.00 0.39 0.00 21.74 998.87 39.06 6 1 17 
0:0:14 32.34 0.00000000 0.00000000 -99.00 -99.00 0.00 0.39 0.00 21.75 998.90 39.06 6 1 17 
0:0:14 32.54 0.00000000 0.00000000 -99.00 -99.00 0.00 0.39 0.00 21.74 998.81 39.06 6 1 17 
0:0:14 32.74 0.00000000 0.00000000 -99.00 -99.00 0.00 0.39 0.00 21.75 998.92 39.06 6 1 17 
0:0:14 32.94 0.00000000 0.00000000 -99.00 -99.00 0.00 0.39 0.00 21.75 998.87 39.06 6 1 17 
0:0:15 33.14 0.00000000 0.00000000 -99.00 -99.00 0.00 0.39 0.00 21.75 998.84 39.06 6 1 17 
0:0:15 33.34 0.00000000 0.00000000 -99.00 -99.00 0.00 0.39 0.00 21.75 998.90 39.04 6 1 17 
0:0:15 33.54 0.00000000 0.00000000 -99.00 -99.00 0.00 0.39 0.00 21.75 998.86 39.04 6 1 17 
0:0:15 33.74 0.00000000 0.00000000 -99.00 -99.00 0.00 0.39 0.00 21.75 998.89 39.04 6 1 17 
0:0:15 33.94 0.00000000 0.00000000 -99.00 -99.00 0.00 0.39 0.00 21.75 998.92 39.04 6 1 17 
0:0:16 34.15 0.00000000 0.00000000 -99.00 -99.00 0.00 0.39 0.00 21.75 998.89 39.05 6 1 17 
0:0:16 34.35 0.00000000 0.00000000 -99.00 -99.00 0.00 0.39 0.00 21.75 998.87 39.05 6 1 17 
0:0:16 34.55 0.00000000 0.00000000 -99.00 -99.00 0.00 0.39 0.00 21.75 998.91 39.05 6 1 17 
0:0:16 34.75 0.00000000 0.00000000 -99.00 -99.00 0.00 0.39 0.00 21.75 998.90 39.05 6 1 17 
0:0:16 34.95 0.00000000 0.00000000 -99.00 -99.00 0.00 0.39 0.00 21.75 998.91 39.06 6 1 17 
0:0:17 35.15 0.00000000 0.00000000 -99.00 -99.00 0.00 0.39 0.00 21.75 998.90 39.05 6 1 17 
0:0:17 35.35 0.00000000 0.00000000 -99.00 -99.00 0.00 0.39 0.00 21.76 998.86 39.06 6 1 17 
0:0:17 35.55 0.00000000 0.00000000 -99.00 -99.00 0.00 0.39 0.00 21.75 998.90 39.06 6 1 17 
0:0:17 35.76 0.00000000 0.00000000 -99.00 -99.00 0.00 0.39 0.00 21.75 998.94 39.05 6 1 17 
0:0:17 35.96 0.00000000 0.00000000 -99.00 -99.00 0.00 0.39 0.00 21.76 998.86 39.06 6 1 17 
0:0:18 36.16 0.00000000 0.00000000 -99.00 -99.00 0.00 0.39 0.00 21.75 998.84 39.04 6 1 17 
0:0:18 36.36 0.00000000 0.00000000 -99.00 -99.00 0.00 0.39 0.00 21.75 998.88 39.06 6 1 17 
0:0:18 36.56 0.00000000 0.00000000 -99.00 -99.00 0.00 0.39 0.00 21.76 998.86 39.06 6 1 17 
0:0:18 36.76 0.00000000 0.00000000 -99.00 -99.00 0.00 0.39 0.00 21.76 998.89 39.07 6 1 17 
0:0:18 36.96 0.00000000 0.00000000 -99.00 -99.00 0.00 0.39 0.00 21.76 998.90 39.07 6 1 17 
0:0:19 37.16 0.00000000 0.00000000 -99.00 -99.00 0.00 0.39 0.00 21.76 998.96 39.07 6 1 17 
0:0:19 37.36 0.00000000 0.00000000 -99.00 -99.00 0.00 0.39 0.00 21.76 998.88 39.07 6 1 17 
0:0:19 37.56 0.00000000 0.00000000 -99.00 -99.00 0.00 0.39 0.00 21.76 998.90 39.08 6 1 17 
0:0:19 37.77 0.00000000 0.00000000 -99.00 -99.00 0.00 0.39 0.00 21.76 998.89 39.08 6 1 17 
0:0:19 37.97 0.00000000 0.00000000 -99.00 -99.00 0.00 0.39 0.00 21.76 998.89 39.08 6 1 17 
0:0:20 38.17 0.00000000 0.00000000 -99.00 -99.00 0.00 0.39 0.00 21.76 998.92 39.08 6 1 17 
0:0:20 38.37 0.00000000 0.00000000 -99.00 -99.00 0.00 0.39 0.00 21.76 998.89 39.08 6 1 17 
0:0:20 38.57 0.00000000 0.00000000 -99.00 -99.00 0.00 0.39 0.00 21.76 998.87 39.08 6 1 17 
0:0:20 38.77 0.00000000 0.00000000 -99.00 -99.00 0.00 0.39 0.00 21.76 998.89 39.09 6 1 17 
0:0:20 38.97 0.00000000 0.00000000 -99.00 -99.00 0.00 0.39 0.00 21.76 998.89 39.09 6 1 17 
0:0:21 39.17 0.00000000 0.00000000 -99.00 -99.00 0.00 0.39 0.00 21.76 998.88 39.09 6 1 17 
0:0:21 39.38 0.00000000 0.00000000 -99.00 -99.00 0.00 0.39 0.00 21.76 998.87 39.09 6 1 17 
0:0:21 39.58 0.00000000 0.00000000 -99.00 -99.00 0.00 0.39 0.00 21.76 998.83 39.10 6 1 17 
0:0:21 39.78 0.00000000 0.00000000 -99.00 -99.00 0.00 0.39 0.00 21.76 998.90 39.08 6 1 17 
0:0:21 39.98 0.00000000 0.00000000 -99.00 -99.00 0.00 0.39 0.00 21.76 998.83 39.10 6 1 17 
0:0:22 40.18 0.00000000 0.00000000 -99.00 -99.00 0.00 0.39 0.00 21.77 998.88 39.12 6 1 17 
0:0:22 40.38 0.00000000 0.00000000 -99.00 -99.00 0.00 0.39 0.00 21.77 998.89 39.12 6 1 17 
0:0:22 40.58 0.00000000 0.00000000 -99.00 -99.00 0.00 0.39 0.00 21.76 998.93 39.13 6 1 17 
0:0:22 40.78 0.00000000 0.00000000 -99.00 -99.00 0.00 0.39 0.00 21.76 998.85 39.14 6 1 17 
0:0:22 40.98 0.00000000 0.00000000 -99.00 -99.00 0.00 0.39 0.00 21.76 998.86 39.14 6 1 17 
0:0:23 41.19 0.00000000 0.00000000 -99.00 -99.00 0.00 0.39 0.00 21.76 998.89 39.14 6 1 17 
0:0:23 41.39 0.00000000 0.00000000 -99.00 -99.00 0.00 0.39 0.00 21.77 998.87 39.15 6 1 17 
0:0:23 41.59 0.00000000 0.00000000 -99.00 -99.00 0.00 0.39 0.00 21.77 998.87 39.15 6 1 17 
0:0:23 41.79 0.00000000 0.00000000 -99.00 -99.00 0.00 0.39 0.00 21.76 998.90 39.16 6 1 17 
0:0:23 41.99 0.00000000 0.00000000 -99.00 -99.00 0.00 0.39 0.00 21.76 998.88 39.15 6 1 17 
0:0:24 42.19 0.00000000 0.00000000 -99.00 -99.00 0.00 0.39 0.00 21.77 998.87 39.17 6 1 17 
0:0:24 42.39 0.00000000 0.00000000 -99.00 -99.00 0.00 0.39 0.00 21.77 998.90 39.17 6 1 17 
0:0:24 42.59 0.00000000 0.00000000 -99.00 -99.00 0.00 0.39 0.00 21.77 998.85 39.17 6 1 17 
0:0:24 42.79 0.00000000 0.00000000 -99.00 -99.00 0.00 0.39 0.00 21.77 998.83 39.19 6 1 17 
0:0:24 43.00 0.00000000 0.00000000 -99.00 -99.00 0.00 0.39 0.00 21.77 998.89 39.19 6 1 17 
0:0:25 43.20 0.00000000 0.00000000 -99.00 -99.00 0.00 0.39 0.00 21.77 998.84 39.19 6 1 17 
0:0:25 43.40 0.00000000 0.00000000 -99.00 -99.00 0.00 0.39 0.00 21.77 998.86 39.19 6 1 17 
0:0:25 43.60 0.00000000 0.00000000 -99.00 -99.00 0.00 0.39 0.00 21.77 998.88 39.20 6 1 17 
0:0:25 43.80 0.00000000 0.00000000 -99.00 -99.00 0.00 0.39 0.00 21.77 998.87 39.20 6 1 17 
0:0:25 44.00 0.00000000 0.00000000 -99.00 -99.00 0.00 0.39 0.00 21.77 998.90 39.20 6 1 17 
0:0:26 44.20 0.00000000 0.00000000 -99.00 -99.00 0.00 0.39 0.00 21.77 998.90 39.20 6 1 17 
0:0:26 44.40 0.00000000 0.00000000 -99.00 -99.00 0.00 0.39 0.00 21.77 998.87 39.21 6 1 17 
0:0:26 44.61 0.00000000 0.00000000 -99.00 -99.00 0.00 0.39 0.00 21.77 998.92 39.21 6 1 17 
0:0:26 44.81 0.00000000 0.00000000 -99.00 -99.00 0.00 0.39 0.00 21.77 998.92 39.21 6 1 17 
0:0:26 45.01 0.00000000 0.00000000 -99.00 -99.00 0.00 0.39 0.00 21.77 998.86 39.20 6 1 17 
0:0:27 45.21 0.00000000 0.00000000 -99.00 -99.00 0.00 0.39 0.00 21.77 998.84 39.19 6 1 17 
0:0:27 45.41 0.00000000 0.00000000 -99.00 -99.00 0.00 0.39 0.00 21.77 998.89 39.17 6 1 17 
0:0:27 45.61 0.00000000 0.00000000 -99.00 -99.00 0.00 0.39 0.00 21.77 998.88 39.16 6 1 17 
0:0:27 45.81 0.00000000 0.00000000 -99.00 -99.00 0.00 0.39 0.00 21.78 998.88 39.15 6 1 17 
0:0:27 46.01 0.00000000 0.00000000 -99.00 -99.00 0.00 0.39 0.00 21.77 998.87 39.15 6 1 17 
0:0:28 46.21 0.00000000 0.00000000 -99.00 -99.00 0.00 0.39 0.00 21.77 998.87 39.13 6 1 17 
0:0:28 46.42 0.00000000 0.00000000 -99.00 -99.00 0.00 0.39 0.00 21.77 998.87 39.15 6 1 17 
0:0:28 46.62 0.00000000 0.00000000 -99.00 -99.00 0.00 0.39 0.00 21.78 998.88 39.13 6 1 17 
0:0:28 46.82 0.00000000 0.00000000 -99.00 -99.00 0.00 0.39 0.00 21.78 998.90 39.13 6 1 17 
0:0:28 47.02 0.00000000 0.00000000 -99.00 -99.00 0.00 0.39 0.00 21.77 998.85 39.12 6 1 17 
0:0:29 47.22 0.00000000 0.00000000 -99.00 -99.00 0.00 0.39 0.00 21.77 998.91 39.11 6 1 17 
0:0:29 47.42 0.00000000 0.00000000 -99.00 -99.00 0.00 0.39 0.00 21.78 998.93 39.11 6 1 17 
0:0:29 47.62 0.00000000 0.00000000 -99.00 -99.00 0.00 0.39 0.00 21.78 998.90 39.09 6 1 17 
0:0:29 47.82 0.00000000 0.00000000 -99.00 -99.00 0.00 0.39 0.00 21.78 998.86 39.09 6 1 17 
0:0:29 48.02 0.00000000 0.00000000 -99.00 -99.00 0.00 0.39 0.00 21.78 998.87 39.09 6 1 17 
0:0:30 48.22 0.00000000 0.00000000 -99.00 -99.00 0.00 0.39 0.00 21.78 998.98 39.09 6 1 17 
0:0:30 48.43 0.00000000 0.00000000 -99.00 -99.00 0.00 0.39 0.00 21.79 998.88 39.10 6 1 17 
0:0:30 48.63 0.00000000 0.00000000 -99.00 -99.00 0.00 0.39 0.00 21.78 998.89 39.11 6 1 17 
0:0:30 48.83 0.00000000 0.00000000 -99.00 -99.00 0.00 0.39 0.00 21.79 998.89 39.10 6 1 17 
0:0:30 49.03 0.00000000 0.00000000 -99.00 -99.00 0.00 0.39 0.00 21.78 998.91 39.11 6 1 17 
0:0:31 49.23 0.00000000 0.00000000 -99.00 -99.00 0.00 0.39 0.00 21.78 998.86 39.09 6 1 17 
0:0:31 49.43 0.00000000 0.00000000 -99.00 -99.00 0.00 0.39 0.00 21.78 998.88 39.12 6 1 17 
0:0:31 49.63 0.00000000 0.00000000 -99.00 -99.00 0.00 0.39 0.00 21.79 998.94 39.11 6 1 17 
0:0:31 49.84 0.00000000 0.00000000 -99.00 -99.00 0.00 0.39 0.00 21.79 998.85 39.12 6 1 17 
0:0:31 50.04 0.00000000 0.00000000 -99.00 -99.00 0.00 0.39 0.00 21.79 998.88 39.12 6 1 17 
0:0:32 50.24 0.00000000 0.00000000 -99.00 -99.00 0.00 0.39 0.00 21.79 998.93 39.13 6 1 17 
0:0:32 50.44 0.00000000 0.00000000 -99.00 -99.00 0.00 0.39 0.00 21.78 998.84 39.13 6 1 17 
0:0:32 50.64 0.00000000 0.00000000 -99.00 -99.00 0.00 0.39 0.00 21.79 998.88 39.13 6 1 17 
0:0:32 50.84 0.00000000 0.00000000 -99.00 -99.00 0.00 0.38 0.00 21.79 998.91 39.14 6 1 17 
0:0:32 51.04 0.00000000 0.00000000 -99.00 -99.00 0.00 0.39 0.00 21.79 998.87 39.14 6 1 17 
0:0:33 51.24 0.00000000 0.00000000 -99.00 -99.00 0.00 0.39 0.00 21.79 998.88 39.14 6 1 17 
0:0:33 51.44 0.00000000 0.00000000 -99.00 -99.00 0.00 0.39 0.00 21.79 998.83 39.15 6 1 17 
0:0:33 51.65 0.00000000 0.00000000 -99.00 -99.00 0.00 0.39 0.00 21.79 998.91 39.15 6 1 17 
0:0:33 51.85 0.00000000 0.00000000 -99.00 -99.00 0.00 0.39 0.00 21.80 998.90 39.17 6 1 17 
0:0:33 52.05 0.00000000 0.00000000 -99.00 -99.00 0.00 0.39 0.00 21.80 998.92 39.17 6 1 17 
0:0:34 52.25 0.00000000 0.00000000 -99.00 -99.00 0.00 0.39 0.00 21.79 998.87 39.18 6 1 17 
0:0:34 52.45 0.00000000 0.00000000 -99.00 -99.00 0.00 0.39 0.00 21.79 998.85 39.18 6 1 17 
0:0:34 52.65 0.00000000 0.00000000 -99.00 -99.00 0.00 0.39 0.00 21.80 998.92 39.18 6 1 17 
0:0:34 52.85 0.00000000 0.00000000 -99.00 -99.00 0.00 0.38 0.00 21.80 998.85 39.19 6 1 17 
0:0:34 53.05 0.00000000 0.00000000 -99.00 -99.00 0.00 0.39 0.00 21.80 998.87 39.19 6 1 17 
0:0:34 53.25 0.00000000 0.00000000 -99.00 -99.00 0.00 0.39 0.00 21.80 998.83 39.19 6 1 17 
0:0:34 53.46 0.00000000 0.00000000 -99.00 -99.00 0.00 0.39 0.00 21.80 998.87 39.19 6 1 17 
0:0:34 53.66 0.00000000 0.00000000 -99.00 -99.00 0.00 0.39 0.00 21.80 998.82 39.19 6 1 17 
0:0:34 53.86 0.00000000 0.00000000 -99.00 -99.00 0.00 0.39 0.00 21.79 998.85 39.18 6 1 17 
0:0:34 54.06 0.00000000 0.00000000 -99.00 -99.00 0.00 0.39 0.00 21.80 998.89 39.18 6 1 17 
0:0:34 54.26 0.00000000 0.00000000 -99.00 -99.00 0.00 0.39 0.00 21.80 998.87 39.18 6 1 17 
0:0:34 54.46 0.00000000 0.00000000 -99.00 -99.00 0.00 0.39 0.00 21.80 998.88 39.19 6 1 17 
0:0:34 54.66 0.00000000 0.00000000 -99.00 -99.00 0.00 0.39 0.00 21.80 998.90 39.20 6 1 17 
0:0:34 54.86 0.00000000 0.00000000 -99.00 -99.00 0.00 0.39 0.00 21.80 998.87 39.21 6 1 17 
0:0:34 55.06 0.00000000 0.00000000 -99.00 -99.00 0.00 0.38 0.00 21.80 998.90 39.23 6 1 17 
0:0:34 55.27 0.00000000 0.00000000 -99.00 -99.00 0.00 0.39 0.00 21.80 998.92 39.22 6 1 17 
0:0:34 55.47 0.00000000 0.00000000 -99.00 -99.00 0.00 0.39 0.00 21.80 998.88 39.25 6 1 17 
0:0:34 55.67 0.00000000 0.00000000 -99.00 -99.00 0.00 0.39 0.00 21.81 998.88 39.26 6 1 17 
0:0:34 55.87 0.00000000 0.00000000 -99.00 -99.00 0.00 0.38 0.00 21.80 998.83 39.29 6 1 17 
0:0:34 56.07 0.00000000 0.00000000 -99.00 -99.00 0.00 0.39 0.00 21.81 998.88 39.34 6 1 17 
0:0:34 56.27 0.00000000 0.00000000 -99.00 -99.00 0.00 0.39 0.00 21.81 998.92 39.36 6 1 17 
0:0:34 56.47 0.00000000 0.00000000 -99.00 -99.00 0.00 0.39 0.00 21.81 998.85 39.38 6 1 17 
0:0:34 56.67 0.00000000 0.00000000 -99.00 -99.00 0.00 0.39 0.00 21.81 998.86 39.42 6 1 17 
0:0:34 56.88 0.00000000 0.00000000 -99.00 -99.00 0.00 0.39 0.00 21.81 998.86 39.47 6 1 17 
0:0:34 57.08 0.00000000 0.00000000 -99.00 -99.00 0.00 0.39 0.00 21.81 998.85 39.53 6 1 17 
0:0:38 57.28 0.00000000 0.00000000 -99.00 -99.00 0.00 0.39 0.00 21.81 998.86 39.55 6 1 17 
0:0:38 57.48 0.00000000 0.00000000 -99.00 -99.00 0.00 0.39 0.00 21.81 998.84 39.60 6 1 17 
0:0:38 57.68 0.00000000 0.00000000 -99.00 -99.00 0.00 0.38 0.00 21.81 998.92 39.66 6 1 17 
0:0:38 57.88 0.00000000 0.00000000 -99.00 -99.00 0.00 0.39 0.00 21.81 998.92 39.71 6 1 17 
0:0:38 58.08 0.00000000 0.00000000 -99.00 -99.00 0.00 0.38 0.00 21.81 998.84 39.75 6 1 17 
0:0:38 58.28 0.00000000 0.00000000 -99.00 -99.00 0.00 0.39 0.00 21.81 998.87 39.77 6 1 17 
0:0:38 58.48 0.00000000 0.00000000 -99.00 -99.00 0.00 0.39 0.00 21.81 998.85 39.79 6 1 17 
0:0:38 58.69 0.00000000 0.00000000 -99.00 -99.00 0.00 0.39 0.00 21.81 998.86 39.80 6 1 17 
0:0:38 58.89 0.00000000 0.00000000 -99.00 -99.00 0.00 0.39 0.00 21.81 998.85 39.82 6 1 17 
0:0:38 59.09 0.00000000 0.00000000 -99.00 -99.00 0.00 0.39 0.00 21.82 998.88 39.82 6 1 17 
0:0:41 59.29 0.00000000 0.00000660 -99.00 -99.00 0.00 0.39 0.00 21.82 998.82 39.82 6 1 17 
0:0:41 59.49 0.00000000 0.00000660 -99.00 -99.00 0.00 0.39 0.00 21.82 998.91 39.82 6 1 17 
0:0:41 59.69 0.00000000 0.00000660 -99.00 -99.00 0.00 0.39 0.00 21.82 998.91 39.81 6 1 17 
0:0:41 59.89 0.00000000 0.00000660 -99.00 -99.00 0.00 0.39 0.00 21.82 998.84 39.80 6 1 17 
0:0:41 60.09 0.00000000 0.00000660 -99.00 -99.00 0.00 0.39 0.00 21.82 998.85 39.79 6 1 17 
0:0:42 60.29 0.00000000 0.00000660 -99.00 -99.00 0.00 0.39 0.00 21.81 998.81 39.78 6 1 17 
0:0:42 60.50 0.00000000 0.00000660 -99.00 -99.00 0.00 0.39 0.00 21.82 998.90 39.77 6 1 17 
0:0:42 60.70 0.00000000 0.00000660 -99.00 -99.00 0.00 0.38 0.00 21.83 998.87 39.74 6 1 17 
0:0:42 60.90 0.00000000 0.00000660 -99.00 -99.00 0.00 0.39 0.00 21.82 998.88 39.72 6 1 17 
0:0:42 61.10 0.00000000 0.00000660 -99.00 -99.00 0.00 0.39 0.00 21.82 998.86 39.71 6 1 17 
0:0:43 61.30 0.00000000 0.00000660 -99.00 -99.00 0.00 0.39 0.00 21.82 998.87 39.70 6 1 17 
0:0:43 61.50 0.00000000 0.00000660 -99.00 -99.00 0.00 0.39 0.00 21.82 998.92 39.66 6 1 17 
0:0:43 61.70 0.00000000 0.00000660 -99.00 -99.00 0.00 0.39 0.00 21.82 998.83 39.64 6 1 17 
0:0:43 61.90 0.00000000 0.00000660 -99.00 -99.00 0.00 0.39 0.00 21.82 998.84 39.62 6 1 17 
0:0:43 62.11 0.00000000 0.00000660 -99.00 -99.00 0.00 0.39 0.00 21.82 998.84 39.58 6 1 17 
0:0:44 62.31 0.00000000 0.00000660 -99.00 -99.00 0.00 0.38 0.00 21.83 998.83 39.56 6 1 17 
0:0:44 62.51 0.00000000 0.00000660 -99.00 -99.00 0.00 0.39 0.00 21.82 998.90 39.54 6 1 17 
0:0:44 62.71 0.00000000 0.00000660 -99.00 -99.00 0.00 0.39 0.00 21.82 998.85 39.50 6 1 17 
0:0:44 62.91 0.00000000 0.00000660 -99.00 -99.00 0.00 0.39 0.00 21.83 998.87 39.48 6 1 17 
0:0:44 63.11 0.00000000 0.00000660 -99.00 -99.00 0.00 0.39 0.00 21.83 998.86 39.46 6 1 17 
0:0:45 63.31 0.00000000 0.00000660 -99.00 -99.00 0.00 0.39 0.00 21.83 998.89 39.42 6 1 17 
0:0:45 63.51 0.00000000 0.00000660 -99.00 -99.00 0.00 0.39 0.00 21.82 998.85 39.41 6 1 17 
0:0:45 63.71 0.00000000 0.00000660 -99.00 -99.00 0.00 0.39 0.00 21.83 998.89 39.39 6 1 17 
0:0:45 63.92 0.00000000 0.00000660 -99.00 -99.00 0.00 0.39 0.00 21.82 998.85 39.36 6 1 17 
0:0:46 64.12 0.00000000 0.00000660 -99.00 -99.00 0.00 0.39 0.00 21.83 998.87 39.35 6 1 17 
0:0:46 64.32 0.00000000 0.00000660 -99.00 -99.00 0.00 0.39 0.00 21.83 998.85 39.33 6 1 17 
0:0:46 64.52 0.00000000 0.00000660 -99.00 -99.00 0.00 0.39 0.00 21.83 998.88 39.32 6 1 17 
0:0:46 64.72 0.00000000 0.00000660 -99.00 -99.00 0.00 0.39 0.00 21.83 998.85 39.29 6 1 17 
0:0:46 64.92 0.00000000 0.00000660 -99.00 -99.00 0.00 0.39 0.00 21.83 998.91 39.28 6 1 17 
0:0:47 65.12 0.00000000 0.00000660 -99.00 -99.00 0.00 0.39 0.00 21.82 998.86 39.28 6 1 17 
0:0:47 65.32 0.00000000 0.00000660 -99.00 -99.00 0.00 0.38 0.00 21.83 998.81 39.27 6 1 17 
0:0:47 65.52 0.00000000 0.00000660 -99.00 -99.00 0.00 0.39 0.00 21.83 998.79 39.25 6 1 17 
0:0:47 65.72 0.00000000 0.00000660 -99.00 -99.00 0.00 0.39 0.00 21.83 998.82 39.20 6 1 17 
0:0:47 65.92 0.00000000 0.00000660 -99.00 -99.00 0.00 0.39 0.00 21.83 998.93 39.13 6 1 17 
0:0:48 66.12 0.00000000 0.00000660 -99.00 -99.00 0.00 0.39 0.00 21.83 998.85 39.03 6 1 17 
0:0:48 66.32 0.00000000 0.00000660 -99.00 -99.00 0.00 0.39 0.00 21.82 998.83 38.98 6 1 17 
0:0:48 66.52 0.00000000 0.00000660 -99.00 -99.00 0.00 0.39 0.00 21.82 998.84 38.92 6 1 17 
0:0:48 66.73 0.00000000 0.00000660 -99.00 -99.00 0.00 0.38 0.00 21.83 998.89 38.87 6 1 17 
0:0:48 66.93 0.00000000 0.00000660 -99.00 -99.00 0.00 0.39 0.00 21.83 998.84 38.83 6 1 17 
0:0:49 67.13 0.00000000 0.00000660 -99.00 -99.00 0.00 0.39 0.00 21.83 998.86 38.80 6 1 17 
0:0:49 67.33 0.00000000 0.00000660 -99.00 -99.00 0.00 0.39 0.00 21.83 998.88 38.75 6 1 17 
0:0:49 67.53 0.00000000 0.00000660 -99.00 -99.00 0.00 0.39 0.00 21.82 998.80 38.74 6 1 17 
0:0:49 67.73 0.00000000 0.00000660 -99.00 -99.00 0.00 0.39 0.00 21.82 998.92 38.73 6 1 17 
0:0:49 67.93 0.00000000 0.00000660 -99.00 -99.00 0.00 0.39 0.00 21.82 998.86 38.69 6 1 17 
0:0:50 68.13 0.00000000 0.00000660 -99.00 -99.00 0.00 0.39 0.00 21.82 998.85 38.67 6 1 17 
0:0:50 68.33 0.00000000 0.00000660 -99.00 -99.00 0.00 0.39 0.00 21.83 998.92 38.66 6 1 17 
0:0:50 68.53 0.00000000 0.00000660 -99.00 -99.00 0.00 0.39 0.00 21.83 998.90 38.64 6 1 17 
0:0:50 68.73 0.00000000 0.00000660 -99.00 -99.00 0.00 0.39 0.00 21.83 998.89 38.63 6 1 17 
0:0:50 68.93 0.00000000 0.00000660 -99.00 -99.00 0.00 0.39 0.00 21.83 998.84 38.61 6 1 17 
0:0:51 69.14 0.00000000 0.00000660 -99.00 -99.00 0.00 0.39 0.00 21.83 998.87 38.60 6 1 17 
0:0:51 69.34 0.00000000 0.00000660 -99.00 -99.00 0.00 0.39 0.00 21.83 998.88 38.58 6 1 17 
0:0:51 69.54 0.00000000 0.00000660 -99.00 -99.00 0.00 0.39 0.00 21.83 998.93 38.57 6 1 17 
0:0:51 69.74 0.00000000 0.00000660 -99.00 -99.00 0.00 0.39 0.00 21.83 998.86 38.57 6 1 17 
0:0:51 69.94 0.00000000 0.00000660 -99.00 -99.00 0.00 0.39 0.00 21.84 998.85 38.56 6 1 17 
0:0:52 70.14 0.00000000 0.00000660 -99.00 -99.00 0.00 0.39 0.00 21.83 998.81 38.53 6 1 17 
0:0:52 70.34 0.00000000 0.00000660 -99.00 -99.00 0.00 0.39 0.00 21.83 998.85 38.55 6 1 17 
0:0:52 70.54 0.00000000 0.00000660 -99.00 -99.00 0.00 0.39 0.00 21.83 998.85 38.52 6 1 17 
0:0:52 70.74 0.00000000 0.00000660 -99.00 -99.00 0.00 0.39 0.00 21.84 998.84 38.52 6 1 17 
0:0:52 70.94 0.00000000 0.00000660 -99.00 -99.00 0.00 0.40 0.01 21.83 998.84 38.51 6 1 17 
0:0:53 71.14 0.00000000 0.00000660 -99.00 -99.00 0.00 0.40 0.01 21.83 998.83 38.51 6 1 17 
0:0:53 71.34 0.00000000 0.00000660 -99.00 -99.00 0.00 0.41 0.11 21.83 998.76 38.51 6 1 17 
0:0:53 71.54 0.00000000 0.00000660 -99.00 -99.00 0.00 0.41 0.11 21.83 998.82 38.49 6 1 17 
0:0:53 71.74 0.00000000 0.00000660 -99.00 -99.00 0.00 0.40 0.01 21.83 998.77 38.48 6 1 17 
0:0:53 71.94 0.00000000 0.00000660 -99.00 -99.00 0.00 0.41 0.11 21.83 998.83 38.48 6 1 17 
0:0:54 72.15 0.00000000 0.00000660 -99.00 -99.00 0.00 0.42 0.30 21.83 998.85 38.46 6 1 17 
0:0:54 72.35 0.00000000 0.00000660 -99.00 -99.00 0.00 0.42 0.40 21.83 998.77 38.46 6 1 17 
0:0:54 72.55 0.00000000 0.00000660 -99.00 -99.00 0.00 0.42 0.50 21.84 998.74 38.45 6 1 17 
0:0:54 72.75 0.00000000 0.00000660 -99.00 -99.00 0.00 0.42 0.50 21.83 998.75 38.45 6 1 17 
0:0:54 72.95 0.00000000 0.00000660 -99.00 -99.00 0.00 0.44 0.89 21.83 998.79 38.44 6 1 17 
0:0:55 73.15 0.00000000 0.00000660 -99.00 -99.00 0.00 0.45 0.98 21.83 998.79 38.44 6 1 17 
0:0:55 73.35 0.00000000 0.00000660 -99.00 -99.00 0.00 0.45 1.08 21.84 998.78 38.43 6 1 17 
0:0:55 73.55 0.00000000 0.00000660 -99.00 -99.00 0.00 0.46 1.28 21.83 998.79 38.43 6 1 17 
0:0:55 73.75 0.00000000 0.00000660 -99.00 -99.00 0.00 0.47 1.38 21.84 998.68 38.42 6 1 17 
0:0:55 73.95 0.00000000 0.00000660 -99.00 -99.00 0.00 0.47 1.47 21.84 998.73 38.41 6 1 17 
0:0:56 74.15 0.00000000 0.00000660 -99.00 -99.00 0.00 0.47 1.47 21.84 998.66 38.41 6 1 17 
0:0:56 74.36 0.00000000 0.00000660 -99.00 -99.00 0.00 0.48 1.57 21.84 998.85 38.41 6 1 17 
0:0:56 74.56 0.00000000 0.00000660 -99.00 -99.00 0.00 0.48 1.67 21.85 998.83 38.40 6 1 17 
0:0:56 74.76 0.00000000 0.00000660 -99.00 -99.00 0.00 0.49 1.77 21.85 998.91 38.40 6 1 17 
0:0:56 74.96 0.00000000 0.00000660 -99.00 -99.00 0.00 0.48 1.67 21.85 998.79 38.40 6 1 17 
0:0:57 75.16 0.00000000 0.00000660 -99.00 -99.00 0.00 0.48 1.67 21.85 998.83 38.40 6 1 17 
0:0:57 75.36 0.00000000 0.00000660 -99.00 -99.00 0.00 0.48 1.67 21.85 998.81 38.39 6 1 17 
0:0:57 75.56 0.00000000 0.00000660 -99.00 -99.00 0.00 0.48 1.57 21.86 998.83 38.39 6 1 17 
0:0:57 75.76 0.00000000 0.00000660 -99.00 -99.00 0.00 0.47 1.38 21.85 998.77 38.37 6 1 17 
0:0:57 75.96 0.00000000 0.00000660 -99.00 -99.00 0.00 0.47 1.38 21.86 998.57 38.36 6 1 17 
0:0:58 76.17 0.00000000 0.00000660 -99.00 -99.00 0.00 0.47 1.47 21.86 998.69 38.35 6 1 17 
0:0:58 76.37 0.00000000 0.00000660 -99.00 -99.00 0.00 0.47 1.47 21.87 998.79 38.34 6 1 17 
0:0:58 76.57 0.00000000 0.00000660 -99.00 -99.00 0.00 0.48 1.67 21.87 998.88 38.34 6 1 17 
0:0:58 76.77 0.00000000 0.00000660 -99.00 -99.00 0.00 0.49 1.86 21.86 998.80 38.32 6 1 17 
0:0:58 76.97 0.00000000 0.00000660 -99.00 -99.00 0.00 0.50 1.96 21.87 998.80 38.32 6 1 17 
0:0:59 77.17 0.00000000 0.00000660 -99.00 -99.00 0.00 0.49 1.86 21.87 998.79 38.32 6 1 17 
0:0:59 77.37 0.00000000 0.00000660 -99.00 -99.00 0.00 0.49 1.86 21.87 998.84 38.31 6 1 17 
0:0:59 77.57 0.00000000 0.00000660 -99.00 -99.00 0.00 0.49 1.77 21.87 998.82 38.29 6 1 17 
0:0:59 77.77 0.00000000 0.00000660 -99.00 -99.00 0.00 0.48 1.57 21.87 998.82 38.29 6 1 17 
0:0:59 77.97 0.00000000 0.00000660 -99.00 -99.00 0.00 0.48 1.67 21.87 998.81 38.30 6 1 17 
0:1:0 78.17 0.00000000 0.00000660 -99.00 -99.00 0.00 0.48 1.57 21.87 998.79 38.29 6 1 17 
0:1:0 78.37 0.00000000 0.00000660 -99.00 -99.00 0.00 0.47 1.38 21.87 998.85 38.28 6 1 17 
0:1:0 78.57 0.00000000 0.00000660 -99.00 -99.00 0.00 0.47 1.38 21.88 998.81 38.28 6 1 17 
0:1:0 78.77 0.00000000 0.00000660 -99.00 -99.00 0.00 0.47 1.38 21.87 998.81 38.27 6 1 17 
0:1:0 78.98 0.00000000 0.00000660 -99.00 -99.00 0.00 0.46 1.18 21.87 998.78 38.26 6 1 17 
0:1:1 79.18 0.00000000 0.00000660 -99.00 -99.00 0.00 0.45 1.08 21.88 998.80 38.26 6 1 17 
0:1:1 79.38 0.00000000 0.00000660 -99.00 -99.00 0.00 0.45 1.08 21.88 998.73 38.26 6 1 17 
0:1:1 79.58 0.00000000 0.00000660 -99.00 -99.00 0.00 0.45 0.98 21.88 998.76 38.26 6 1 17 
0:1:1 79.78 0.00000000 0.00000660 -99.00 -99.00 0.00 0.45 1.08 21.88 998.81 38.25 6 1 17 
0:1:1 79.98 0.00000000 0.00000660 -99.00 -99.00 0.00 0.44 0.79 21.88 998.73 38.24 6 1 17 
0:1:2 80.18 0.00000000 0.00000660 -99.00 -99.00 0.00 0.43 0.69 21.89 998.83 38.23 6 1 17 
0:1:2 80.38 0.00000000 0.00000660 -99.00 -99.00 0.00 0.43 0.69 21.89 998.73 38.23 6 1 17 
0:1:2 80.58 0.00000000 0.00000660 -99.00 -99.00 0.00 0.43 0.69 21.88 998.71 38.23 6 1 17 
0:1:2 80.78 0.00000000 0.00000660 -99.00 -99.00 0.00 0.43 0.69 21.89 998.71 38.22 6 1 17 
0:1:2 80.98 0.00000000 0.00000660 -99.00 -99.00 0.00 0.43 0.59 21.89 998.78 38.21 6 1 17 
0:1:3 81.18 0.00000000 0.00000660 -99.00 -99.00 0.00 0.43 0.69 21.89 998.71 38.22 6 1 17 
0:1:3 81.38 0.00000000 0.00000660 -99.00 -99.00 0.00 0.43 0.59 21.89 998.66 38.22 6 1 17 
0:1:3 81.58 0.00000000 0.00000660 -99.00 -99.00 0.00 0.42 0.40 21.89 998.65 38.22 6 1 17 
0:1:3 81.79 0.00000000 0.00000660 -99.00 -99.00 0.00 0.42 0.40 21.89 998.69 38.23 6 1 17 
0:1:3 81.99 0.00000000 0.00000660 -99.00 -99.00 0.00 0.42 0.40 21.89 998.69 38.23 6 1 17 
0:1:4 82.19 0.00000000 0.00000660 -99.00 -99.00 0.00 0.42 0.40 21.89 998.68 38.23 6 1 17 
0:1:4 82.39 0.00000000 0.00000660 -99.00 -99.00 0.00 0.42 0.40 21.90 998.72 38.23 6 1 17 
0:1:4 82.59 0.00000000 0.00000660 -99.00 -99.00 0.00 0.42 0.40 21.90 998.70 38.23 6 1 17 
0:1:4 82.79 0.00000000 0.00000660 -99.00 -99.00 0.00 0.42 0.40 21.91 998.77 38.23 6 1 17 
0:1:4 82.99 0.00000000 0.00000660 -99.00 -99.00 0.00 0.42 0.40 21.91 998.74 38.24 6 1 17 
0:1:5 83.19 0.00000000 0.00000660 -99.00 -99.00 0.00 0.42 0.40 21.90 998.71 38.24 6 1 17 
0:1:5 83.39 0.00000000 0.00000660 -99.00 -99.00 0.00 0.42 0.40 21.90 998.74 38.25 6 1 17 
0:1:5 83.59 0.00000000 0.00000660 -99.00 -99.00 0.00 0.41 0.20 21.90 998.72 38.23 6 1 17 
0:1:5 83.79 0.00000000 0.00000660 -99.00 -99.00 0.00 0.41 0.11 21.91 998.73 38.23 6 1 17 
0:1:5 83.99 0.00000000 0.00000660 -99.00 -99.00 0.00 0.41 0.11 21.91 998.71 38.23 6 1 17 
0:1:6 84.19 0.00000000 0.00000660 -99.00 -99.00 0.00 0.41 0.11 21.91 998.69 38.22 6 1 17 
0:1:6 84.39 0.00000000 0.00000660 -99.00 -99.00 0.00 0.41 0.11 21.91 998.69 38.23 6 1 17 
0:1:6 84.59 0.00000000 0.00000660 -99.00 -99.00 0.00 0.41 0.11 21.92 998.75 38.22 6 1 17 
0:1:6 84.80 0.00000000 0.00000660 -99.00 -99.00 0.00 0.41 0.11 21.92 998.69 38.22 6 1 17 
0:1:6 85.00 0.00000000 0.00000660 -99.00 -99.00 0.00 0.41 0.11 21.91 998.70 38.22 6 1 17 
0:1:7 85.20 0.00000000 0.00000660 -99.00 -99.00 0.00 0.41 0.11 21.92 998.70 38.21 6 1 17 
0:1:7 85.40 0.00000000 0.00000660 -99.00 -99.00 0.00 0.41 0.11 21.92 998.76 38.23 6 1 17 
0:1:7 85.60 0.00000000 0.00000660 -99.00 -99.00 0.00 0.41 0.20 21.92 998.67 38.21 6 1 17 
0:1:7 85.80 0.00000000 0.00000660 -99.00 -99.00 0.00 0.41 0.11 21.92 998.67 38.22 6 1 17 
0:1:7 86.00 0.00000000 0.00000660 -99.00 -99.00 0.00 0.41 0.20 21.92 998.69 38.22 6 1 17 
0:1:8 86.20 0.00000000 0.00000660 -99.00 -99.00 0.00 0.41 0.20 21.92 998.66 38.21 6 1 17 
0:1:8 86.40 0.00000000 0.00000660 -99.00 -99.00 0.00 0.41 0.20 21.93 998.71 38.21 6 1 17 
0:1:8 86.60 0.00000000 0.00000660 -99.00 -99.00 0.00 0.41 0.20 21.93 998.70 38.21 6 1 17 
0:1:8 86.80 0.00000000 0.00000660 -99.00 -99.00 0.00 0.41 0.20 21.93 998.71 38.21 6 1 17 
0:1:8 87.00 0.00000000 0.00000660 -99.00 -99.00 0.00 0.41 0.20 21.93 998.62 38.21 6 1 17 
0:1:9 87.20 0.00000000 0.00000660 -99.00 -99.00 0.00 0.41 0.11 21.94 998.70 38.21 6 1 17 
0:1:9 87.40 0.00000000 0.00000660 -99.00 -99.00 0.00 0.41 0.11 21.93 998.70 38.20 6 1 17 
0:1:9 87.61 0.00000000 0.00000660 -99.00 -99.00 0.00 0.41 0.20 21.94 998.66 38.20 6 1 17 
0:1:9 87.81 0.00000000 0.00000660 -99.00 -99.00 0.00 0.41 0.20 21.94 998.68 38.20 6 1 17 
0:1:9 88.01 0.00000000 0.00000660 -99.00 -99.00 0.00 0.41 0.20 21.94 998.66 38.19 6 1 17 
0:1:10 88.21 0.00000000 0.00000660 -99.00 -99.00 0.00 0.41 0.20 21.94 998.68 38.19 6 1 17 
0:1:10 88.41 0.00000000 0.00000660 -99.00 -99.00 0.00 0.41 0.20 21.94 998.66 38.19 6 1 17 
0:1:10 88.61 0.00000000 0.00000660 -99.00 -99.00 0.00 0.41 0.20 21.94 998.69 38.17 6 1 17 
0:1:10 88.81 0.00000000 0.00000660 -99.00 -99.00 0.00 0.41 0.20 21.94 998.65 38.17 6 1 17 
0:1:10 89.01 0.00000000 0.00000660 -99.00 -99.00 0.00 0.41 0.20 21.95 998.71 38.17 6 1 17 
0:1:11 89.21 0.00000000 0.00000660 -99.00 -99.00 0.00 0.41 0.20 21.95 998.70 38.18 6 1 17 
0:1:11 89.41 0.00000000 0.00000660 -99.00 -99.00 0.00 0.41 0.20 21.95 998.63 38.17 6 1 17 
0:1:11 89.61 0.00000000 0.00000660 -99.00 -99.00 0.00 0.41 0.20 21.95 998.61 38.17 6 1 17 
0:1:11 89.81 0.00000000 0.00000660 -99.00 -99.00 0.00 0.41 0.20 21.95 998.63 38.16 6 1 17 
0:1:11 90.01 0.00000000 0.00000660 -99.00 -99.00 0.00 0.41 0.20 21.96 998.65 38.16 6 1 17 
0:1:12 90.22 0.00000000 0.00000660 -99.00 -99.00 0.00 0.41 0.20 21.96 998.69 38.17 6 1 17 
0:1:12 90.42 0.00000000 0.00000660 -99.00 -99.00 0.00 0.41 0.11 21.96 998.68 38.15 6 1 17 
0:1:12 90.62 0.00000000 0.00000660 -99.00 -99.00 0.00 0.41 0.20 21.96 998.65 38.15 6 1 17 
0:1:12 90.82 0.00000000 0.00000660 -99.00 -99.00 0.00 0.41 0.20 21.96 998.70 38.15 6 1 17 
0:1:12 91.02 0.00000000 0.00000660 -99.00 -99.00 0.00 0.41 0.20 21.96 998.67 38.15 6 1 17 
0:1:13 91.22 0.00000000 0.00000660 -99.00 -99.00 0.00 0.41 0.20 21.96 998.64 38.14 6 1 17 
0:1:13 91.42 0.00000000 0.00000660 -99.00 -99.00 0.00 0.41 0.20 21.96 998.66 38.15 6 1 17 
0:1:13 91.62 0.00000000 0.00000660 -99.00 -99.00 0.00 0.41 0.11 21.96 998.69 38.14 6 1 17 
0:1:13 91.82 0.00000000 0.00000660 -99.00 -99.00 0.00 0.40 0.01 21.96 998.66 38.13 6 1 17 
0:1:13 92.02 0.00000000 0.00000660 -99.00 -99.00 0.00 0.39 0.00 21.97 998.66 38.13 6 1 17 
0:1:14 92.22 0.00000000 0.00000660 -99.00 -99.00 0.00 0.40 0.00 21.98 998.64 38.13 6 1 17 
0:1:14 92.42 0.00000000 0.00000660 -99.00 -99.00 0.00 0.40 0.00 21.97 998.62 38.13 6 1 17 
0:1:14 92.62 0.00000000 0.00000660 -99.00 -99.00 0.00 0.40 0.00 21.98 998.67 38.13 6 1 17 
0:1:14 92.82 0.00000000 0.00000660 -99.00 -99.00 0.00 0.40 0.00 21.97 998.64 38.13 6 1 17 
0:1:14 93.02 0.00000000 0.00000660 -99.00 -99.00 0.00 0.40 0.00 21.97 998.62 38.12 6 1 17 
0:1:15 93.22 0.00000000 0.00000660 -99.00 -99.00 0.00 0.40 0.00 21.96 998.67 38.12 6 1 17 
0:1:15 93.43 0.00000000 0.00000660 -99.00 -99.00 0.00 0.40 0.00 21.98 998.67 38.11 6 1 17 
0:1:15 93.63 0.00000000 0.00000660 -99.00 -99.00 0.00 0.39 0.00 21.98 998.64 38.11 6 1 17 
0:1:15 93.83 0.00000000 0.00000660 -99.00 -99.00 0.00 0.40 0.00 21.98 998.64 38.10 6 1 17 
0:1:15 94.03 0.00000000 0.00000660 -99.00 -99.00 0.00 0.40 0.00 21.98 998.68 38.09 6 1 17 
0:1:16 94.23 0.00000000 0.00000660 -99.00 -99.00 0.00 0.40 0.00 21.97 998.65 38.10 6 1 17 
0:1:16 94.43 0.00000000 0.00000660 -99.00 -99.00 0.00 0.40 0.00 21.98 998.67 38.07 6 1 17 
0:1:16 94.63 0.00000000 0.00000660 -99.00 -99.00 0.00 0.40 0.00 21.98 998.59 38.07 6 1 17 
0:1:16 94.83 0.00000000 0.00000660 -99.00 -99.00 0.00 0.40 0.00 21.98 998.64 38.07 6 1 17 
0:1:16 95.03 0.00000000 0.00000660 -99.00 -99.00 0.00 0.40 0.00 21.98 998.64 38.07 6 1 17 
0:1:17 95.23 0.00000000 0.00000660 -99.00 -99.00 0.00 0.40 0.00 21.99 998.73 38.08 6 1 17 
0:1:17 95.43 0.00000000 0.00000660 -99.00 -99.00 0.00 0.40 0.00 21.99 998.65 38.09 6 1 17 
0:1:17 95.63 0.00000000 0.00000660 -99.00 -99.00 0.00 0.40 0.00 21.99 998.64 38.09 6 1 17 
0:1:17 95.83 0.00000000 0.00000660 -99.00 -99.00 0.00 0.40 0.00 21.99 998.63 38.10 6 1 17 
0:1:17 96.04 0.00000000 0.00000660 -99.00 -99.00 0.00 0.40 0.00 21.99 998.65 38.10 6 1 17 
0:1:18 96.24 0.00000000 0.00000660 -99.00 -99.00 0.00 0.40 0.00 21.99 998.64 38.10 6 1 17 
0:1:18 96.44 0.00000000 0.00000660 -99.00 -99.00 0.00 0.40 0.00 21.99 998.65 38.10 6 1 17 
0:1:18 96.64 0.00000000 0.00000660 -99.00 -99.00 0.00 0.40 0.00 21.99 998.69 38.09 6 1 17 
0:1:18 96.84 0.00000000 0.00000660 -99.00 -99.00 0.00 0.40 0.00 22.00 998.61 38.08 6 1 17 
0:1:18 97.04 0.00000000 0.00000660 -99.00 -99.00 0.00 0.40 0.00 22.00 998.62 38.06 6 1 17 
0:1:19 97.24 0.00000000 0.00000660 -99.00 -99.00 0.00 0.40 0.00 21.99 998.62 38.06 6 1 17 
0:1:19 97.44 0.00000000 0.00000660 -99.00 -99.00 0.00 0.40 0.00 21.99 998.56 38.06 6 1 17 
0:1:19 97.64 0.00000000 0.00000660 -99.00 -99.00 0.00 0.40 0.00 22.00 998.59 38.08 6 1 17 
0:1:19 97.84 0.00000000 0.00000660 -99.00 -99.00 0.00 0.39 0.00 22.00 998.61 38.08 6 1 17 
0:1:19 98.04 0.00000000 0.00000660 -99.00 -99.00 0.00 0.39 0.00 22.00 998.60 38.08 6 1 17 
0:1:20 98.24 0.00000000 0.00000660 -99.00 -99.00 0.00 0.38 0.00 22.00 998.67 38.06 6 1 17 
0:1:20 98.44 0.00000000 0.00000660 -99.00 -99.00 0.00 0.39 0.00 22.00 998.67 38.06 6 1 17 
0:1:20 98.64 0.00000000 0.00000660 -99.00 -99.00 0.00 0.42 0.30 22.00 998.62 38.05 6 1 17 
0:1:20 98.84 0.00000000 0.00000660 -99.00 -99.00 0.00 0.43 0.69 22.01 998.70 38.04 6 1 17 
0:1:20 99.04 0.00000000 0.00000660 -99.00 -99.00 0.00 0.44 0.79 22.00 998.64 38.03 6 1 17 
0:1:21 99.25 0.00000000 0.00000660 -99.00 -99.00 0.00 0.44 0.89 22.00 998.65 38.05 6 1 17 
0:1:21 99.45 0.00000000 0.00000660 -99.00 -99.00 0.00 0.44 0.89 22.01 998.67 38.01 6 1 17 
0:1:21 99.65 0.00000000 0.00000660 -99.00 -99.00 0.00 0.44 0.89 22.01 998.71 38.00 6 1 17 
0:1:21 99.85 0.00000000 0.00000660 -99.00 -99.00 0.00 0.44 0.89 22.00 998.66 37.98 6 1 17 
0:1:21 100.05 0.00000000 0.00000660 -99.00 -99.00 0.00 0.45 0.98 22.01 998.65 37.97 6 1 17 
0:1:22 100.25 0.00000000 0.00000660 -99.00 -99.00 0.00 0.44 0.89 22.01 998.73 37.97 6 1 17 
0:1:22 100.45 0.00000000 0.00000660 -99.00 -99.00 0.00 0.44 0.79 22.01 998.69 37.95 6 1 17 
0:1:22 100.65 0.00000000 0.00000660 -99.00 -99.00 0.00 0.44 0.79 22.01 998.72 37.95 6 1 17 
0:1:22 100.85 0.00000000 0.00000660 -99.00 -99.00 0.00 0.44 0.79 22.00 998.66 37.95 6 1 17 
0:1:22 101.05 0.00000000 0.00000660 -99.00 -99.00 0.00 0.44 0.79 22.01 998.72 37.94 6 1 17 
0:1:23 101.25 0.00000000 0.00000660 -99.00 -99.00 0.00 0.43 0.69 22.01 998.72 37.94 6 1 17 
0:1:23 101.45 0.00000000 0.00000660 -99.00 -99.00 0.00 0.43 0.69 22.02 998.68 37.93 6 1 17 
0:1:23 101.65 0.00000000 0.00000660 -99.00 -99.00 0.00 0.43 0.59 22.01 998.68 37.93 6 1 17 
0:1:23 101.85 0.00000000 0.00000660 -99.00 -99.00 0.00 0.42 0.50 22.01 998.69 37.93 6 1 17 
0:1:23 102.05 0.00000000 0.00000660 -99.00 -99.00 0.00 0.42 0.50 22.01 998.65 37.93 6 1 17 
0:1:24 102.25 0.00000000 0.00000660 -99.00 -99.00 0.00 0.42 0.50 22.01 998.71 37.92 6 1 17 
0:1:24 102.45 0.00000000 0.00000660 -99.00 -99.00 0.00 0.42 0.50 22.02 998.68 37.92 6 1 17 
0:1:24 102.66 0.00000000 0.00000660 -99.00 -99.00 0.00 0.42 0.50 22.02 998.70 37.90 6 1 17 
0:1:24 102.86 0.00000000 0.00000660 -99.00 -99.00 0.00 0.42 0.40 22.02 998.68 37.92 6 1 17 
0:1:24 103.06 0.00000000 0.00000660 -99.00 -99.00 0.00 0.42 0.50 22.02 998.67 37.90 6 1 17 
0:1:25 103.26 0.00000000 0.00000660 -99.00 -99.00 0.00 0.42 0.50 22.03 998.72 37.89 6 1 17 
0:1:25 103.46 0.00000000 0.00000660 -99.00 -99.00 0.00 0.42 0.50 22.02 998.71 37.90 6 1 17 
0:1:25 103.66 0.00000000 0.00000660 -99.00 -99.00 0.00 0.42 0.30 22.02 998.66 37.89 6 1 17 
0:1:25 103.86 0.00000000 0.00000660 -99.00 -99.00 0.00 0.41 0.20 22.02 998.69 37.89 6 1 17 
0:1:25 104.06 0.00000000 0.00000660 -99.00 -99.00 0.00 0.41 0.20 22.03 998.75 37.89 6 1 17 
0:1:26 104.26 0.00000000 0.00000660 -99.00 -99.00 0.00 0.41 0.20 22.03 998.69 37.89 6 1 17 
0:1:26 104.46 0.00000000 0.00000660 -99.00 -99.00 0.00 0.41 0.11 22.03 998.69 37.89 6 1 17 
0:1:26 104.66 0.00000000 0.00000660 -99.00 -99.00 0.00 0.41 0.20 22.03 998.69 37.89 6 1 17 
0:1:26 104.86 0.00000000 0.00000660 -99.00 -99.00 0.00 0.41 0.20 22.03 998.71 37.89 6 1 17 
0:1:26 105.06 0.00000000 0.00000660 -99.00 -99.00 0.00 0.41 0.20 22.03 998.69 37.89 6 1 17 
0:1:27 105.26 0.00000000 0.00000660 -99.00 -99.00 0.00 0.41 0.20 22.03 998.73 37.89 6 1 17 
0:1:27 105.46 0.00000000 0.00000660 -99.00 -99.00 0.00 0.41 0.20 22.03 998.73 37.88 6 1 17 
0:1:27 105.66 0.00000000 0.00000660 -99.00 -99.00 0.00 0.41 0.20 22.03 998.71 37.88 6 1 17 
0:1:27 105.87 0.00000000 0.00000660 -99.00 -99.00 0.00 0.41 0.20 22.04 998.73 37.88 6 1 17 
0:1:27 106.07 0.00000000 0.00000660 -99.00 -99.00 0.00 0.41 0.11 22.04 998.71 37.88 6 1 17 
0:1:28 106.27 0.00000000 0.00000660 -99.00 -99.00 0.00 0.41 0.11 22.04 998.65 37.88 6 1 17 
0:1:28 106.47 0.00000000 0.00000660 -99.00 -99.00 0.00 0.41 0.11 22.04 998.66 37.88 6 1 17 
0:1:28 106.67 0.00000000 0.00000660 -99.00 -99.00 0.00 0.41 0.11 22.04 998.67 37.88 6 1 17 
0:1:28 106.87 0.00000000 0.00000660 -99.00 -99.00 0.00 0.41 0.11 22.04 998.69 37.88 6 1 17 
0:1:28 107.07 0.00000000 0.00000660 -99.00 -99.00 0.00 0.41 0.11 22.04 998.64 37.88 6 1 17 
0:1:29 107.27 0.00000000 0.00000660 -99.00 -99.00 0.00 0.41 0.11 22.05 998.60 37.88 6 1 17 
0:1:29 107.47 0.00000000 0.00000660 -99.00 -99.00 0.00 0.41 0.20 22.05 998.60 37.88 6 1 17 
0:1:29 107.67 0.00000000 0.00000660 -99.00 -99.00 0.00 0.42 0.30 22.06 998.73 37.87 6 1 17 
0:1:29 107.87 0.00000000 0.00000660 -99.00 -99.00 0.00 0.42 0.40 22.06 998.67 37.87 6 1 17 
0:1:29 108.07 0.00000000 0.00000660 -99.00 -99.00 0.00 0.43 0.59 22.06 998.71 37.87 6 1 17 
0:1:29 108.27 0.00000000 0.00000660 -99.00 -99.00 0.00 0.44 0.89 22.06 998.65 37.87 6 1 17 
0:1:29 108.48 0.00000000 0.00000660 -99.00 -99.00 0.00 0.45 0.98 22.06 998.70 37.85 6 1 17 
0:1:29 108.68 0.00000000 0.00000660 -99.00 -99.00 0.00 0.45 1.08 22.05 998.68 37.85 6 1 17 
0:1:29 108.88 0.00000000 0.00000660 -99.00 -99.00 0.00 0.45 1.08 22.06 998.65 37.85 6 1 17 
0:1:29 109.08 0.00000000 0.00000660 -99.00 -99.00 0.00 0.45 1.08 22.07 998.67 37.84 6 1 17 
0:1:29 109.28 0.00000000 0.00000660 -99.00 -99.00 0.00 0.45 1.08 22.07 998.67 37.85 6 1 17 
0:1:29 109.48 0.00000000 0.00000660 -99.00 -99.00 0.00 0.45 1.08 22.07 998.73 37.85 6 1 17 
0:1:29 109.68 0.00000000 0.00000660 -99.00 -99.00 0.00 0.45 0.98 22.07 998.69 37.86 6 1 17 
0:1:29 109.88 0.00000000 0.00000660 -99.00 -99.00 0.00 0.44 0.89 22.07 998.76 37.88 6 1 17 
0:1:29 110.08 0.00000000 0.00000660 -99.00 -99.00 0.00 0.44 0.89 22.08 998.72 37.88 6 1 17 
0:1:29 110.28 0.00000000 0.00000660 -99.00 -99.00 0.00 0.44 0.89 22.08 998.72 37.88 6 1 17 
0:1:29 110.48 0.00000000 0.00000660 -99.00 -99.00 0.00 0.44 0.89 22.08 998.74 37.88 6 1 17 
0:1:29 110.68 0.00000000 0.00000660 -99.00 -99.00 0.00 0.44 0.79 22.08 998.71 37.88 6 1 17 
0:1:29 110.88 0.00000000 0.00000660 -99.00 -99.00 0.00 0.43 0.69 22.08 998.69 37.86 6 1 17 
0:1:29 111.08 0.00000000 0.00000660 -99.00 -99.00 0.00 0.42 0.50 22.08 998.72 37.85 6 1 17 
0:1:29 111.28 0.00000000 0.00000660 -99.00 -99.00 0.00 0.43 0.59 22.08 998.74 37.85 6 1 17 
0:1:29 111.48 0.00000000 0.00000660 -99.00 -99.00 0.00 0.43 0.59 22.08 998.71 37.86 6 1 17 
0:1:29 111.68 0.00000000 0.00000660 -99.00 -99.00 0.00 0.43 0.59 22.08 998.69 37.85 6 1 17 
0:1:29 111.88 0.00000000 0.00000660 -99.00 -99.00 0.00 0.43 0.59 22.09 998.70 37.85 6 1 17 
0:1:29 112.09 0.00000000 0.00000660 -99.00 -99.00 0.00 0.42 0.50 22.08 998.73 37.85 6 1 17 
0:1:29 112.29 0.00000000 0.00000660 -99.00 -99.00 0.00 0.42 0.40 22.09 998.70 37.84 6 1 17 
0:1:29 112.49 0.00000000 0.00000660 -99.00 -99.00 0.00 0.42 0.40 22.09 998.70 37.85 6 1 17 
0:1:29 112.69 0.00000000 0.00000660 -99.00 -99.00 0.00 0.42 0.40 22.09 998.70 37.84 6 1 17 
0:1:29 112.89 0.00000000 0.00000660 -99.00 -99.00 0.00 0.42 0.40 22.09 998.64 37.84 6 1 17 
0:1:29 113.09 0.00000000 0.00000660 -99.00 -99.00 0.00 0.42 0.40 22.09 998.72 37.83 6 1 17 
0:1:29 113.29 0.00000000 0.00000660 -99.00 -99.00 0.00 0.42 0.40 22.09 998.67 37.83 6 1 17 
0:1:29 113.49 0.00000000 0.00000660 -99.00 -99.00 0.00 0.42 0.40 22.09 998.66 37.83 6 1 17 
0:1:29 113.69 0.00000000 0.00000660 -99.00 -99.00 0.00 0.42 0.30 22.10 998.73 37.83 6 1 17 
0:1:29 113.89 0.00000000 0.00000660 -99.00 -99.00 0.00 0.42 0.40 22.10 998.71 37.83 6 1 17 
0:1:29 114.09 0.00000000 0.00000660 -99.00 -99.00 0.00 0.41 0.20 22.10 998.72 37.83 6 1 17 
0:1:29 114.29 0.00000000 0.00000660 -99.00 -99.00 0.00 0.41 0.20 22.10 998.68 37.83 6 1 17 
0:1:29 114.49 0.00000000 0.00000660 -99.00 -99.00 0.00 0.41 0.20 22.11 998.70 37.82 6 1 17 
0:1:29 114.69 0.00000000 0.00000660 -99.00 -99.00 0.00 0.41 0.20 22.10 998.70 37.82 6 1 17 
0:1:29 114.90 0.00000000 0.00000660 -99.00 -99.00 0.00 0.41 0.20 22.10 998.67 37.83 6 1 17 
0:1:29 115.10 0.00000000 0.00000660 -99.00 -99.00 0.00 0.41 0.20 22.11 998.65 37.82 6 1 17 
0:1:29 115.30 0.00000000 0.00000660 -99.00 -99.00 0.00 0.41 0.11 22.11 998.68 37.82 6 1 17 
0:1:29 115.50 0.00000000 0.00000660 -99.00 -99.00 0.00 0.41 0.20 22.11 998.68 37.82 6 1 17 
0:1:29 115.70 0.00000000 0.00000660 -99.00 -99.00 0.00 0.41 0.20 22.10 998.67 37.82 6 1 17 
0:1:29 115.90 0.00000000 0.00000660 -99.00 -99.00 0.00 0.41 0.20 22.11 998.68 37.82 6 1 17 
0:1:29 116.10 0.00000000 0.00000660 -99.00 -99.00 0.00 0.42 0.30 22.11 998.70 37.82 6 1 17 
0:1:37 116.30 0.00000000 0.00002160 -99.00 -99.00 0.00 0.42 0.30 22.11 998.69 37.81 6 1 17 
0:1:37 116.50 0.00000000 0.00002160 -99.00 -99.00 0.00 0.42 0.30 22.11 998.69 37.81 6 1 17 
0:1:37 116.70 0.00000000 0.00002160 -99.00 -99.00 0.00 0.42 0.30 22.11 998.69 37.82 6 1 17 
0:1:37 116.90 0.00000000 0.00002160 -99.00 -99.00 0.00 0.41 0.20 22.11 998.65 37.81 6 1 17 
0:1:37 117.11 0.00000000 0.00002160 -99.00 -99.00 0.00 0.42 0.30 22.12 998.63 37.85 6 1 17 
0:1:38 117.31 0.00000000 0.00000000 -99.00 -99.00 0.00 0.42 0.30 22.12 998.67 37.81 6 1 17 
0:1:38 117.51 0.00000000 0.00000000 -99.00 -99.00 0.00 0.42 0.30 22.12 998.74 37.81 6 1 17 
0:1:38 117.71 0.00000000 0.00000000 -99.00 -99.00 0.00 0.42 0.30 22.12 998.65 37.81 6 1 17 
0:1:38 117.91 0.00000000 0.00000000 -99.00 -99.00 0.00 0.42 0.30 22.11 998.66 37.80 6 1 17 
0:1:38 118.11 0.00000000 0.00000000 -99.00 -99.00 0.00 0.42 0.30 22.12 998.73 37.80 6 1 17 
0:1:39 118.31 0.00000000 0.00000000 -99.00 -99.00 0.00 0.42 0.30 22.13 998.72 37.79 6 1 17 
0:1:39 118.51 0.00000000 0.00000000 -99.00 -99.00 0.00 0.41 0.20 22.13 998.68 37.78 6 1 17 
0:1:39 118.71 0.00000000 0.00000000 -99.00 -99.00 0.00 0.42 0.30 22.13 998.63 37.78 6 1 17 
0:1:39 118.91 0.00000000 0.00000000 -99.00 -99.00 0.00 0.42 0.30 22.12 998.68 37.77 6 1 17 
0:1:39 119.11 0.00000000 0.00000000 -99.00 -99.00 0.00 0.42 0.30 22.13 998.67 37.78 6 1 17 
0:1:40 119.31 0.00000000 0.00000000 -99.00 -99.00 0.00 0.42 0.30 22.12 998.70 37.77 6 1 17 
0:1:40 119.51 0.00000000 0.00000000 -99.00 -99.00 0.00 0.42 0.30 22.13 998.62 37.78 6 1 17 
0:1:40 119.72 0.00000000 0.00000000 -99.00 -99.00 0.00 0.42 0.30 22.14 998.70 37.76 6 1 17 
0:1:40 119.92 0.00000000 0.00000000 -99.00 -99.00 0.00 0.41 0.20 22.13 998.64 37.76 6 1 17 
0:1:40 120.12 0.00000000 0.00000000 -99.00 -99.00 0.00 0.41 0.11 22.14 998.74 37.76 6 1 17 
0:1:41 120.32 0.00000000 0.00000000 -99.00 -99.00 0.00 0.40 0.01 22.13 998.68 37.76 6 1 17 
0:1:41 120.52 0.00000000 0.00000000 -99.00 -99.00 0.00 0.40 0.01 22.13 998.72 37.75 6 1 17 
0:1:41 120.72 0.00000000 0.00000000 -99.00 -99.00 0.00 0.40 0.01 22.13 998.68 37.75 6 1 17 
0:1:41 120.92 0.00000000 0.00000000 -99.00 -99.00 0.00 0.40 0.01 22.14 998.71 37.74 6 1 17 
0:1:41 121.12 0.00000000 0.00000000 -99.00 -99.00 0.00 0.40 0.01 22.14 998.72 37.73 6 1 17 
0:1:43 121.32 0.00000000 0.00000000 -99.00 -99.00 0.00 0.40 0.01 22.14 998.67 37.73 6 1 17 
0:1:43 121.52 0.00000000 0.00000000 -99.00 -99.00 0.00 0.40 0.00 22.14 998.68 37.72 6 1 17 
0:1:43 121.72 0.00000000 0.00000000 -99.00 -99.00 0.00 0.40 0.01 22.14 998.69 37.70 6 1 17 
0:1:43 121.93 0.00000000 0.00000000 -99.00 -99.00 0.00 0.40 0.01 22.14 998.72 37.68 6 1 17 
0:1:43 122.13 0.00000000 0.00000000 -99.00 -99.00 0.00 0.41 0.11 22.14 998.68 37.67 6 1 17 
0:1:44 122.33 0.00000000 0.00000000 -99.00 -99.00 0.00 0.41 0.20 22.14 998.71 37.67 6 1 17 
0:1:44 122.53 0.00000000 0.00000000 -99.00 -99.00 0.00 0.41 0.20 22.14 998.72 37.66 6 1 17 
0:1:44 122.73 0.00000000 0.00000000 -99.00 -99.00 0.00 0.44 0.79 22.14 998.71 37.66 6 1 17 
0:1:44 122.93 0.00000000 0.00000000 -99.00 -99.00 0.00 0.45 0.98 22.15 998.72 37.65 6 1 17 
0:1:44 123.13 0.00000000 0.00000000 -99.00 -99.00 0.00 0.45 1.08 22.16 998.77 37.65 6 1 17 
0:1:45 123.33 0.00000000 0.00000000 -99.00 -99.00 0.00 0.46 1.18 22.15 998.70 37.66 6 1 17 
0:1:45 123.53 0.00000000 0.00000000 -99.00 -99.00 0.00 0.45 0.98 22.16 998.72 37.65 6 1 17 
0:1:45 123.73 0.00000000 0.00000000 -99.00 -99.00 0.00 0.45 0.98 22.16 998.71 37.65 6 1 17 
0:1:45 123.93 0.00000000 0.00000000 -99.00 -99.00 0.00 0.45 0.98 22.15 998.67 37.65 6 1 17 
0:1:45 124.13 0.00000000 0.00000000 -99.00 -99.00 0.00 0.45 0.98 22.16 998.73 37.64 6 1 17 
0:1:46 124.33 0.00000000 0.00000000 -99.00 -99.00 0.00 0.44 0.89 22.16 998.69 37.64 6 1 17 
0:1:46 124.54 0.00000000 0.00000000 -99.00 -99.00 0.00 0.44 0.79 22.16 998.70 37.64 6 1 17 
0:1:46 124.74 0.00000000 0.00000000 -99.00 -99.00 0.00 0.43 0.69 22.16 998.76 37.64 6 1 17 
0:1:46 124.94 0.00000000 0.00000000 -99.00 -99.00 0.00 0.44 0.79 22.16 998.75 37.63 6 1 17 
0:1:46 125.14 0.00000000 0.00000000 -99.00 -99.00 0.00 0.43 0.69 22.16 998.71 37.63 6 1 17 
0:1:47 125.34 0.00000000 0.00000000 -99.00 -99.00 0.00 0.44 0.79 22.16 998.72 37.63 6 1 17 
0:1:47 125.54 0.00000000 0.00000000 -99.00 -99.00 0.00 0.44 0.79 22.16 998.76 37.63 6 1 17 
0:1:47 125.74 0.00000000 0.00000000 -99.00 -99.00 0.00 0.43 0.59 22.17 998.72 37.62 6 1 17 
0:1:47 125.94 0.00000000 0.00000000 -99.00 -99.00 0.00 0.42 0.50 22.17 998.72 37.62 6 1 17 
0:1:48 126.14 0.00000000 0.00000000 -99.00 -99.00 0.00 0.42 0.50 22.17 998.76 37.62 6 1 17 
0:1:48 126.34 0.00000000 0.00000000 -99.00 -99.00 0.00 0.42 0.50 22.18 998.70 37.61 6 1 17 
0:1:48 126.55 0.00000000 0.00000000 -99.00 -99.00 0.00 0.42 0.50 22.17 998.76 37.61 6 1 17 
0:1:48 126.75 0.00000000 0.00000000 -99.00 -99.00 0.00 0.42 0.50 22.17 998.74 37.61 6 1 17 
0:1:48 126.95 0.00000000 0.00000000 -99.00 -99.00 0.00 0.42 0.50 22.17 998.72 37.61 6 1 17 
0:1:49 127.15 0.00000000 0.00000000 -99.00 -99.00 0.00 0.42 0.40 22.17 998.74 37.61 6 1 17 
0:1:49 127.35 0.00000000 0.00000000 -99.00 -99.00 0.00 0.42 0.30 22.18 998.75 37.61 6 1 17 
0:1:49 127.55 0.00000000 0.00000000 -99.00 -99.00 0.00 0.42 0.30 22.18 998.73 37.61 6 1 17 
0:1:49 127.75 0.00000000 0.00000000 -99.00 -99.00 0.00 0.42 0.30 22.18 998.75 37.59 6 1 17 
0:1:49 127.95 0.00000000 0.00000000 -99.00 -99.00 0.00 0.41 0.20 22.17 998.75 37.59 6 1 17 
0:1:50 128.15 0.00000000 0.00000000 -99.00 -99.00 0.00 0.42 0.30 22.18 998.76 37.56 6 1 17 
0:1:50 128.35 0.00000000 0.00000000 -99.00 -99.00 0.00 0.42 0.30 22.17 998.76 37.59 6 1 17 
0:1:50 128.55 0.00000000 0.00000000 -99.00 -99.00 0.00 0.42 0.30 22.18 998.73 37.59 6 1 17 
0:1:50 128.76 0.00000000 0.00000000 -99.00 -99.00 0.00 0.42 0.30 22.19 998.76 37.60 6 1 17 
0:1:50 128.96 0.00000000 0.00000000 -99.00 -99.00 0.00 0.42 0.30 22.18 998.70 37.58 6 1 17 
0:1:51 129.16 0.00000000 0.00000000 -99.00 -99.00 0.00 0.42 0.30 22.18 998.78 37.58 6 1 17 
0:1:51 129.36 0.00000000 0.00000000 -99.00 -99.00 0.00 0.41 0.11 22.19 998.74 37.58 6 1 17 
0:1:51 129.56 0.00000000 0.00000000 -99.00 -99.00 0.00 0.41 0.11 22.19 998.80 37.57 6 1 17 
0:1:51 129.76 0.00000000 0.00000000 -99.00 -99.00 0.00 0.41 0.11 22.19 998.77 37.57 6 1 17 
0:1:51 129.96 0.00000000 0.00000000 -99.00 -99.00 0.00 0.41 0.11 22.18 998.76 37.57 6 1 17 
0:1:52 130.16 0.00000000 0.00000000 -99.00 -99.00 0.00 0.41 0.11 22.18 998.79 37.57 6 1 17 
0:1:52 130.36 0.00000000 0.00000000 -99.00 -99.00 0.00 0.41 0.11 22.18 998.69 37.57 6 1 17 
0:1:52 130.56 0.00000000 0.00000000 -99.00 -99.00 0.00 0.41 0.11 22.17 998.76 37.56 6 1 17 
0:1:52 130.76 0.00000000 0.00000000 -99.00 -99.00 0.00 0.41 0.11 22.18 998.75 37.56 6 1 17 
0:1:52 130.97 0.00000000 0.00000000 -99.00 -99.00 0.00 0.40 0.01 22.19 998.81 37.56 6 1 17 
0:1:53 131.17 0.00000000 0.00000000 -99.00 -99.00 0.00 0.40 0.01 22.18 998.77 37.56 6 1 17 
0:1:53 131.37 0.00000000 0.00000000 -99.00 -99.00 0.00 0.41 0.11 22.18 998.72 37.56 6 1 17 
0:1:53 131.57 0.00000000 0.00000000 -99.00 -99.00 0.00 0.41 0.11 22.18 998.73 37.56 6 1 17 
0:1:53 131.77 0.00000000 0.00000000 -99.00 -99.00 0.00 0.41 0.11 22.19 998.74 37.55 6 1 17 
0:1:53 131.97 0.00000000 0.00000000 -99.00 -99.00 0.00 0.41 0.11 22.18 998.70 37.55 6 1 17 
0:1:54 132.17 0.00000000 0.00000000 -99.00 -99.00 0.00 0.40 0.01 22.18 998.73 37.55 6 1 17 
0:1:54 132.37 0.00000000 0.00000000 -99.00 -99.00 0.00 0.40 0.01 22.18 998.67 37.55 6 1 17 
0:1:54 132.57 0.00000000 0.00000000 -99.00 -99.00 0.00 0.40 0.00 22.19 998.76 37.55 6 1 17 
0:1:54 132.77 0.00000000 0.00000000 -99.00 -99.00 0.00 0.40 0.01 22.19 998.77 37.55 6 1 17 
0:1:54 132.97 0.00000000 0.00000000 -99.00 -99.00 0.00 0.42 0.50 22.19 998.74 37.55 6 1 17 
0:1:55 133.17 0.00000000 0.00000000 -99.00 -99.00 0.00 0.44 0.79 22.19 998.76 37.55 6 1 17 
0:1:55 133.38 0.00000000 0.00000000 -99.00 -99.00 0.00 0.44 0.89 22.19 998.70 37.55 6 1 17 
0:1:55 133.58 0.00000000 0.00000000 -99.00 -99.00 0.00 0.45 0.98 22.19 998.73 37.54 6 1 17 
0:1:55 133.78 0.00000000 0.00000000 -99.00 -99.00 0.00 0.44 0.89 22.19 998.78 37.55 6 1 17 
0:1:55 133.98 0.00000000 0.00000000 -99.00 -99.00 0.00 0.44 0.89 22.19 998.73 37.55 6 1 17 
0:1:56 134.18 0.00000000 0.00000000 -99.00 -99.00 0.00 0.44 0.79 22.19 998.70 37.55 6 1 17 
0:1:56 134.38 0.00000000 0.00000000 -99.00 -99.00 0.00 0.44 0.89 22.20 998.78 37.55 6 1 17 
0:1:56 134.58 0.00000000 0.00000000 -99.00 -99.00 0.00 0.44 0.89 22.20 998.80 37.55 6 1 17 
0:1:56 134.78 0.00000000 0.00000000 -99.00 -99.00 0.00 0.44 0.79 22.20 998.76 37.55 6 1 17 
0:1:56 134.99 0.00000000 0.00000000 -99.00 -99.00 0.00 0.43 0.69 22.20 998.67 37.54 6 1 17 
0:1:57 135.19 0.00000000 0.00000000 -99.00 -99.00 0.00 0.43 0.69 22.20 998.72 37.54 6 1 17 
0:1:57 135.39 0.00000000 0.00000000 -99.00 -99.00 0.00 0.43 0.69 22.20 998.72 37.54 6 1 17 
0:1:57 135.59 0.00000000 0.00000000 -99.00 -99.00 0.00 0.43 0.69 22.20 998.70 37.54 6 1 17 
0:1:57 135.79 0.00000000 0.00000000 -99.00 -99.00 0.00 0.43 0.59 22.21 998.73 37.54 6 1 17 
0:1:57 135.99 0.00000000 0.00000000 -99.00 -99.00 0.00 0.43 0.69 22.21 998.71 37.54 6 1 17 
0:1:58 136.19 0.00000000 0.00000000 -99.00 -99.00 0.00 0.42 0.50 22.21 998.74 37.54 6 1 17 
0:1:58 136.39 0.00000000 0.00000000 -99.00 -99.00 0.00 0.42 0.50 22.21 998.73 37.54 6 1 17 
0:1:58 136.59 0.00000000 0.00000000 -99.00 -99.00 0.00 0.42 0.50 22.21 998.70 37.54 6 1 17 
0:1:58 136.79 0.00000000 0.00000000 -99.00 -99.00 0.00 0.42 0.50 22.21 998.68 37.54 6 1 17 
0:1:58 137.00 0.00000000 0.00000000 -99.00 -99.00 0.00 0.42 0.50 22.21 998.70 37.53 6 1 17 
0:1:59 137.20 0.00000000 0.00000000 -99.00 -99.00 0.00 0.42 0.40 22.21 998.70 37.53 6 1 17 
0:1:59 137.40 0.00000000 0.00000000 -99.00 -99.00 0.00 0.42 0.50 22.21 998.72 37.54 6 1 17 
0:1:59 137.60 0.00000000 0.00000000 -99.00 -99.00 0.00 0.42 0.40 22.21 998.70 37.53 6 1 17 
0:1:59 137.80 0.00000000 0.00000000 -99.00 -99.00 0.00 0.42 0.30 22.21 998.70 37.53 6 1 17 
0:1:59 138.00 0.00000000 0.00000000 -99.00 -99.00 0.00 0.42 0.30 22.21 998.72 37.53 6 1 17 
0:2:0 138.20 0.00000000 0.00000000 -99.00 -99.00 0.00 0.42 0.30 22.22 998.78 37.53 6 1 17 
0:2:0 138.40 0.00000000 0.00000000 -99.00 -99.00 0.00 0.42 0.30 22.21 998.71 37.53 6 1 17 
0:2:0 138.60 0.00000000 0.00000000 -99.00 -99.00 0.00 0.42 0.30 22.22 998.69 37.53 6 1 17 
0:2:0 138.80 0.00000000 0.00000000 -99.00 -99.00 0.00 0.41 0.20 22.22 998.72 37.53 6 1 17 
0:2:0 139.00 0.00000000 0.00000000 -99.00 -99.00 0.00 0.42 0.30 22.23 998.76 37.52 6 1 17 
0:2:1 139.20 0.00000000 0.00000000 -99.00 -99.00 0.00 0.42 0.30 22.23 998.74 37.54 6 1 17 
0:2:1 139.40 0.00000000 0.00000000 -99.00 -99.00 0.00 0.42 0.30 22.22 998.71 37.52 6 1 17 
0:2:1 139.60 0.00000000 0.00000000 -99.00 -99.00 0.00 0.42 0.30 22.22 998.70 37.52 6 1 17 
0:2:1 139.80 0.00000000 0.00000000 -99.00 -99.00 0.00 0.42 0.30 22.22 998.70 37.52 6 1 17 
0:2:1 140.01 0.00000000 0.00000000 -99.00 -99.00 0.00 0.42 0.30 22.23 998.76 37.51 6 1 17 
0:2:2 140.21 0.00000000 0.00000000 -99.00 -99.00 0.00 0.42 0.30 22.23 998.72 37.51 6 1 17 
0:2:2 140.41 0.00000000 0.00000000 -99.00 -99.00 0.00 0.41 0.11 22.23 998.73 37.51 6 1 17 
0:2:2 140.61 0.00000000 0.00000000 -99.00 -99.00 0.00 0.40 0.01 22.23 998.74 37.51 6 1 17 
0:2:2 140.81 0.00000000 0.00000000 -99.00 -99.00 0.00 0.40 0.01 22.23 998.79 37.50 6 1 17 
0:2:2 141.01 0.00000000 0.00000000 -99.00 -99.00 0.00 0.40 0.01 22.23 998.71 37.50 6 1 17 
0:2:3 141.21 0.00000000 0.00000000 -99.00 -99.00 0.00 0.40 0.01 22.22 998.75 37.50 6 1 17 
0:2:3 141.41 0.00000000 0.00000000 -99.00 -99.00 0.00 0.40 0.01 22.23 998.76 37.48 6 1 17 
0:2:3 141.61 0.00000000 0.00000000 -99.00 -99.00 0.00 0.40 0.01 22.23 998.76 37.50 6 1 17 
0:2:3 141.81 0.00000000 0.00000000 -99.00 -99.00 0.00 0.40 0.01 22.24 998.84 37.48 6 1 17 
0:2:3 142.01 0.00000000 0.00000000 -99.00 -99.00 0.00 0.40 0.00 22.23 998.77 37.50 6 1 17 
0:2:4 142.21 0.00000000 0.00000000 -99.00 -99.00 0.00 0.40 0.01 22.23 998.77 37.48 6 1 17 
0:2:4 142.41 0.00000000 0.00000000 -99.00 -99.00 0.00 0.40 0.01 22.24 998.82 37.47 6 1 17 
0:2:4 142.61 0.00000000 0.00000000 -99.00 -99.00 0.00 0.40 0.01 22.23 998.85 37.47 6 1 17 
0:2:4 142.81 0.00000000 0.00000000 -99.00 -99.00 0.00 0.40 0.01 22.24 998.77 37.47 6 1 17 
0:2:4 143.01 0.00000000 0.00000000 -99.00 -99.00 0.00 0.40 0.01 22.22 998.82 37.48 6 1 17 
0:2:5 143.22 0.00000000 0.00000000 -99.00 -99.00 0.00 0.40 0.01 22.24 998.82 37.47 6 1 17 
0:2:5 143.42 0.00000000 0.00000000 -99.00 -99.00 0.00 0.40 0.01 22.24 998.86 37.47 6 1 17 
0:2:5 143.62 0.00000000 0.00000000 -99.00 -99.00 0.00 0.40 0.00 22.24 998.91 37.47 6 1 17 
0:2:5 143.82 0.00000000 0.00000000 -99.00 -99.00 0.00 0.40 0.01 22.24 998.83 37.47 6 1 17 
0:2:5 144.02 0.00000000 0.00000000 -99.00 -99.00 0.00 0.40 0.01 22.24 998.82 37.47 6 1 17 
0:2:6 144.22 0.00000000 0.00000000 -99.00 -99.00 0.00 0.40 0.01 22.23 998.85 37.46 6 1 17 
0:2:6 144.42 0.00000000 0.00000000 -99.00 -99.00 0.00 0.40 0.01 22.24 998.89 37.47 6 1 17 
0:2:6 144.62 0.00000000 0.00000000 -99.00 -99.00 0.00 0.40 0.01 22.23 998.84 37.46 6 1 17 
0:2:6 144.82 0.00000000 0.00000000 -99.00 -99.00 0.00 0.40 0.01 22.24 998.83 37.46 6 1 17 
0:2:6 145.02 0.00000000 0.00000000 -99.00 -99.00 0.00 0.40 0.00 22.24 998.87 37.46 6 1 17 
0:2:7 145.22 0.00000000 0.00000000 -99.00 -99.00 0.00 0.40 0.01 22.24 998.87 37.46 6 1 17 
0:2:7 145.42 0.00000000 0.00000000 -99.00 -99.00 0.00 0.40 0.01 22.24 998.93 37.46 6 1 17 
0:2:7 145.62 0.00000000 0.00000000 -99.00 -99.00 0.00 0.40 0.01 22.24 998.90 37.45 6 1 17 
0:2:7 145.82 0.00000000 0.00000000 -99.00 -99.00 0.00 0.40 0.01 22.24 998.86 37.45 6 1 17 
0:2:7 146.02 0.00000000 0.00000000 -99.00 -99.00 0.00 0.40 0.01 22.23 998.76 37.45 6 1 17 
0:2:8 146.23 0.00000000 0.00000000 -99.00 -99.00 0.00 0.40 0.01 22.24 998.87 37.44 6 1 17 
0:2:8 146.43 0.00000000 0.00000000 -99.00 -99.00 0.00 0.40 0.00 22.24 998.91 37.44 6 1 17 
0:2:8 146.63 0.00000000 0.00000000 -99.00 -99.00 0.00 0.39 0.00 22.25 998.92 37.43 6 1 17 
0:2:8 146.83 0.00000000 0.00000000 -99.00 -99.00 0.00 0.39 0.00 22.26 998.95 37.43 6 1 17 
0:2:8 147.03 0.00000000 0.00000000 -99.00 -99.00 0.00 0.39 0.00 22.26 998.95 37.43 6 1 17 
0:2:9 147.23 0.00000000 0.00000000 -99.00 -99.00 0.00 0.40 0.01 22.26 998.90 37.43 6 1 17 
0:2:9 147.43 0.00000000 0.00000000 -99.00 -99.00 0.00 0.43 0.59 22.25 998.91 37.43 6 1 17 
0:2:9 147.63 0.00000000 0.00000000 -99.00 -99.00 0.00 0.44 0.79 22.25 998.90 37.42 6 1 17 
0:2:9 147.83 0.00000000 0.00000000 -99.00 -99.00 0.00 0.44 0.79 22.26 998.91 37.42 6 1 17 
0:2:9 148.03 0.00000000 0.00000000 -99.00 -99.00 0.00 0.44 0.79 22.26 998.97 37.42 6 1 17 
0:2:10 148.23 0.00000000 0.00000000 -99.00 -99.00 0.00 0.44 0.79 22.26 998.90 37.42 6 1 17 
0:2:10 148.43 0.00000000 0.00000000 -99.00 -99.00 0.00 0.44 0.79 22.26 998.93 37.41 6 1 17 
0:2:10 148.63 0.00000000 0.00000000 -99.00 -99.00 0.00 0.44 0.79 22.27 998.94 37.41 6 1 17 
0:2:10 148.83 0.00000000 0.00000000 -99.00 -99.00 0.00 0.44 0.79 22.27 998.98 37.41 6 1 17 
0:2:10 149.04 0.00000000 0.00000000 -99.00 -99.00 0.00 0.44 0.79 22.26 998.94 37.41 6 1 17 
0:2:11 149.24 0.00000000 0.00000000 -99.00 -99.00 0.00 0.44 0.79 22.27 998.98 37.41 6 1 17 
0:2:11 149.44 0.00000000 0.00000000 -99.00 -99.00 0.00 0.43 0.59 22.27 998.99 37.42 6 1 17 
0:2:11 149.64 0.00000000 0.00000000 -99.00 -99.00 0.00 0.42 0.50 22.28 998.94 37.42 6 1 17 
0:2:11 149.84 0.00000000 0.00000000 -99.00 -99.00 0.00 0.42 0.40 22.27 998.99 37.42 6 1 17 
0:2:11 150.04 0.00000000 0.00000000 -99.00 -99.00 0.00 0.42 0.50 22.27 998.95 37.42 6 1 17 
0:2:12 150.24 0.00000000 0.00000000 -99.00 -99.00 0.00 0.42 0.50 22.28 998.92 37.43 6 1 17 
0:2:12 150.44 0.00000000 0.00000000 -99.00 -99.00 0.00 0.42 0.50 22.27 998.95 37.43 6 1 17 
0:2:12 150.64 0.00000000 0.00000000 -99.00 -99.00 0.00 0.42 0.50 22.27 998.93 37.44 6 1 17 
0:2:12 150.84 0.00000000 0.00000000 -99.00 -99.00 0.00 0.42 0.50 22.28 998.97 37.45 6 1 17 
0:2:12 151.04 0.00000000 0.00000000 -99.00 -99.00 0.00 0.42 0.30 22.28 998.94 37.45 6 1 17 
0:2:13 151.24 0.00000000 0.00000000 -99.00 -99.00 0.00 0.42 0.30 22.28 998.94 37.47 6 1 17 
0:2:13 151.44 0.00000000 0.00000000 -99.00 -99.00 0.00 0.42 0.30 22.28 998.94 37.47 6 1 17 
0:2:13 151.64 0.00000000 0.00000000 -99.00 -99.00 0.00 0.42 0.30 22.29 999.01 37.47 6 1 17 
0:2:13 151.84 0.00000000 0.00000000 -99.00 -99.00 0.00 0.42 0.30 22.28 998.95 37.47 6 1 17 
0:2:13 152.04 0.00000000 0.00000000 -99.00 -99.00 0.00 0.42 0.30 22.28 998.96 37.47 6 1 17 
0:2:14 152.25 0.00000000 0.00000000 -99.00 -99.00 0.00 0.42 0.30 22.28 998.94 37.45 6 1 17 
0:2:14 152.45 0.00000000 0.00000000 -99.00 -99.00 0.00 0.42 0.30 22.28 998.93 37.44 6 1 17 
0:2:14 152.65 0.00000000 0.00000000 -99.00 -99.00 0.00 0.42 0.30 22.28 998.93 37.43 6 1 17 
0:2:14 152.85 0.00000000 0.00000000 -99.00 -99.00 0.00 0.41 0.11 22.28 998.96 37.42 6 1 17 
0:2:14 153.05 0.00000000 0.00000000 -99.00 -99.00 0.00 0.41 0.20 22.28 998.95 37.41 6 1 17 
0:2:15 153.25 0.00000000 0.00000000 -99.00 -99.00 0.00 0.41 0.20 22.28 998.86 37.40 6 1 17 
0:2:15 153.45 0.00000000 0.00000000 -99.00 -99.00 0.00 0.41 0.20 22.29 998.99 37.40 6 1 17 
0:2:15 153.65 0.00000000 0.00000000 -99.00 -99.00 0.00 0.41 0.20 22.29 998.97 37.39 6 1 17 
0:2:15 153.85 0.00000000 0.00000000 -99.00 -99.00 0.00 0.41 0.20 22.29 998.97 37.39 6 1 17 
0:2:15 154.05 0.00000000 0.00000000 -99.00 -99.00 0.00 0.41 0.20 22.29 998.89 37.39 6 1 17 
0:2:16 154.25 0.00000000 0.00000000 -99.00 -99.00 0.00 0.41 0.20 22.29 998.94 37.39 6 1 17 
0:2:16 154.45 0.00000000 0.00000000 -99.00 -99.00 0.00 0.41 0.11 22.29 998.96 37.39 6 1 17 
0:2:16 154.65 0.00000000 0.00000000 -99.00 -99.00 0.00 0.41 0.20 22.29 998.92 37.39 6 1 17 
0:2:16 154.85 0.00000000 0.00000000 -99.00 -99.00 0.00 0.41 0.20 22.29 998.92 37.39 6 1 17 
0:2:16 155.05 0.00000000 0.00000000 -99.00 -99.00 0.00 0.41 0.11 22.29 998.92 37.39 6 1 17 
0:2:17 155.26 0.00000000 0.00000000 -99.00 -99.00 0.00 0.41 0.11 22.30 999.00 37.39 6 1 17 
0:2:17 155.46 0.00000000 0.00000000 -99.00 -99.00 0.00 0.41 0.11 22.29 998.98 37.40 6 1 17 
0:2:17 155.66 0.00000000 0.00000000 -99.00 -99.00 0.00 0.41 0.11 22.30 998.92 37.39 6 1 17 
0:2:17 155.86 0.00000000 0.00000000 -99.00 -99.00 0.00 0.41 0.11 22.30 998.92 37.39 6 1 17 
0:2:17 156.06 0.00000000 0.00000000 -99.00 -99.00 0.00 0.41 0.11 22.30 998.93 37.39 6 1 17 
0:2:18 156.26 0.00000000 0.00000000 -99.00 -99.00 0.00 0.41 0.11 22.30 998.98 37.39 6 1 17 
0:2:18 156.46 0.00000000 0.00000000 -99.00 -99.00 0.00 0.41 0.11 22.30 998.97 37.37 6 1 17 
0:2:18 156.66 0.00000000 0.00000000 -99.00 -99.00 0.00 0.41 0.11 22.30 998.88 37.37 6 1 17 
0:2:18 156.86 0.00000000 0.00000000 -99.00 -99.00 0.00 0.41 0.11 22.29 998.96 37.37 6 1 17 
0:2:18 157.06 0.00000000 0.00000000 -99.00 -99.00 0.00 0.41 0.11 22.30 998.97 37.36 6 1 17 
0:2:19 157.26 0.00000000 0.00000000 -99.00 -99.00 0.00 0.41 0.11 22.30 998.98 37.35 6 1 17 
0:2:19 157.46 0.00000000 0.00000000 -99.00 -99.00 0.00 0.41 0.11 22.30 998.95 37.35 6 1 17 
0:2:19 157.66 0.00000000 0.00000000 -99.00 -99.00 0.00 0.41 0.11 22.30 998.97 37.34 6 1 17 
0:2:19 157.86 0.00000000 0.00000000 -99.00 -99.00 0.00 0.40 0.01 22.29 998.93 37.35 6 1 17 
0:2:19 158.06 0.00000000 0.00000000 -99.00 -99.00 0.00 0.40 0.01 22.30 998.92 37.34 6 1 17 
0:2:20 158.26 0.00000000 0.00000000 -99.00 -99.00 0.00 0.40 0.01 22.30 998.93 37.34 6 1 17 
0:2:20 158.47 0.00000000 0.00000000 -99.00 -99.00 0.00 0.40 0.01 22.29 998.94 37.34 6 1 17 
0:2:20 158.67 0.00000000 0.00000000 -99.00 -99.00 0.00 0.40 0.01 22.30 998.94 37.33 6 1 17 
0:2:20 158.87 0.00000000 0.00000000 -99.00 -99.00 0.00 0.40 0.01 22.30 998.97 37.33 6 1 17 
0:2:20 159.07 0.00000000 0.00000000 -99.00 -99.00 0.00 0.40 0.00 22.30 998.94 37.33 6 1 17 
0:2:21 159.27 0.00000000 0.00000000 -99.00 -99.00 0.00 0.40 0.01 22.30 998.94 37.33 6 1 17 
0:2:21 159.47 0.00000000 0.00000000 -99.00 -99.00 0.00 0.40 0.01 22.30 998.92 37.33 6 1 17 
0:2:21 159.67 0.00000000 0.00000000 -99.00 -99.00 0.00 0.40 0.01 22.30 998.91 37.33 6 1 17 
0:2:21 159.87 0.00000000 0.00000000 -99.00 -99.00 0.00 0.40 0.01 22.30 998.94 37.32 6 1 17 
0:2:21 160.07 0.00000000 0.00000000 -99.00 -99.00 0.00 0.40 0.01 22.30 998.92 37.32 6 1 17 
0:2:22 160.27 0.00000000 0.00000000 -99.00 -99.00 0.00 0.40 0.01 22.30 998.88 37.32 6 1 17 
0:2:22 160.47 0.00000000 0.00000000 -99.00 -99.00 0.00 0.40 0.01 22.30 998.93 37.32 6 1 17 
0:2:22 160.67 0.00000000 0.00000000 -99.00 -99.00 0.00 0.40 0.00 22.30 998.87 37.31 6 1 17 
0:2:22 160.87 0.00000000 0.00000000 -99.00 -99.00 0.00 0.40 0.01 22.31 998.95 37.31 6 1 17 
0:2:22 161.07 0.00000000 0.00000000 -99.00 -99.00 0.00 0.40 0.01 22.31 998.95 37.31 6 1 17 
0:2:23 161.27 0.00000000 0.00000000 -99.00 -99.00 0.00 0.40 0.01 22.30 998.88 37.30 6 1 17 
0:2:23 161.48 0.00000000 0.00000000 -99.00 -99.00 0.00 0.40 0.01 22.31 998.96 37.31 6 1 17 
0:2:23 161.68 0.00000000 0.00000000 -99.00 -99.00 0.00 0.40 0.00 22.30 998.88 37.31 6 1 17 
0:2:23 161.88 0.00000000 0.00000000 -99.00 -99.00 0.00 0.40 0.00 22.30 998.93 37.29 6 1 17 
0:2:23 162.08 0.00000000 0.00000000 -99.00 -99.00 0.00 0.40 0.00 22.31 998.91 37.29 6 1 17 
0:2:24 162.28 0.00000000 0.00000000 -99.00 -99.00 0.00 0.39 0.00 22.31 998.94 37.31 6 1 17 
0:2:24 162.48 0.00000000 0.00000000 -99.00 -99.00 0.00 0.40 0.00 22.31 998.94 37.29 6 1 17 
0:2:24 162.68 0.00000000 0.00000000 -99.00 -99.00 0.00 0.40 0.00 22.31 998.90 37.29 6 1 17 
0:2:24 162.88 0.00000000 0.00000000 -99.00 -99.00 0.00 0.40 0.00 22.31 998.93 37.29 6 1 17 
0:2:24 163.08 0.00000000 0.00000000 -99.00 -99.00 0.00 0.40 0.00 22.30 998.90 37.29 6 1 17 
0:2:25 163.28 0.00000000 0.00000000 -99.00 -99.00 0.00 0.40 0.00 22.31 998.91 37.29 6 1 17 
0:2:25 163.48 0.00000000 0.00000000 -99.00 -99.00 0.00 0.40 0.00 22.31 998.94 37.29 6 1 17 
0:2:25 163.68 0.00000000 0.00000000 -99.00 -99.00 0.00 0.40 0.00 22.31 998.95 37.30 6 1 17 
0:2:25 163.88 0.00000000 0.00000000 -99.00 -99.00 0.00 0.40 0.00 22.31 998.96 37.29 6 1 17 
0:2:25 164.08 0.00000000 0.00000000 -99.00 -99.00 0.00 0.40 0.00 22.31 998.89 37.30 6 1 17 
0:2:26 164.29 0.00000000 0.00000000 -99.00 -99.00 0.00 0.40 0.00 22.31 998.96 37.30 6 1 17 
0:2:26 164.49 0.00000000 0.00000000 -99.00 -99.00 0.00 0.40 0.00 22.31 998.94 37.28 6 1 17 
0:2:26 164.69 0.00000000 0.00000000 -99.00 -99.00 0.00 0.40 0.00 22.31 998.89 37.28 6 1 17 
0:2:26 164.89 0.00000000 0.00000000 -99.00 -99.00 0.00 0.40 0.00 22.31 998.92 37.28 6 1 17 
0:2:26 165.09 0.00000000 0.00000000 -99.00 -99.00 0.00 0.39 0.00 22.31 998.93 37.28 6 1 17 
0:2:27 165.29 0.00000000 0.00000000 -99.00 -99.00 0.00 0.40 0.00 22.32 998.91 37.28 6 1 17 
0:2:27 165.49 0.00000000 0.00000000 -99.00 -99.00 0.00 0.40 0.00 22.32 998.92 37.28 6 1 17 
0:2:27 165.69 0.00000000 0.00000000 -99.00 -99.00 0.00 0.40 0.00 22.32 998.93 37.28 6 1 17 
0:2:27 165.89 0.00000000 0.00000000 -99.00 -99.00 0.00 0.40 0.00 22.31 998.93 37.28 6 1 17 
0:2:27 166.09 0.00000000 0.00000000 -99.00 -99.00 0.00 0.40 0.00 22.31 998.95 37.28 6 1 17 
0:2:28 166.29 0.00000000 0.00000000 -99.00 -99.00 0.00 0.40 0.00 22.32 998.95 37.27 6 1 17 
0:2:28 166.49 0.00000000 0.00000000 -99.00 -99.00 0.00 0.40 0.00 22.32 998.96 37.26 6 1 17 
0:2:28 166.69 0.00000000 0.00000000 -99.00 -99.00 0.00 0.40 0.00 22.32 998.96 37.27 6 1 17 
0:2:28 166.89 0.00000000 0.00000000 -99.00 -99.00 0.00 0.39 0.00 22.32 998.92 37.27 6 1 17 
0:2:28 167.09 0.00000000 0.00000000 -99.00 -99.00 0.00 0.40 0.00 22.32 998.93 37.27 6 1 17 
0:2:29 167.29 0.00000000 0.00000000 -99.00 -99.00 0.00 0.40 0.00 22.32 998.92 37.27 6 1 17 
0:2:29 167.50 0.00000000 0.00000000 -99.00 -99.00 0.00 0.40 0.00 22.32 998.96 37.27 6 1 17 
0:2:29 167.70 0.00000000 0.00000000 -99.00 -99.00 0.00 0.39 0.00 22.32 998.88 37.27 6 1 17 
0:2:29 167.90 0.00000000 0.00000000 -99.00 -99.00 0.00 0.39 0.00 22.32 998.94 37.27 6 1 17 
0:2:29 168.10 0.00000000 0.00000000 -99.00 -99.00 0.00 0.38 0.00 22.31 998.91 37.27 6 1 17 
0:2:29 168.30 0.00000000 0.00000000 -99.00 -99.00 0.00 0.39 0.00 22.32 998.90 37.26 6 1 17 
0:2:29 168.50 0.00000000 0.00000000 -99.00 -99.00 0.00 0.38 0.00 22.31 998.90 37.25 6 1 17 
0:2:29 168.70 0.00000000 0.00000000 -99.00 -99.00 0.00 0.39 0.00 22.32 998.96 37.26 6 1 17 
0:2:29 168.90 0.00000000 0.00000000 -99.00 -99.00 0.00 0.39 0.00 22.32 998.93 37.26 6 1 17 
0:2:29 169.10 0.00000000 0.00000000 -99.00 -99.00 0.00 0.39 0.00 22.32 998.92 37.20 6 1 17 
0:2:29 169.30 0.00000000 0.00000000 -99.00 -99.00 0.00 0.39 0.00 22.32 998.95 37.26 6 1 17 
0:2:29 169.50 0.00000000 0.00000000 -99.00 -99.00 0.00 0.39 0.00 22.32 998.91 37.26 6 1 17 
0:2:29 169.70 0.00000000 0.00000000 -99.00 -99.00 0.00 0.39 0.00 22.32 998.90 37.26 6 1 17 
0:2:29 169.90 0.00000000 0.00000000 -99.00 -99.00 0.00 0.38 0.00 22.32 998.94 37.26 6 1 17 
0:2:29 170.11 0.00000000 0.00000000 -99.00 -99.00 0.00 0.38 0.00 22.33 998.90 37.30 6 1 17 
0:2:29 170.31 0.00000000 0.00000000 -99.00 -99.00 0.00 0.39 0.00 22.32 998.92 37.26 6 1 17 
0:2:29 170.51 0.00000000 0.00000000 -99.00 -99.00 0.00 0.39 0.00 22.33 998.97 37.25 6 1 17 
0:2:29 170.71 0.00000000 0.00000000 -99.00 -99.00 0.00 0.39 0.00 22.32 998.93 37.26 6 1 17 
0:2:29 170.91 0.00000000 0.00000000 -99.00 -99.00 0.00 0.39 0.00 22.32 998.96 37.26 6 1 17 
0:2:29 171.11 0.00000000 0.00000000 -99.00 -99.00 0.00 0.39 0.00 22.32 998.92 37.27 6 1 17 
0:2:29 171.31 0.00000000 0.00000000 -99.00 -99.00 0.00 0.39 0.00 22.32 998.95 37.27 6 1 17 
0:2:29 171.51 0.00000000 0.00000000 -99.00 -99.00 0.00 0.39 0.00 22.33 998.98 37.27 6 1 17 
0:2:29 171.71 0.00000000 0.00000000 -99.00 -99.00 0.00 0.39 0.00 22.32 998.90 37.28 6 1 17 
0:2:29 171.91 0.00000000 0.00000000 -99.00 -99.00 0.00 0.39 0.00 22.33 998.99 37.29 6 1 17 
0:2:29 172.11 0.00000000 0.00000000 -99.00 -99.00 0.00 0.38 0.00 22.33 998.95 37.28 6 1 17 
0:2:29 172.31 0.00000000 0.00000000 -99.00 -99.00 0.00 0.39 0.00 22.33 998.99 37.28 6 1 17 
0:2:29 172.51 0.00000000 0.00000000 -99.00 -99.00 0.00 0.39 0.00 22.33 998.95 37.30 6 1 17 
0:2:29 172.72 0.00000000 0.00000000 -99.00 -99.00 0.00 0.39 0.00 22.33 998.93 37.31 6 1 17 
0:2:29 172.92 0.00000000 0.00000000 -99.00 -99.00 0.00 0.39 0.00 22.33 998.98 37.32 6 1 17 
0:2:29 173.12 0.00000000 0.00000000 -99.00 -99.00 0.00 0.39 0.00 22.33 998.99 37.37 6 1 17 
0:2:29 173.32 0.00000000 0.00000000 -99.00 -99.00 0.00 0.39 0.00 22.33 998.93 37.39 6 1 17 
0:2:29 173.52 0.00000000 0.00000000 -99.00 -99.00 0.00 0.39 0.00 22.33 998.93 37.44 6 1 17 
0:2:29 173.72 0.00000000 0.00000000 -99.00 -99.00 0.00 0.39 0.00 22.33 998.94 37.47 6 1 17 
0:2:29 173.92 0.00000000 0.00000000 -99.00 -99.00 0.00 0.39 0.00 22.33 998.97 37.50 6 1 17 
0:2:29 174.12 0.00000000 0.00000000 -99.00 -99.00 0.00 0.39 0.00 22.33 998.95 37.55 6 1 17 
0:2:29 174.32 0.00000000 0.00000000 -99.00 -99.00 0.00 0.39 0.00 22.33 998.99 37.58 6 1 17 
0:2:29 174.52 0.00000000 0.00000000 -99.00 -99.00 0.00 0.39 0.00 22.34 998.93 37.61 6 1 17 
0:2:29 174.72 0.00000000 0.00000000 -99.00 -99.00 0.00 0.39 0.00 22.33 998.94 37.64 6 1 17 
0:2:29 174.92 0.00000000 0.00000000 -99.00 -99.00 0.00 0.39 0.00 22.33 998.94 37.67 6 1 17 
0:2:29 175.13 0.00000000 0.00000000 -99.00 -99.00 0.00 0.39 0.00 22.34 998.99 37.70 6 1 17 
0:2:36 175.33 0.00000000 0.00003830 -99.00 -99.00 0.00 0.39 0.00 22.33 998.98 37.74 6 1 17 
0:2:36 175.53 0.00000000 0.00003830 -99.00 -99.00 0.00 0.39 0.00 22.33 998.91 37.78 6 1 17 
0:2:36 175.73 0.00000000 0.00003830 -99.00 -99.00 0.00 0.39 0.00 22.34 998.92 37.87 6 1 17 
0:2:36 175.93 0.00000000 0.00003830 -99.00 -99.00 0.00 0.39 0.00 22.34 998.95 37.97 6 1 17 
0:2:36 176.13 0.00000000 0.00003830 -99.00 -99.00 0.00 0.39 0.00 22.33 998.93 38.08 6 1 17 
0:2:37 176.33 0.00000000 0.00000000 -99.00 -99.00 0.00 0.39 0.00 22.34 998.94 38.13 6 1 17 
0:2:37 176.53 0.00000000 0.00000000 -99.00 -99.00 0.00 0.39 0.00 22.34 998.94 38.17 6 1 17 
0:2:37 176.73 0.00000000 0.00000000 -99.00 -99.00 0.00 0.39 0.00 22.34 998.95 38.23 6 1 17 
0:2:37 176.93 0.00000000 0.00000000 -99.00 -99.00 0.00 0.39 0.00 22.34 998.95 38.28 6 1 17 
0:2:37 177.13 0.00000000 0.00000000 -99.00 -99.00 0.00 0.39 0.00 22.34 998.93 38.34 6 1 17 
0:2:38 177.33 0.00000000 0.00000000 -99.00 -99.00 0.00 0.39 0.00 22.34 998.94 38.35 6 1 17 
0:2:38 177.54 0.00000000 0.00000000 -99.00 -99.00 0.00 0.39 0.00 22.34 998.90 38.35 6 1 17 
0:2:38 177.74 0.00000000 0.00000000 -99.00 -99.00 0.00 0.39 0.00 22.34 998.93 38.35 6 1 17 
