1287.16 65488
1287.36 65520
1287.57 65520
1287.77 65520
1287.97 65520
1288.17 65520
1288.37 65472
1288.57 65504
1288.77 65520
1288.97 65504
1289.17 65520
1289.37 65488
1289.58 65488
1289.78 65504
1289.98 65520
1290.18 65504
1290.38 65456
1290.58 65504
1290.78 65520
1290.98 65456
1291.18 60624
1291.38 53920
1291.59 43056
1291.79 39936
1291.99 39824
1292.19 31856
1292.39 24224
1292.59 19920
1292.79 18176
1292.99 18112
1293.19 16064
1293.39 16048
1293.6 15824
1293.8 8816
1294.0 144
1294.2 144
1294.4 160
1294.6 192
1294.8 144
1295.0 96
1295.2 5360
1295.4 14208
1295.61 15664
1295.81 15632
1296.01 16384
1296.21 22816
1296.41 29264
1296.61 35584
1296.81 35520
1297.01 39856
1297.21 50752
1297.42 53808
1297.62 53920
1297.82 65296
1298.02 65520
1298.22 65520
1298.42 65472
1298.62 65520
1298.82 65520
1299.02 65520
1299.22 65520
1299.42 65520
1299.63 65488
1299.83 65520
1300.03 65520
1300.23 65488
1300.43 65520
1300.63 65520
1300.83 65504
1301.03 65504
1301.23 65520
