693.033 -0.191523 0.536266 9.03991
693.045 -1.34066 0.191523 8.69516
693.057 -1.03423 0.191523 8.92499
693.07 -1.07253 0.0766094 8.69516
693.083 -1.22575 0.0766094 8.42703
693.095 -1.37897 0.229828 9.30804
693.107 -1.34066 0.536266 9.65278
693.12 -1.53219 0.0 9.53786
693.132 -1.34066 0.344742 9.26973
693.144 -1.26405 0.229828 8.92499
693.157 -1.41727 -0.344742 9.0016
693.169 -1.37897 0.306437 9.0016
693.182 -1.26405 0.0 9.23143
693.195 -1.37897 0.114914 9.0016
693.208 -1.57049 0.344742 9.30804
693.22 -1.45558 0.268133 9.26973
693.233 -1.49388 0.0383047 9.23143
693.245 -1.53219 0.383047 9.19312
693.257 -1.37897 0.229828 9.03991
693.27 -1.41727 0.191523 8.92499
693.283 -1.34066 0.191523 9.07821
693.295 -1.34066 -0.229828 8.96329
693.308 -1.41727 0.0766094 9.11651
693.321 -1.34066 0.497961 9.19312
693.333 -1.26405 0.229828 9.42295
693.346 -1.34066 0.153219 9.30804
693.359 -1.22575 0.229828 9.07821
693.372 -1.41727 -0.229828 9.07821
693.383 -1.30236 0.459656 9.15482
693.396 -1.37897 -0.0383047 8.96329
693.409 -1.53219 0.229828 8.96329
693.421 -1.68541 0.421352 9.19312
693.434 -1.99184 -0.114914 9.11651
693.447 -2.10676 0.65118 9.11651
693.459 -1.68541 0.191523 9.15482
693.472 -1.83862 0.344742 9.0016
693.485 -1.72371 0.383047 8.88668
693.497 -2.10676 0.0766094 8.96329
693.509 -2.03015 0.727789 8.77177
693.522 -2.22167 0.191523 8.96329
693.534 -2.22167 0.57457 8.96329
693.546 -2.68133 0.306437 9.34634
693.559 -2.41319 0.459656 9.0016
693.572 -2.29828 0.612875 8.92499
693.584 -2.52811 0.344742 8.92499
693.597 -2.37489 0.536266 8.77177
693.609 -2.64302 0.268133 9.07821
693.622 -2.56641 0.421352 8.77177
693.634 -2.64302 0.421352 9.0016
693.647 -2.64302 0.383047 8.88668
693.66 -2.52811 0.383047 9.07821
693.672 -2.4898 0.383047 9.23143
693.685 -2.64302 0.229828 9.03991
693.697 -2.4515 0.459656 8.88668
693.709 -2.83455 0.344742 8.81008
693.722 -2.52811 0.191523 8.77177
693.735 -2.71963 0.306437 8.54194
693.748 -2.52811 0.421352 8.84838
693.76 -2.56641 0.153219 8.81008
693.773 -2.68133 0.306437 8.92499
693.786 -2.60472 0.383047 8.92499
693.798 -2.60472 0.229828 8.81008
693.81 -2.37489 0.344742 8.69516
693.822 -2.25998 0.191523 8.23551
693.834 -2.37489 0.268133 8.65686
693.847 -2.25998 0.268133 8.73347
693.86 -1.99184 0.114914 8.65686
693.873 -2.22167 0.229828 8.73347
693.885 -2.10676 0.344742 8.88668
693.898 -2.10676 0.383047 9.0016
693.911 -2.18337 0.268133 8.73347
693.923 -1.87693 0.229828 8.96329
693.936 -1.91523 0.344742 8.61855
693.949 -2.10676 0.153219 9.03991
693.961 -2.03015 0.306437 9.0016
693.974 -2.10676 0.497961 9.03991
693.987 -2.22167 0.268133 9.15482
693.999 -2.10676 0.383047 8.88668
694.011 -2.14506 0.536266 9.07821
694.024 -2.06845 0.344742 8.92499
694.037 -2.10676 0.459656 9.03991
694.049 -2.22167 0.344742 8.81008
694.062 -2.18337 0.344742 8.81008
694.075 -2.29828 0.57457 8.96329
694.087 -2.29828 0.421352 9.30804
694.1 -2.37489 0.459656 9.07821
694.112 -2.25998 0.536266 9.23143
694.125 -2.60472 0.421352 9.11651
694.137 -2.33659 0.459656 9.11651
694.15 -2.37489 0.612875 9.11651
694.163 -2.4898 0.421352 9.11651
694.175 -2.41319 0.65118 8.88668
694.188 -2.75794 0.689484 8.88668
694.201 -2.71963 0.421352 9.11651
694.213 -2.68133 0.536266 8.92499
694.226 -2.98777 0.689484 9.11651
694.238 -2.83455 0.65118 9.07821
694.25 -2.91116 0.804398 8.69516
694.263 -3.10268 0.842703 8.61855
694.276 -3.17929 0.421352 9.07821
694.289 -3.17929 0.804398 8.88668
694.301 -3.40912 0.689484 8.77177
694.314 -3.44742 0.65118 8.69516
694.327 -3.37081 0.766094 8.69516
694.339 -3.33251 0.497961 8.81008
694.351 -3.40912 0.919312 8.50364
694.364 -3.2942 0.536266 8.96329
694.376 -3.63894 0.57457 8.50364
694.389 -3.40912 0.612875 8.92499
694.402 -3.60064 0.57457 8.92499
694.415 -3.63894 0.957617 8.54194
694.427 -3.48573 0.536266 8.42703
694.439 -3.40912 0.421352 8.69516
694.452 -3.48573 0.536266 8.77177
694.464 -3.56234 0.421352 8.58025
694.477 -3.44742 0.727789 8.54194
694.49 -3.2942 0.421352 8.88668
694.502 -3.52403 0.497961 8.50364
694.515 -3.40912 0.497961 8.50364
694.528 -3.21759 0.421352 8.35042
694.54 -3.17929 0.612875 8.92499
694.552 -3.56234 -0.0766094 9.07821
694.565 -3.52403 0.497961 9.03991
694.578 -3.37081 0.689484 8.54194
694.59 -3.44742 0.383047 8.42703
694.603 -3.17929 0.191523 8.73347
694.616 -2.91116 0.421352 8.35042
694.628 -3.63894 0.191523 8.27381
694.641 -3.60064 0.57457 8.69516
694.654 -2.98777 0.57457 8.35042
694.666 -3.14098 0.536266 8.61855
694.678 -3.52403 0.383047 8.77177
694.691 -3.10268 0.536266 8.65686
694.704 -3.14098 0.229828 9.15482
694.716 -2.98777 0.421352 8.46534
694.729 -3.33251 0.421352 8.31211
694.742 -3.37081 0.421352 8.65686
694.754 -3.02607 0.421352 8.81008
694.767 -3.14098 0.57457 8.81008
694.78 -3.10268 0.536266 8.73347
694.792 -3.2942 0.57457 9.03991
694.805 -3.44742 0.268133 8.69516
694.818 -2.98777 0.421352 9.03991
694.831 -3.17929 0.65118 8.96329
694.843 -3.10268 0.804398 8.73347
694.855 -3.06437 0.459656 9.19312
694.868 -3.17929 0.421352 9.0016
694.88 -3.02607 0.497961 8.77177
694.893 -3.14098 0.497961 8.69516
694.906 -3.21759 0.65118 8.88668
694.918 -3.37081 0.383047 9.19312
694.931 -3.17929 0.497961 9.03991
694.943 -3.10268 0.689484 9.11651
694.956 -3.37081 0.459656 9.03991
694.968 -3.21759 0.497961 8.65686
694.98 -2.94946 0.459656 8.88668
694.993 -3.10268 0.57457 8.38873
695.005 -2.98777 0.57457 8.35042
695.018 -3.17929 0.344742 8.88668
695.031 -3.21759 0.612875 8.81008
695.043 -3.10268 0.497961 8.81008
695.056 -3.2942 0.306437 8.81008
695.069 -3.2942 0.421352 9.11651
695.082 -3.40912 0.536266 8.88668
695.094 -3.2559 0.421352 8.27381
695.107 -2.83455 0.459656 8.50364
695.119 -3.40912 0.383047 8.58025
695.131 -3.02607 0.497961 8.35042
695.144 -3.10268 0.421352 9.03991
695.157 -3.17929 0.268133 8.96329
695.169 -3.33251 0.497961 9.26973
695.182 -2.98777 0.459656 8.81008
695.195 -3.2559 0.344742 8.50364
695.208 -3.02607 0.497961 8.27381
695.22 -3.2942 0.459656 8.92499
695.233 -2.98777 0.727789 9.19312
695.245 -3.40912 0.344742 9.11651
695.257 -3.17929 0.344742 9.03991
695.27 -3.21759 0.268133 8.58025
695.283 -3.2942 0.57457 8.42703
695.295 -3.10268 0.497961 8.35042
695.308 -3.06437 0.268133 8.92499
695.321 -3.21759 0.459656 9.07821
695.333 -3.37081 0.497961 8.77177
695.346 -3.21759 0.306437 8.54194
695.359 -3.44742 0.842703 8.58025
695.372 -3.17929 0.459656 8.54194
695.383 -2.75794 0.612875 8.38873
695.395 -3.10268 0.65118 8.69516
695.407 -3.37081 0.57457 8.88668
695.42 -2.87285 0.421352 8.58025
695.432 -3.14098 0.536266 8.88668
695.445 -3.2559 0.497961 8.35042
695.458 -2.71963 0.191523 8.65686
695.47 -3.2942 0.306437 8.92499
695.483 -3.33251 0.459656 8.88668
695.496 -3.02607 0.383047 8.77177
695.508 -3.21759 0.65118 8.81008
695.521 -2.94946 0.536266 8.65686
695.534 -2.71963 0.497961 8.35042
695.546 -3.14098 0.459656 9.03991
695.558 -3.21759 0.268133 9.23143
695.571 -3.06437 0.766094 9.03991
695.583 -3.02607 0.459656 9.0016
695.596 -3.14098 0.383047 8.38873
695.609 -3.2559 0.536266 9.0016
695.622 -3.17929 0.344742 8.77177
695.633 -3.02607 0.57457 9.11651
695.646 -3.21759 0.536266 9.15482
695.659 -2.83455 0.344742 8.27381
695.671 -3.10268 0.344742 8.88668
695.684 -3.10268 0.344742 8.69516
695.697 -2.71963 0.881008 8.69516
695.709 -3.21759 0.689484 9.38465
695.722 -2.91116 0.229828 9.15482
695.735 -3.02607 0.268133 8.58025
695.748 -3.14098 0.0 8.77177
695.76 -3.14098 0.766094 8.58025
695.773 -2.98777 0.766094 9.15482
695.786 -2.71963 -0.0383047 8.65686
695.797 -3.02607 0.65118 9.11651
695.81 -3.2559 0.0 8.69516
695.823 -2.83455 0.881008 8.50364
695.835 -3.10268 0.957617 9.07821
695.847 -2.83455 0.0766094 8.50364
695.86 -3.10268 0.421352 8.46534
695.873 -3.14098 0.114914 9.15482
695.885 -2.98777 0.957617 8.77177
695.898 -2.98777 0.881008 8.58025
695.911 -2.83455 0.114914 8.31211
695.923 -3.06437 0.229828 8.84838
695.936 -3.21759 0.306437 9.07821
695.949 -3.17929 0.612875 8.88668
695.961 -2.94946 0.383047 8.77177
695.974 -3.21759 0.229828 8.54194
695.986 -3.14098 0.191523 8.81008
695.999 -3.21759 0.612875 8.50364
696.01 -3.37081 0.881008 9.26973
696.023 -3.17929 0.497961 8.58025
696.037 -3.14098 0.191523 8.88668
696.048 -3.2559 0.306437 9.26973
696.061 -3.60064 0.459656 8.58025
696.074 -2.94946 0.421352 8.38873
696.086 -3.14098 0.383047 8.88668
696.099 -3.10268 0.421352 8.58025
696.112 -3.60064 0.459656 8.84838
696.125 -2.98777 0.689484 8.96329
696.137 -2.94946 0.804398 8.46534
696.15 -3.40912 0.344742 8.77177
696.163 -3.2942 0.459656 8.92499
696.174 -3.17929 0.612875 7.85246
696.187 -3.17929 0.344742 8.65686
696.2 -2.83455 0.383047 9.15482
696.212 -3.2942 0.957617 8.69516
696.224 -3.2942 0.65118 8.54194
696.237 -3.14098 0.421352 8.38873
696.249 -3.06437 0.459656 8.96329
696.26 -3.2942 0.383047 8.88668
696.273 -3.10268 0.421352 8.65686
696.286 -3.06437 0.497961 8.54194
696.298 -3.33251 0.0766094 8.61855
696.311 -3.2942 0.689484 9.03991
696.324 -3.17929 0.421352 8.1589
696.336 -2.98777 0.306437 8.69516
696.348 -3.37081 0.383047 8.77177
696.36 -3.44742 0.421352 9.15482
696.373 -2.98777 0.497961 8.42703
696.384 -3.21759 0.153219 8.42703
696.397 -3.17929 0.344742 8.77177
696.41 -3.44742 0.421352 9.0016
696.421 -3.2559 0.766094 8.65686
696.434 -3.06437 0.153219 8.81008
696.447 -3.63894 0.459656 9.11651
696.458 -2.98777 0.459656 8.92499
696.471 -3.10268 0.57457 8.54194
696.484 -3.2942 0.0 9.07821
696.497 -3.37081 0.306437 8.61855
696.508 -3.06437 0.65118 8.50364
696.52 -3.14098 0.306437 8.92499
696.532 -3.06437 0.421352 8.81008
696.544 -3.21759 0.268133 9.03991
696.556 -3.02607 0.57457 8.88668
696.569 -3.33251 0.421352 8.92499
696.582 -3.37081 0.306437 9.03991
696.594 -3.2942 0.459656 8.88668
696.607 -3.17929 0.344742 8.84838
696.62 -3.14098 0.57457 8.1589
696.632 -3.21759 0.383047 9.19312
696.645 -2.79624 0.421352 8.50364
696.658 -2.91116 0.0766094 8.38873
696.67 -3.10268 0.689484 8.84838
696.683 -3.37081 0.383047 8.88668
696.696 -3.2942 0.0383047 8.65686
696.708 -3.14098 0.57457 8.61855
696.72 -3.60064 0.306437 8.42703
696.733 -3.02607 0.727789 8.65686
696.746 -2.71963 0.229828 8.77177
696.758 -3.33251 0.344742 9.0016
696.771 -3.10268 0.383047 8.58025
696.784 -2.60472 0.114914 8.73347
696.796 -3.33251 0.536266 8.69516
696.809 -3.14098 0.383047 8.35042
696.822 -3.06437 0.344742 8.77177
696.834 -2.75794 0.536266 8.69516
696.846 -3.14098 0.57457 8.46534
696.859 -2.87285 0.383047 8.61855
696.872 -2.91116 0.268133 8.42703
696.884 -3.33251 0.881008 8.73347
696.897 -3.44742 0.268133 8.65686
696.91 -2.98777 0.459656 9.19312
696.921 -3.14098 0.689484 8.92499
696.934 -3.17929 0.612875 8.46534
696.947 -3.14098 0.57457 8.12059
696.958 -3.33251 0.421352 8.69516
696.971 -2.68133 0.57457 8.38873
696.984 -3.02607 0.268133 8.92499
696.997 -3.75386 0.689484 9.15482
697.009 -3.37081 0.65118 8.65686
697.022 -3.2559 0.612875 8.61855
697.035 -3.67725 0.804398 9.07821
697.047 -3.17929 0.804398 8.23551
697.06 -3.02607 0.153219 8.84838
697.073 -3.83047 0.65118 9.26973
697.084 -3.17929 0.804398 8.84838
697.097 -3.2559 0.57457 8.12059
697.11 -3.86877 1.03423 9.0016
697.123 -3.06437 0.497961 8.92499
697.135 -3.10268 0.383047 8.54194
697.148 -3.79216 0.612875 9.38465
697.161 -3.44742 0.421352 8.61855
697.173 -3.14098 0.383047 8.46534
697.186 -3.56234 0.459656 8.77177
697.199 -3.17929 0.57457 8.31211
697.211 -3.2942 0.57457 9.03991
697.223 -3.63894 0.383047 9.46126
697.236 -3.52403 0.459656 8.00568
697.249 -3.37081 0.229828 8.92499
697.26 -3.52403 0.536266 8.58025
697.273 -2.98777 0.344742 8.35042
697.286 -3.86877 0.497961 8.88668
697.298 -3.75386 0.536266 8.73347
697.311 -3.14098 0.306437 8.12059
697.323 -3.71555 0.727789 8.92499
697.335 -3.17929 0.306437 8.31211
697.348 -3.17929 0.421352 8.1589
697.361 -3.94538 0.421352 9.26973
697.374 -3.56234 0.459656 8.31211
697.386 -2.98777 0.497961 8.84838
697.399 -3.37081 0.383047 8.12059
697.412 -3.10268 0.536266 8.31211
697.424 -3.44742 0.57457 9.38465
697.437 -3.44742 0.459656 8.42703
697.449 -3.10268 0.421352 8.65686
697.461 -2.87285 0.268133 8.81008
697.473 -3.14098 0.57457 8.1589
697.486 -2.91116 0.306437 8.73347
697.499 -2.52811 0.114914 8.88668
697.511 -3.14098 0.383047 8.54194
697.524 -2.41319 0.229828 8.61855
697.537 -2.75794 0.383047 8.65686
697.549 -2.60472 0.153219 8.65686
697.562 -1.72371 -0.114914 8.84838
697.575 -2.10676 0.114914 8.88668
697.587 -2.10676 0.0766094 9.26973
697.6 -2.68133 0.114914 8.54194
697.612 -2.75794 0.536266 8.35042
697.625 -2.22167 0.229828 9.0016
697.637 -2.14506 0.114914 8.58025
697.649 -1.91523 0.421352 8.23551
697.662 -2.14506 0.191523 9.61448
697.674 -2.52811 -0.0383047 8.92499
697.687 -2.4898 0.344742 8.92499
697.699 -3.2559 0.0 9.49956
697.711 -2.4515 0.536266 8.38873
697.724 -1.68541 0.344742 8.88668
697.737 -1.72371 -0.229828 8.58025
697.75 -0.919312 0.114914 8.50364
697.762 -2.06845 -0.114914 9.61448
697.775 -3.02607 0.383047 9.07821
697.788 -2.83455 0.689484 9.15482
697.8 -2.79624 -0.0766094 9.07821
697.813 -1.6471 0.306437 8.58025
697.825 -1.6471 0.153219 8.88668
697.837 -1.49388 -0.191523 8.42703
697.85 -1.37897 0.497961 8.92499
697.863 -2.41319 -0.153219 9.26973
697.875 -2.18337 0.0383047 9.0016
697.888 -2.56641 0.459656 9.19312
697.901 -2.37489 0.229828 9.15482
697.914 -1.6471 0.0766094 8.84838
697.926 -1.6471 -0.0766094 8.61855
697.938 -1.30236 0.191523 8.58025
697.951 -1.91523 0.268133 8.54194
697.962 -2.10676 0.229828 8.50364
697.975 -1.95354 0.344742 8.81008
697.988 -2.18337 0.153219 9.53786
698.0 -1.68541 0.153219 8.81008
698.013 -1.99184 0.229828 8.65686
698.026 -1.80032 0.268133 8.35042
698.039 -1.80032 0.383047 8.42703
698.051 -1.95354 0.0383047 8.35042
698.064 -2.03015 0.268133 9.0016
698.077 -2.29828 0.383047 9.11651
698.089 -1.91523 0.268133 9.23143
698.102 -1.91523 0.344742 9.19312
698.115 -1.6088 -0.153219 8.65686
698.127 -1.53219 0.191523 8.73347
698.14 -1.80032 0.229828 8.77177
698.152 -1.34066 1.14914 6.5501
698.165 -2.18337 -1.6088 9.26973
698.177 -1.41727 -0.344742 8.04398
698.19 -1.68541 0.153219 7.12467
698.203 -1.72371 0.229828 8.1972
698.215 -1.45558 -0.229828 10.4572
698.227 -1.87693 0.536266 7.89076
698.24 -1.57049 -0.268133 8.88668
698.252 -1.45558 -0.191523 8.50364
698.264 -1.6088 -0.114914 8.96329
698.276 -1.57049 0.191523 9.26973
698.289 -1.83862 -0.268133 9.26973
698.301 -1.30236 0.229828 7.69924
698.314 -2.25998 1.6471 11.568
698.326 -1.6088 0.0383047 9.0016
698.337 -0.57457 0.229828 8.00568
698.35 -0.881008 -0.268133 8.54194
698.363 -1.80032 0.459656 8.65686
698.375 -1.22575 0.268133 8.00568
698.388 -1.99184 0.0 9.46126
698.401 -1.18745 0.268133 8.69516
698.413 -1.87693 0.383047 8.42703
698.425 -1.14914 -1.83862 8.42703
698.437 -0.804398 0.919312 11.9128
698.45 -0.957617 -1.34066 7.66094
698.462 -0.842703 -0.497961 8.54194
698.475 -0.57457 -0.497961 8.77177
698.488 -0.612875 -1.72371 9.07821
698.5 -0.881008 3.83047 11.2233
698.512 -0.536266 -0.536266 8.50364
698.525 -1.11084 0.0383047 9.57617
698.537 -0.497961 -0.57457 6.70332
698.549 -1.18745 -0.344742 8.1972
698.562 -0.536266 0.0766094 10.0358
698.575 -0.727789 0.114914 9.42295
698.587 -0.727789 0.0383047 8.77177
698.6 -0.919312 -0.421352 9.0016
698.613 -0.804398 -0.268133 8.73347
698.625 -0.536266 -0.229828 9.11651
698.638 -0.995922 -0.459656 8.81008
698.651 -0.65118 -0.229828 9.30804
698.663 -0.689484 -0.306437 9.38465
698.674 -0.842703 -0.421352 8.88668
698.687 -0.612875 -0.306437 8.35042
698.7 -0.57457 -0.306437 8.69516
698.711 -0.804398 -0.268133 8.88668
698.724 -0.689484 -0.153219 9.49956
698.737 -0.727789 -0.0383047 9.38465
698.75 -0.766094 -0.229828 9.38465
698.762 -0.57457 -0.153219 9.49956
698.775 -0.57457 -0.229828 9.49956
698.788 0.153219 0.497961 9.57617
698.8 -0.65118 0.0766094 9.07821
698.813 -0.459656 -0.114914 9.38465
698.825 -0.881008 -0.306437 9.19312
698.837 -1.07253 -0.306437 9.65278
698.85 -0.842703 -0.268133 9.53786
698.863 -0.804398 -0.114914 9.15482
698.875 -0.881008 -0.383047 9.26973
698.888 -0.612875 -0.459656 9.38465
698.901 -0.842703 -0.306437 8.88668
698.914 -0.766094 -0.344742 8.77177
698.926 -0.612875 -0.0383047 9.57617
698.939 -1.30236 -0.191523 9.61448
698.951 -1.49388 -0.689484 9.15482
698.963 -0.957617 -0.344742 9.57617
698.976 -0.612875 -0.306437 9.23143
698.989 -0.497961 -0.306437 9.0016
699.001 -0.612875 -0.306437 9.30804
699.014 -0.804398 -0.268133 9.26973
699.027 -0.727789 -0.0766094 9.23143
699.04 -0.957617 0.153219 9.26973
699.052 -0.881008 -0.229828 9.42295
699.065 -0.766094 -0.114914 9.26973
699.078 -0.766094 -0.344742 9.30804
699.09 -0.842703 -0.344742 8.81008
699.103 -0.57457 -0.114914 9.19312
699.115 -0.957617 -0.306437 9.26973
699.127 -0.957617 -0.229828 8.96329
699.14 -1.07253 -0.268133 9.0016
699.153 -0.536266 0.0766094 9.15482
699.166 -0.689484 -0.459656 8.81008
699.178 -0.766094 -0.191523 9.34634
699.191 -0.881008 -0.421352 9.23143
699.204 -1.11084 0.153219 8.27381
699.216 -0.65118 -0.229828 8.96329
699.228 -0.727789 -0.229828 9.19312
699.241 -0.65118 -0.191523 9.15482
699.252 -1.07253 -0.0383047 9.26973
699.265 -0.57457 -0.229828 9.26973
699.278 -0.689484 -0.344742 9.0016
699.291 -0.766094 -0.344742 9.23143
699.303 -0.957617 -0.383047 9.42295
699.315 -0.689484 -0.268133 9.19312
699.328 -0.612875 -0.229828 9.0016
699.34 -0.919312 -0.114914 9.11651
699.353 -0.65118 -0.306437 9.26973
699.366 -1.07253 -0.0383047 9.15482
699.378 -0.57457 -0.153219 8.96329
699.391 -0.804398 -0.229828 9.07821
699.404 -0.804398 -0.268133 9.53786
699.416 -0.766094 -0.344742 9.30804
699.429 -0.919312 -0.0766094 8.96329
699.442 -0.65118 -0.268133 9.23143
699.455 -0.191523 -0.306437 9.42295
699.466 -0.612875 -0.0766094 9.92091
699.478 -0.306437 -0.421352 9.49956
699.491 0.612875 -0.268133 9.72939
699.503 0.229828 -0.497961 8.88668
699.516 0.383047 -0.804398 9.76769
699.529 0.727789 -0.919312 9.72939
699.541 0.919312 -0.459656 9.42295
699.554 0.229828 -1.07253 9.92091
699.567 0.612875 -1.14914 9.23143
699.58 0.536266 -0.65118 9.65278
699.591 0.689484 -0.536266 9.49956
699.604 1.03423 -0.536266 9.69109
699.617 0.65118 -0.459656 9.92091
699.629 1.03423 -1.14914 9.88261
699.642 1.03423 -0.842703 9.72939
699.655 1.14914 -0.919312 9.34634
699.667 1.14914 -0.612875 9.03991
699.68 0.881008 -0.881008 9.34634
699.693 1.03423 -0.497961 9.19312
699.705 0.995922 -0.57457 9.46126
699.717 1.11084 -1.14914 9.38465
699.729 1.45558 -0.612875 9.34634
699.742 1.22575 -1.22575 9.806
699.754 1.14914 -0.881008 9.8443
699.767 1.6088 -0.919312 9.34634
699.78 1.30236 -0.842703 9.26973
699.792 1.99184 -1.22575 9.53786
699.805 1.30236 -0.995922 9.26973
699.818 1.37897 -0.57457 9.72939
699.83 1.41727 -1.11084 9.61448
699.842 1.26405 -0.65118 9.65278
699.854 1.41727 -1.18745 9.65278
699.867 1.68541 -1.03423 9.65278
699.879 1.49388 -0.995922 9.53786
699.892 1.57049 -0.689484 9.61448
699.905 1.83862 -0.957617 9.61448
699.917 1.53219 -0.612875 9.49956
699.93 1.26405 -1.22575 9.76769
699.943 1.45558 -1.18745 9.57617
699.956 1.87693 -0.689484 9.69109
699.967 1.34066 -1.11084 9.88261
699.98 1.91523 -0.995922 9.38465
699.993 1.68541 -0.842703 9.11651
700.005 1.49388 -0.957617 9.57617
700.018 1.72371 -0.65118 10.1124
700.031 1.87693 -0.536266 9.61448
700.042 1.76202 -1.03423 9.30804
700.054 1.72371 -0.804398 9.49956
700.067 1.76202 -0.919312 9.49956
700.08 1.6471 -0.919312 9.76769
700.092 1.91523 -1.07253 9.61448
700.105 1.80032 -0.727789 9.26973
700.118 1.91523 -0.766094 9.07821
700.13 1.95354 -0.65118 9.53786
700.143 1.83862 -0.727789 9.88261
700.156 1.80032 -0.383047 10.0358
700.168 1.57049 -0.459656 9.72939
700.181 1.6088 -0.612875 9.30804
700.193 2.03015 -0.919312 9.53786
700.206 1.68541 -1.03423 9.57617
700.218 1.95354 -0.268133 9.46126
700.231 1.95354 -0.689484 9.19312
700.244 1.76202 -0.689484 9.57617
700.256 1.83862 -0.65118 9.88261
700.269 1.91523 -0.536266 9.46126
700.282 1.91523 -0.804398 9.57617
700.293 1.83862 -0.421352 9.46126
700.306 2.14506 -0.57457 9.76769
700.318 1.91523 -0.65118 9.806
700.331 2.06845 -0.344742 9.34634
700.343 2.22167 -0.383047 9.65278
700.356 2.06845 -0.268133 9.92091
700.369 1.95354 -0.229828 9.99752
700.381 1.83862 -0.421352 10.1507
700.394 2.03015 -0.421352 9.806
700.407 1.87693 -0.459656 9.46126
700.419 2.10676 -0.421352 9.53786
700.432 2.14506 -0.65118 9.42295
700.445 1.83862 -0.383047 9.19312
700.457 1.95354 -0.536266 9.19312
700.469 2.25998 -0.57457 9.46126
700.481 2.10676 -0.612875 9.53786
700.494 1.87693 -0.65118 10.0358
700.506 1.99184 -0.536266 9.806
700.519 1.99184 -0.497961 9.49956
700.531 2.14506 -0.459656 9.57617
700.543 2.18337 -0.727789 9.42295
700.556 2.22167 -0.65118 9.15482
700.568 2.25998 -0.65118 9.57617
700.581 2.10676 -0.612875 9.53786
700.593 2.33659 -0.57457 9.806
700.605 1.99184 -0.689484 9.49956
700.618 2.37489 -0.612875 9.61448
700.63 1.83862 -0.727789 9.72939
700.643 1.41727 -0.421352 9.92091
700.656 2.03015 -0.536266 9.95922
700.668 2.18337 -0.421352 9.19312
700.68 2.10676 -0.766094 9.53786
700.693 2.06845 -0.995922 9.38465
700.705 1.83862 -0.383047 9.30804
700.716 1.99184 -0.804398 10.1507
700.729 1.6471 -0.344742 10.0358
700.742 2.18337 -0.689484 9.34634
700.754 1.87693 -1.22575 9.15482
700.767 1.95354 -0.689484 9.46126
700.78 2.33659 -0.919312 9.49956
700.792 2.03015 -0.57457 9.65278
700.805 1.6471 -0.57457 9.99752
700.818 1.95354 -0.497961 10.0741
700.831 1.80032 -0.65118 9.61448
700.842 1.80032 -0.766094 9.42295
700.855 1.99184 -1.26405 9.61448
700.868 2.29828 -1.14914 9.23143
700.88 2.37489 -0.881008 9.15482
700.893 1.99184 -1.18745 9.46126
700.906 2.10676 -0.766094 9.8443
700.917 1.83862 -1.18745 9.72939
700.929 2.14506 -0.612875 9.72939
700.942 2.25998 -0.842703 9.69109
700.955 2.14506 -1.03423 9.53786
700.967 2.25998 -0.995922 9.19312
700.98 1.87693 -1.34066 9.49956
700.993 2.03015 -0.536266 9.65278
701.005 1.91523 -0.727789 9.8443
701.018 2.14506 -0.536266 9.806
701.031 1.83862 -1.07253 9.806
701.043 2.29828 -0.995922 9.69109
701.056 2.14506 -0.689484 9.23143
701.069 1.91523 -0.957617 9.34634
701.081 2.14506 -0.612875 9.65278
701.093 1.87693 -0.919312 9.38465
701.106 1.87693 -0.459656 9.57617
701.118 1.87693 -0.995922 10.0358
701.13 2.03015 -0.804398 10.1124
701.143 2.06845 -0.881008 9.72939
701.156 1.95354 -0.957617 9.34634
701.168 2.4515 -0.57457 9.61448
701.181 1.99184 -1.07253 9.69109
701.193 2.06845 -0.497961 9.61448
701.206 2.14506 -0.957617 9.61448
701.218 2.10676 -0.804398 9.72939
701.231 2.14506 -0.727789 9.72939
701.243 2.06845 -1.07253 9.8443
701.255 2.10676 -0.57457 9.88261
701.268 2.18337 -1.34066 9.806
701.281 2.33659 -0.497961 9.53786
701.293 2.41319 -1.14914 9.53786
701.306 2.29828 -1.11084 9.99752
701.319 2.29828 -1.11084 9.69109
701.332 2.37489 -1.07253 9.53786
701.344 2.18337 -0.919312 9.76769
701.357 2.41319 -1.22575 9.806
701.37 1.87693 -0.881008 9.76769
701.382 2.14506 -1.18745 9.46126
701.395 2.03015 -0.881008 9.46126
701.407 2.18337 -1.22575 9.46126
701.419 2.29828 -1.11084 9.42295
701.432 2.41319 -1.18745 9.65278
701.445 2.06845 -0.995922 9.69109
701.458 1.91523 -1.26405 9.76769
701.47 1.80032 -0.881008 10.1507
701.482 1.91523 -0.881008 9.8443
701.495 1.72371 -1.11084 9.53786
701.506 1.6471 -1.07253 9.15482
701.519 1.37897 -0.766094 9.23143
701.532 1.30236 -0.727789 9.34634
701.544 1.26405 -0.57457 9.65278
701.557 0.995922 -0.804398 9.61448
701.57 0.957617 -0.383047 9.42295
701.583 0.766094 -0.804398 9.38465
701.595 0.842703 -0.344742 9.07821
701.608 0.766094 -0.612875 9.15482
701.62 0.689484 -0.459656 9.38465
701.632 0.497961 -0.536266 9.03991
701.644 0.689484 -0.57457 9.26973
701.657 0.421352 -0.459656 9.03991
701.669 0.689484 -0.497961 9.38465
701.682 0.727789 -0.421352 9.15482
701.695 0.459656 -0.497961 9.38465
701.708 0.766094 -0.459656 9.61448
701.72 0.612875 -0.421352 9.49956
701.733 0.65118 -0.344742 9.30804
701.746 0.727789 -0.383047 9.23143
701.758 0.689484 -0.459656 9.46126
701.771 0.689484 -0.612875 9.76769
701.784 0.766094 -0.497961 9.61448
701.796 0.536266 -0.459656 9.65278
701.808 0.536266 -0.383047 9.69109
701.821 0.459656 -0.459656 9.57617
701.833 0.65118 -0.459656 9.92091
701.846 0.766094 -0.459656 9.19312
701.859 0.727789 -0.421352 9.42295
701.872 0.842703 -0.497961 9.65278
701.884 0.727789 -0.421352 9.76769
701.897 0.766094 -0.57457 9.69109
701.91 0.881008 -0.65118 9.72939
701.922 0.842703 -0.421352 9.69109
701.935 0.804398 -0.497961 9.69109
701.948 0.881008 -0.421352 9.49956
701.959 0.919312 -0.536266 9.38465
701.972 0.842703 -0.57457 9.72939
701.984 0.804398 -0.421352 9.49956
701.997 0.995922 -0.766094 9.57617
702.009 0.957617 -0.612875 9.19312
702.022 1.11084 -0.881008 9.65278
702.035 0.957617 -0.57457 9.69109
702.047 1.11084 -0.536266 9.46126
702.06 0.957617 -0.65118 9.34634
702.073 1.26405 -0.57457 9.34634
702.084 0.957617 -0.57457 9.26973
702.096 1.11084 -0.881008 9.49956
702.109 0.995922 -0.57457 9.49956
702.121 1.11084 -0.689484 9.61448
702.133 0.919312 -0.689484 9.49956
702.146 1.14914 -0.689484 9.38465
702.159 0.957617 -0.65118 9.49956
702.171 1.26405 -0.766094 9.34634
702.184 1.14914 -0.65118 9.34634
702.197 1.26405 -0.766094 9.30804
702.208 1.14914 -0.804398 9.34634
702.221 1.37897 -0.612875 9.34634
702.234 1.30236 -0.995922 9.30804
702.247 1.26405 -0.842703 9.46126
702.259 1.22575 -0.881008 9.26973
702.271 1.18745 -0.727789 9.72939
702.284 1.26405 -0.804398 9.57617
702.296 1.22575 -0.689484 9.76769
702.309 1.14914 -0.919312 9.46126
702.322 1.30236 -0.65118 9.57617
702.334 1.34066 -0.727789 9.806
702.347 1.37897 -0.881008 9.76769
702.36 1.45558 -0.536266 9.61448
702.373 1.45558 -1.11084 9.61448
702.385 1.6088 -0.459656 9.42295
702.398 1.53219 -0.881008 9.42295
702.41 1.37897 -0.766094 9.57617
702.422 1.53219 -0.57457 9.61448
702.434 1.6471 -1.22575 9.65278
702.447 1.6088 -0.344742 9.38465
702.459 1.72371 -0.995922 9.61448
702.472 1.45558 -0.536266 9.65278
702.485 1.45558 -0.804398 9.53786
702.498 1.53219 -0.804398 9.61448
702.51 1.49388 -0.536266 9.49956
702.523 1.83862 -0.957617 9.34634
702.536 1.45558 -0.459656 9.34634
702.548 1.53219 -1.11084 9.69109
702.56 1.49388 -0.919312 9.65278
702.573 1.76202 -0.497961 9.46126
702.585 1.41727 -1.07253 9.8443
702.598 1.30236 -0.383047 9.49956
702.611 1.76202 -1.26405 9.42295
702.624 1.37897 -0.497961 9.53786
702.636 1.6088 -0.995922 9.30804
702.649 1.41727 -1.03423 9.46126
702.662 1.45558 -0.421352 9.03991
702.674 1.49388 -1.41727 9.30804
702.687 1.6088 -0.344742 9.49956
702.699 1.6088 -0.919312 9.57617
702.711 1.49388 -1.07253 9.53786
702.724 1.6088 -0.536266 9.46126
702.737 1.68541 -1.45558 9.65278
702.75 1.45558 -0.689484 9.38465
702.762 1.76202 -0.804398 9.34634
702.774 1.83862 -1.14914 9.72939
702.787 1.53219 -0.497961 9.49956
702.799 1.57049 -1.57049 9.61448
702.811 1.76202 -0.57457 9.46126
702.824 1.57049 -1.22575 9.65278
702.836 1.49388 -1.03423 9.69109
702.848 1.68541 -0.842703 9.49956
702.861 1.6088 -1.49388 9.806
702.874 1.80032 -0.497961 9.57617
702.886 1.6471 -1.14914 9.76769
702.899 1.6088 -0.842703 9.61448
702.912 1.57049 -0.842703 9.53786
702.923 1.34066 -1.37897 9.76769
702.936 1.45558 -0.421352 9.72939
702.948 1.53219 -1.18745 9.95922
702.96 1.37897 -0.766094 9.49956
702.973 1.76202 -0.766094 9.57617
702.986 1.37897 -1.18745 9.57617
702.999 1.57049 -0.421352 9.57617
703.011 1.68541 -1.26405 9.49956
703.023 1.45558 -0.497961 9.46126
703.036 1.30236 -1.07253 9.76769
703.048 1.49388 -0.689484 9.65278
703.06 1.53219 -0.727789 9.49956
703.073 1.34066 -1.07253 9.34634
703.085 1.53219 -0.65118 9.46126
703.098 1.34066 -1.11084 9.61448
703.111 1.57049 -0.421352 9.57617
703.124 1.26405 -0.919312 9.57617
703.136 1.6088 -0.766094 9.57617
703.149 0.881008 -0.919312 9.65278
703.162 0.497961 -0.536266 9.72939
703.173 0.957617 -0.459656 9.61448
703.186 1.14914 -0.421352 9.23143
703.199 1.53219 -1.07253 9.42295
703.211 1.34066 -0.842703 9.19312
703.224 0.957617 -0.689484 9.38465
703.237 0.57457 -0.842703 10.0741
703.25 0.766094 -0.421352 9.95922
703.262 0.689484 -0.766094 9.26973
703.274 0.459656 -0.497961 9.34634
703.287 0.536266 -0.57457 9.53786
703.299 0.995922 -0.536266 9.23143
703.312 0.612875 -0.459656 9.0016
703.325 0.459656 -0.919312 9.72939
703.336 0.536266 -0.612875 9.53786
703.349 0.153219 -0.727789 9.72939
703.362 0.229828 -0.306437 9.72939
703.375 0.0383047 -0.689484 9.53786
703.387 0.191523 -0.268133 9.34634
703.4 0.344742 -0.497961 9.07821
703.413 0.421352 -0.842703 8.92499
703.425 0.536266 -0.497961 9.0016
703.438 0.383047 -1.03423 9.57617
703.451 0.727789 -0.421352 9.65278
703.462 0.804398 -1.07253 9.95922
703.475 0.957617 -0.804398 9.69109
703.488 1.26405 -0.65118 9.23143
703.5 0.804398 -1.26405 9.19312
703.513 1.18745 -0.536266 9.26973
703.526 1.07253 -0.995922 9.30804
703.539 1.11084 -0.536266 9.30804
703.55 1.03423 -0.421352 9.34634
703.563 0.957617 -0.842703 9.88261
703.575 0.689484 -0.344742 10.0358
703.587 0.689484 -0.497961 9.61448
703.6 0.536266 -0.459656 9.23143
703.613 0.57457 -0.383047 9.23143
703.625 0.306437 -0.497961 9.03991
703.638 -0.153219 0.114914 9.19312
703.651 -0.383047 -0.383047 9.15482
703.664 -0.766094 -0.268133 9.34634
703.676 -0.57457 0.0766094 9.30804
703.689 -1.22575 -0.57457 9.19312
703.701 -1.14914 0.0766094 9.03991
703.713 -1.30236 0.153219 9.03991
703.726 -1.80032 0.0383047 9.03991
703.739 -1.99184 0.383047 9.03991
703.75 -1.41727 -0.268133 9.03991
703.763 -1.18745 0.268133 8.35042
703.776 -0.421352 -0.229828 9.26973
703.789 -1.03423 -0.766094 9.0016
703.801 -1.14914 0.421352 9.03991
703.814 -1.49388 -0.0383047 9.30804
703.826 -1.87693 0.114914 9.49956
703.837 -1.49388 0.383047 9.26973
703.85 -1.6471 -0.114914 8.88668
703.863 -1.37897 0.421352 8.42703
703.875 -1.57049 -0.153219 9.07821
703.888 -1.6471 0.191523 9.30804
703.901 -1.41727 0.383047 9.30804
703.913 -2.25998 0.0 9.23143
703.925 -1.72371 0.497961 9.69109
703.938 -1.68541 -0.114914 9.49956
703.951 -1.57049 0.383047 8.92499
703.963 -1.18745 0.114914 9.26973
703.975 -1.03423 -0.229828 8.84838
703.988 -1.41727 0.344742 8.81008
704.0 -1.49388 -0.191523 9.15482
704.012 -1.30236 0.191523 9.26973
704.025 -1.11084 0.536266 9.26973
704.038 -1.30236 -0.0766094 9.72939
704.05 -0.65118 0.612875 9.19312
704.063 -0.957617 -0.0383047 8.61855
704.076 -0.804398 0.0 8.73347
704.088 -0.689484 0.421352 8.88668
704.101 -0.957617 -0.536266 9.46126
704.114 -0.65118 0.459656 9.26973
704.126 -0.766094 0.153219 9.57617
704.138 -0.804398 0.383047 9.49956
704.151 -0.689484 0.57457 9.11651
704.164 -0.957617 0.0766094 9.15482
704.176 -0.459656 0.497961 9.07821
704.189 -0.727789 0.0766094 9.15482
704.202 -0.459656 0.497961 9.23143
704.214 -0.536266 0.497961 9.19312
704.227 -0.766094 0.153219 9.57617
704.24 -0.65118 0.497961 9.26973
704.252 -0.689484 -0.153219 9.38465
704.265 -0.65118 0.497961 9.30804
704.278 -0.459656 0.0766094 9.46126
704.291 -1.03423 -0.153219 8.96329
704.303 -0.995922 1.30236 6.20536
704.315 -1.83862 -0.306437 8.92499
704.328 -0.842703 0.306437 8.84838
704.34 -1.11084 0.0 9.49956
704.353 -0.881008 0.114914 9.11651
704.365 -0.881008 0.0383047 9.11651
704.377 -1.22575 -0.306437 9.07821
704.39 -0.766094 0.459656 8.96329
704.403 -1.18745 -0.268133 9.0016
704.416 -0.689484 0.268133 8.92499
704.428 -0.995922 0.0383047 9.03991
704.44 -1.11084 -0.153219 9.07821
704.453 -1.03423 0.57457 9.15482
704.465 -1.22575 -0.306437 9.42295
704.477 -0.804398 0.383047 9.30804
704.49 -0.995922 -0.0383047 9.23143
704.502 -1.03423 -0.153219 9.19312
704.515 -0.804398 0.344742 8.84838
704.528 -1.11084 -0.421352 9.26973
704.541 -0.842703 0.306437 9.11651
704.553 -1.03423 -0.306437 9.26973
704.566 -0.995922 -0.153219 8.81008
704.579 -0.881008 0.0383047 9.57617
704.591 -0.919312 -0.57457 9.07821
704.604 -0.689484 0.497961 9.15482
704.617 -0.842703 -0.344742 9.42295
704.629 -0.727789 0.114914 8.96329
704.641 -0.612875 -0.0766094 9.26973
704.654 -0.727789 -0.383047 9.23143
704.666 -0.57457 0.229828 9.19312
704.679 -0.919312 -0.65118 9.34634
704.692 -0.65118 0.268133 9.26973
704.705 -0.689484 -0.191523 9.30804
704.717 -0.65118 -0.421352 9.19312
704.73 -0.536266 0.153219 9.07821
704.743 -0.804398 -0.766094 9.23143
704.755 -0.612875 0.0766094 9.15482
704.768 -0.689484 -0.383047 9.23143
704.781 -0.612875 -0.229828 9.23143
704.792 -0.612875 -0.0383047 8.73347
704.805 -0.842703 -0.65118 9.19312
704.818 -0.497961 0.191523 9.03991
704.831 -0.727789 -0.421352 9.23143
704.843 -0.727789 -0.268133 9.11651
704.856 -0.689484 -0.0383047 9.11651
704.869 -0.842703 -0.57457 9.23143
704.881 -0.57457 0.191523 9.0016
704.894 -0.919312 -0.459656 9.26973
704.907 -0.842703 0.0 9.19312
704.919 -0.804398 0.0383047 9.19312
704.932 -0.957617 -0.459656 9.23143
704.944 -0.766094 0.268133 8.84838
704.957 -0.919312 -0.459656 9.23143
704.969 -0.881008 -0.0766094 9.03991
704.982 -0.881008 -0.306437 9.19312
704.995 -1.03423 -0.383047 9.23143
705.006 -0.727789 0.344742 8.92499
705.018 -0.804398 -0.383047 9.19312
705.031 -0.229828 1.11084 9.11651
705.043 -0.842703 -0.114914 8.61855
705.056 -0.881008 -0.344742 8.92499
705.069 -0.881008 0.191523 9.03991
705.082 -0.995922 -0.536266 9.34634
705.094 -0.689484 0.229828 8.81008
705.106 -0.766094 0.0 9.11651
705.119 -0.881008 -0.114914 9.46126
705.131 -0.536266 0.497961 9.03991
705.144 -0.804398 -0.114914 9.26973
705.156 -0.766094 0.421352 9.26973