0:0:0 0.77 0.00000000 0.00000000 -99.00 -99.00 0.00 529.00 521.00 519.00 529.00 38.50 1002.91 44.38 0 0 0 17 
0:0:0 0.97 0.00000000 0.00000000 -99.00 -99.00 0.00 529.00 521.00 519.00 528.00 38.53 1002.87 44.39 0 0 0 17 
18:21:47 1.17 0.00000000 0.00000000 -99.00 -99.00 0.00 529.00 521.00 519.00 528.00 38.58 1002.85 44.45 0 5 4 17 
18:21:47 1.38 0.00000000 0.00000000 -99.00 -99.00 0.00 529.00 521.00 519.00 528.00 38.61 1002.62 44.53 0 5 4 17 
18:21:47 1.58 0.00000000 0.00000000 -99.00 -99.00 0.00 528.00 521.00 519.00 528.00 38.61 1002.67 44.63 0 5 4 17 
18:21:47 1.78 0.00000000 0.00000000 -99.00 -99.00 0.00 528.00 521.00 519.00 528.00 38.55 1002.85 44.70 0 5 4 17 
18:21:47 2.02 0.00000000 0.00000000 -99.00 -99.00 0.00 528.00 521.00 519.00 528.00 38.56 1002.61 44.86 0 5 4 17 
18:21:47 2.25 0.00000000 0.00000000 -99.00 -99.00 0.00 529.00 521.00 519.00 528.00 38.56 1002.67 45.00 0 5 4 17 
18:21:48 2.45 0.00000000 0.00000000 -99.00 -99.00 0.00 528.00 520.00 518.00 527.00 38.55 1002.65 45.18 0 5 4 17 
18:21:48 2.65 0.00000000 0.00000000 -99.00 -99.00 0.00 528.00 520.00 518.00 527.00 38.51 1002.59 45.22 0 5 4 17 
18:21:48 2.85 0.00000000 0.00000000 -99.00 -99.00 0.00 527.00 520.00 517.00 527.00 38.45 1002.94 45.22 0 5 4 17 
18:21:48 3.05 0.00000000 182.00003051 -99.00 -99.00 0.00 527.00 520.00 517.00 527.00 38.40 1002.64 45.26 0 5 4 17 
18:21:49 3.25 0.00000000 182.00003051 -99.00 -99.00 0.00 528.00 520.00 517.00 527.00 38.35 1002.63 45.26 0 5 4 17 
18:21:49 3.45 0.00000000 182.00003051 -99.00 -99.00 0.00 527.00 519.00 517.00 527.00 38.29 1002.62 45.23 0 5 4 17 
18:21:49 3.65 0.00000000 182.00003051 -99.00 -99.00 0.00 527.00 520.00 517.00 527.00 38.25 1002.61 45.14 0 5 4 17 
18:21:49 3.85 0.00000000 182.00003051 -99.00 -99.00 0.00 527.00 520.00 517.00 527.00 38.21 1002.61 45.09 0 5 4 17 
18:21:50 4.06 0.00000000 182.00003051 -99.00 -99.00 0.00 527.00 519.00 518.00 527.00 38.19 1002.62 45.10 0 5 4 17 
18:21:50 4.26 0.00000000 182.00003051 -99.00 -99.00 0.00 527.00 520.00 517.00 527.00 38.17 1002.63 45.13 0 5 4 17 
18:21:50 4.46 0.00000000 182.00003051 -99.00 -99.00 0.00 527.00 520.00 517.00 527.00 38.18 1002.91 45.21 0 5 4 17 
18:21:50 4.66 0.00000000 182.00003051 -99.00 -99.00 0.00 527.00 519.00 517.00 527.00 38.22 1002.93 45.34 0 5 4 17 
18:21:50 4.86 0.00000000 182.00003051 -99.00 -99.00 0.00 527.00 520.00 517.00 527.00 38.29 1002.94 45.41 0 5 4 17 
18:21:51 5.06 0.00000000 182.00003051 -99.00 -99.00 0.00 527.00 519.00 517.00 527.00 38.37 1002.92 45.47 0 5 4 17 
18:21:51 5.26 0.00000000 182.00003051 -99.00 -99.00 0.00 527.00 520.00 517.00 527.00 38.44 1002.91 45.50 0 5 4 17 
18:21:51 5.46 0.00000000 182.00003051 -99.00 -99.00 0.00 527.00 520.00 517.00 527.00 38.48 1002.90 45.59 0 5 4 17 
18:21:51 5.66 0.00000000 182.00003051 -99.00 -99.00 0.00 527.00 519.00 517.00 527.00 38.51 1002.96 45.64 0 5 4 17 
18:21:51 5.86 0.00000000 182.00003051 -99.00 -99.00 0.00 527.00 520.00 517.00 527.00 38.54 1002.98 45.73 0 5 4 17 
18:21:52 6.06 0.00000000 182.00003051 -99.00 -99.00 0.00 527.00 519.00 517.00 527.00 38.57 1002.96 45.83 0 5 4 17 
18:21:52 6.26 0.00000000 182.00003051 -99.00 -99.00 0.00 527.00 519.00 517.00 527.00 38.59 1002.97 45.88 0 5 4 17 
18:21:52 6.46 0.00000000 182.00003051 -99.00 -99.00 0.00 527.00 519.00 517.00 527.00 38.62 1002.94 45.92 0 5 4 17 
18:21:52 6.67 0.00000000 182.00003051 -99.00 -99.00 0.00 527.00 519.00 517.00 527.00 38.63 1002.97 46.04 0 5 4 17 
18:21:52 6.87 0.00000000 182.00003051 -99.00 -99.00 0.00 527.00 519.00 517.00 527.00 38.65 1002.94 46.13 0 5 4 17 
18:21:53 7.07 0.00000000 182.00003051 -99.00 -99.00 0.00 527.00 519.00 517.00 527.00 38.66 1002.96 46.01 0 5 4 17 
18:21:53 7.27 0.00000000 182.00003051 -99.00 -99.00 0.00 527.00 520.00 517.00 527.00 38.67 1002.96 45.93 0 5 4 17 
18:21:53 7.47 0.00000000 182.00003051 -99.00 -99.00 0.00 527.00 520.00 517.00 527.00 38.69 1002.93 45.82 0 5 4 17 
18:21:53 7.67 0.00000000 182.00003051 -99.00 -99.00 0.00 528.00 519.00 517.00 527.00 38.72 1002.98 45.72 0 5 4 17 
18:21:53 7.87 0.00000000 182.00003051 -99.00 -99.00 0.00 527.00 519.00 517.00 527.00 38.76 1003.00 45.61 0 5 4 17 
18:21:54 8.07 0.00000000 182.00003051 -99.00 -99.00 0.00 527.00 520.00 517.00 527.00 38.76 1002.97 45.50 0 5 4 17 
18:21:54 8.27 0.00000000 182.00003051 -99.00 -99.00 0.00 527.00 520.00 517.00 526.00 38.76 1002.97 45.41 0 5 4 17 
18:21:54 8.47 0.00000000 182.00003051 -99.00 -99.00 0.00 527.00 520.00 517.00 527.00 38.77 1003.01 45.41 0 5 4 17 
18:21:54 8.67 0.00000000 182.00003051 -99.00 -99.00 0.00 527.00 520.00 517.00 527.00 38.80 1003.02 45.39 0 5 4 17 
18:21:54 8.87 0.00000000 182.00003051 -99.00 -99.00 0.00 527.00 519.00 517.00 527.00 38.80 1002.98 45.33 0 5 4 17 
18:21:55 9.07 30.69162178 -88.17456054 -99.00 -99.00 41.10 527.00 520.00 517.00 527.00 38.81 1003.06 45.28 0 5 4 17 
18:21:55 9.28 30.69162178 -88.17456054 -99.00 -99.00 41.10 527.00 519.00 516.00 527.00 38.83 1003.04 45.31 1 0 50 17 
18:21:55 9.48 30.69162178 -88.17456054 -99.00 -99.00 41.10 527.00 519.00 517.00 527.00 38.86 1003.00 45.38 1 0 50 17 
18:21:55 9.68 30.69162178 -88.17456054 -99.00 -99.00 41.10 527.00 520.00 517.00 527.00 38.88 1003.02 45.48 1 0 50 17 
18:21:55 9.88 30.69162178 -88.17456054 -99.00 -99.00 41.10 527.00 519.00 517.00 527.00 38.91 1002.98 45.60 1 0 50 17 
18:21:55 10.08 30.69162178 -88.17456054 -99.00 -99.00 41.10 527.00 520.00 517.00 527.00 38.93 1002.98 45.70 1 0 50 17 
18:21:55 10.28 30.69162178 -88.17456054 -99.00 -99.00 41.10 527.00 520.00 517.00 527.00 38.93 1003.03 45.77 1 0 50 17 
18:21:56 10.48 30.69161796 -88.17467498 -99.00 -99.00 41.10 527.00 519.00 517.00 527.00 38.93 1002.96 45.81 1 0 50 17 
18:21:56 10.69 30.69161796 -88.17467498 -99.00 -99.00 41.10 527.00 520.00 517.00 526.00 38.94 1002.97 45.80 1 0 50 17 
18:21:56 10.89 30.69161796 -88.17467498 -99.00 -99.00 41.10 527.00 519.00 517.00 527.00 38.93 1002.95 45.77 1 0 50 17 
18:21:56 11.09 30.69161796 -88.17467498 -99.00 -99.00 41.10 527.00 519.00 517.00 527.00 38.95 1002.96 45.75 1 0 50 17 
18:21:56 11.29 30.69161796 -88.17467498 -99.00 -99.00 41.10 527.00 519.00 517.00 527.00 38.96 1002.96 45.73 1 0 50 17 
18:21:56 11.49 30.69161796 -88.17467498 -99.00 -99.00 41.10 527.00 520.00 517.00 526.00 38.99 1003.00 45.70 1 0 50 17 
18:21:56 11.69 30.69161796 -88.17467498 -99.00 -99.00 41.10 527.00 520.00 517.00 527.00 38.99 1002.92 45.74 1 0 50 17 
18:21:56 11.89 30.69161796 -88.17467498 -99.00 -99.00 41.10 527.00 519.00 517.00 527.00 39.00 1002.95 45.92 1 0 50 17 
18:21:56 12.09 30.69161796 -88.17467498 -99.00 -99.00 41.10 527.00 519.00 517.00 526.00 38.99 1002.93 45.96 1 0 50 17 
18:21:56 12.29 30.69161796 -88.17467498 -99.00 -99.00 41.10 527.00 520.00 517.00 527.00 38.96 1002.91 45.80 1 0 50 17 
18:21:56 12.49 30.69161796 -88.17467498 -99.00 -99.00 41.10 527.00 519.00 517.00 527.00 38.92 1002.91 45.63 1 0 50 17 
18:21:58 12.69 0.00050160 -88.17469024 -99.00 -99.00 0.00 527.00 519.00 517.00 527.00 38.91 1002.95 45.59 1 0 50 17 
18:21:58 12.90 0.00050160 -88.17469024 -99.00 -99.00 0.00 527.00 520.00 517.00 527.00 38.88 1002.92 45.50 1 0 50 17 
18:21:58 13.10 0.00050160 -88.17469024 -99.00 -99.00 0.00 527.00 520.00 517.00 527.00 38.86 1002.90 45.30 1 0 50 17 
18:21:58 13.30 0.00050160 -88.17469024 -99.00 -99.00 0.00 527.00 519.00 517.00 527.00 38.84 1002.93 45.18 1 0 50 17 
18:21:59 13.51 30.69162559 -88.17469024 -99.00 -99.00 0.00 527.00 520.00 517.00 527.00 38.83 1002.94 45.03 1 0 0 17 
18:21:59 13.71 30.69162559 -88.17469024 -99.00 -99.00 0.00 527.00 519.00 517.00 527.00 38.83 1002.92 44.93 1 0 0 17 
18:21:59 13.91 30.69162559 -88.17469024 -99.00 -99.00 0.00 527.00 519.00 517.00 527.00 38.83 1002.90 44.76 1 0 0 17 
18:21:59 14.11 30.69162559 -88.17469024 -99.00 -99.00 0.00 527.00 519.00 517.00 526.00 38.85 1002.90 44.63 1 0 0 17 
18:21:59 14.31 30.69162559 -88.17469024 -99.00 -99.00 0.00 527.00 520.00 517.00 526.00 38.89 1002.90 44.63 1 0 0 17 
18:22:0 14.51 30.69162940 -88.17469024 -99.00 -99.00 0.00 527.00 519.00 517.00 527.00 38.94 1002.95 44.80 1 0 50 17 
18:22:0 14.71 30.69162940 -88.17469024 -99.00 -99.00 0.00 527.00 519.00 517.00 527.00 38.98 1002.91 44.83 1 0 50 17 
18:22:0 14.91 30.69162940 -88.17469024 -99.00 -99.00 0.00 527.00 519.00 517.00 526.00 39.01 1002.91 44.88 1 0 50 17 
18:22:0 15.11 30.69162940 -88.17469024 -99.00 -99.00 0.00 527.00 520.00 517.00 527.00 39.03 1002.94 44.92 1 0 50 17 
18:22:0 15.31 30.69162940 -88.17469024 -99.00 -99.00 0.00 527.00 519.00 517.00 527.00 39.05 1002.93 44.87 1 0 50 17 
18:22:0 15.52 30.69163322 -88.17467498 -99.00 -99.00 0.00 527.00 519.00 517.00 527.00 39.08 1002.93 44.71 1 0 50 17 
18:22:0 15.72 30.69163322 -88.17467498 -99.00 -99.00 0.00 527.00 520.00 517.00 527.00 39.09 1002.89 44.76 1 0 50 17 
18:22:0 15.92 30.69163322 -88.17467498 -99.00 -99.00 0.00 527.00 519.00 517.00 527.00 39.11 1002.91 44.90 1 0 50 17 
18:22:0 16.12 30.69163322 -88.17467498 -99.00 -99.00 0.00 527.00 519.00 517.00 527.00 39.13 1002.89 44.98 1 0 50 17 
18:22:0 16.32 30.69163322 -88.17467498 -99.00 -99.00 0.00 527.00 519.00 517.00 527.00 39.13 1002.88 44.79 1 0 50 17 
18:22:2 16.53 30.69163894 -88.17467498 -99.00 -99.00 0.00 527.00 519.00 517.00 526.00 39.13 1002.88 44.55 1 0 50 17 
18:22:3 16.73 30.69163894 -88.17467498 -99.00 -99.00 0.00 527.00 520.00 517.00 527.00 39.13 1002.87 44.41 1 0 50 17 
18:22:3 16.93 30.69163894 -88.17467498 -99.00 -99.00 0.00 527.00 520.00 517.00 527.00 39.14 1002.87 44.25 1 0 50 17 
18:22:3 17.13 30.69163894 -88.17467498 -99.00 -99.00 0.00 527.00 520.00 517.00 527.00 39.15 1002.89 44.17 1 0 50 17 
18:22:3 17.33 30.69163894 -88.17467498 -99.00 -99.00 0.00 527.00 520.00 517.00 527.00 39.15 1002.93 43.97 1 0 50 17 
18:22:4 17.53 30.69163894 -88.17467498 -99.00 -99.00 41.10 527.00 519.00 516.00 527.00 39.14 1002.89 43.82 1 0 50 17 
18:22:4 17.73 30.69163894 -88.17467498 -99.00 -99.00 41.10 527.00 519.00 517.00 527.00 39.15 1002.89 43.82 1 0 50 17 
18:22:4 17.93 30.69163894 -88.17467498 -99.00 -99.00 41.10 527.00 519.00 517.00 527.00 39.17 1002.88 43.96 1 0 50 17 
18:22:4 18.13 30.69163894 -88.17467498 -99.00 -99.00 41.10 527.00 519.00 517.00 527.00 39.18 1002.90 44.10 1 0 50 17 
18:22:4 18.34 30.69163894 -88.17467498 -99.00 -99.00 41.10 527.00 519.00 517.00 527.00 39.21 1002.90 44.35 1 0 50 17 
18:22:4 18.54 30.69163894 -88.17467498 -99.00 -99.00 41.20 527.00 520.00 517.00 526.00 39.23 1002.91 44.60 1 0 50 17 
18:22:4 18.74 30.69163894 -88.17467498 -99.00 -99.00 41.20 527.00 519.00 517.00 527.00 39.25 1002.88 44.61 1 0 50 17 
18:22:4 18.94 30.69163894 -88.17467498 -99.00 -99.00 41.20 527.00 519.00 517.00 527.00 39.27 1002.90 44.49 1 0 50 17 
18:22:4 19.14 30.69163894 -88.17467498 -99.00 -99.00 41.20 527.00 520.00 517.00 527.00 39.28 1002.87 44.35 1 0 50 17 
18:22:4 19.34 30.69163894 -88.17467498 -99.00 -99.00 41.20 527.00 520.00 517.00 527.00 39.28 1002.90 44.24 1 0 50 17 
18:22:6 19.54 30.69163894 -88.17465972 -99.00 -99.00 41.20 527.00 520.00 517.00 527.00 39.27 1002.88 44.14 1 0 50 17 
18:22:6 19.75 30.69163894 -88.17465972 -99.00 -99.00 41.20 527.00 520.00 517.00 527.00 39.26 1002.85 44.07 1 0 50 17 
18:22:6 19.95 30.69163894 -88.17465972 -99.00 -99.00 41.20 527.00 520.00 517.00 527.00 39.28 1002.85 43.94 1 0 50 17 
18:22:6 20.15 30.69163894 -88.17465972 -99.00 -99.00 41.20 527.00 519.00 517.00 527.00 39.30 1002.89 43.75 1 0 50 17 
18:22:6 20.35 30.69163894 -88.17465972 -99.00 -99.00 41.20 527.00 519.00 517.00 527.00 39.31 1002.88 43.55 1 0 50 17 
18:22:7 20.55 30.69163894 -88.17465972 -99.00 -99.00 41.20 527.00 519.00 517.00 527.00 39.33 1002.89 43.42 1 0 50 17 
18:22:7 20.75 30.69163894 -88.17465972 -99.00 -99.00 41.20 527.00 520.00 517.00 527.00 39.34 1002.91 43.35 1 0 50 17 
18:22:7 20.95 30.69163894 -88.17465972 -99.00 -99.00 41.20 527.00 519.00 517.00 527.00 39.35 1002.81 43.28 1 0 50 17 
18:22:7 21.15 30.69163894 -88.17465972 -99.00 -99.00 41.20 527.00 519.00 517.00 527.00 39.37 1002.87 43.18 1 0 50 17 
18:22:7 21.35 30.69163894 -88.17465972 -99.00 -99.00 41.20 527.00 520.00 517.00 527.00 39.38 1002.92 43.14 1 0 50 17 
18:22:8 21.55 30.69163894 -88.17465972 -99.00 -99.00 41.20 527.00 519.00 517.00 527.00 39.39 1002.89 43.11 1 0 50 17 
18:22:8 21.75 30.69163894 -88.17465972 -99.00 -99.00 41.20 527.00 519.00 517.00 527.00 39.40 1002.89 43.15 1 0 50 17 
18:22:8 21.96 30.69163894 -88.17465972 -99.00 -99.00 41.20 527.00 519.00 517.00 527.00 39.41 1002.88 43.19 1 0 50 17 
18:22:8 22.16 30.69163894 -88.17465972 -99.00 -99.00 41.20 527.00 519.00 517.00 527.00 39.42 1002.90 43.21 1 0 50 17 
18:22:8 22.36 30.69163894 -88.17465972 -99.00 -99.00 41.20 527.00 519.00 517.00 527.00 39.43 1002.87 43.22 1 0 50 17 
18:22:8 22.56 30.69163894 -88.17465972 -99.00 -99.00 41.20 527.00 519.00 517.00 527.00 39.46 1002.91 43.38 1 0 50 17 
18:22:8 22.76 30.69163894 -88.17465972 -99.00 -99.00 41.20 527.00 519.00 517.00 527.00 39.47 1002.90 43.47 1 0 50 17 
18:22:8 22.96 30.69163894 -88.17465972 -99.00 -99.00 41.20 527.00 520.00 517.00 527.00 39.48 1002.90 43.50 1 0 50 17 
18:22:8 23.16 30.69163894 -88.17465972 -99.00 -99.00 41.20 527.00 519.00 517.00 527.00 39.50 1002.94 43.53 1 0 50 17 
18:22:8 23.36 30.69163894 -88.17465972 -99.00 -99.00 41.20 527.00 520.00 517.00 527.00 39.50 1002.94 43.46 1 0 50 17 
18:22:10 23.56 30.69163894 -88.17465972 -99.00 -99.00 41.10 527.00 520.00 517.00 527.00 39.47 1002.93 43.40 1 0 50 17 
18:22:10 23.77 30.69163894 -88.17465972 -99.00 -99.00 41.10 527.00 519.00 517.00 527.00 39.44 1002.89 43.38 1 0 50 17 
18:22:10 23.97 30.69163894 -88.17465972 -99.00 -99.00 41.10 527.00 520.00 517.00 527.00 39.45 1002.97 43.48 1 0 50 17 
18:22:10 24.17 30.69163894 -88.17465972 -99.00 -99.00 41.10 527.00 519.00 517.00 527.00 39.46 1002.93 43.61 1 0 50 17 
18:22:10 24.37 30.69163894 -88.17465972 -99.00 -99.00 41.10 527.00 519.00 517.00 527.00 39.48 1002.91 43.71 1 0 50 17 
18:22:11 24.57 30.69163894 -88.17465972 -99.00 -99.00 41.10 527.00 520.00 517.00 527.00 39.48 1002.94 43.75 1 0 50 17 
18:22:11 24.77 30.69163894 -88.17465972 -99.00 -99.00 41.10 527.00 520.00 517.00 527.00 39.45 1002.94 43.78 1 0 50 17 
18:22:11 24.97 30.69163894 -88.17465972 -99.00 -99.00 41.10 527.00 519.00 517.00 527.00 39.43 1002.98 43.87 1 0 50 17 
18:22:11 25.17 30.69163894 -88.17465972 -99.00 -99.00 41.10 527.00 520.00 517.00 527.00 39.43 1002.95 43.96 1 0 50 17 
18:22:11 25.37 30.69163894 -88.17465972 -99.00 -99.00 41.10 527.00 520.00 517.00 527.00 39.43 1002.99 44.08 1 0 50 17 
18:22:12 25.58 30.69164276 -88.17465972 -99.00 -99.00 41.10 527.00 519.00 517.00 527.00 39.43 1002.97 44.17 1 0 50 17 
18:22:12 25.78 30.69164276 -88.17465972 -99.00 -99.00 41.10 527.00 519.00 517.00 527.00 39.43 1002.94 44.21 1 0 50 17 
18:22:12 25.98 30.69164276 -88.17465972 -99.00 -99.00 41.10 527.00 520.00 517.00 527.00 39.42 1002.94 44.22 1 0 50 17 
18:22:12 26.18 30.69164276 -88.17465972 -99.00 -99.00 41.10 527.00 520.00 517.00 527.00 39.43 1002.95 44.31 1 0 50 17 
18:22:12 26.38 30.69164276 -88.17465972 -99.00 -99.00 41.10 527.00 519.00 516.00 527.00 39.45 1002.90 44.33 1 0 50 17 
18:22:12 26.58 30.69164276 -88.17465972 -99.00 -99.00 41.10 527.00 520.00 517.00 527.00 39.44 1002.97 44.30 1 0 50 17 
18:22:12 26.78 30.69164276 -88.17465972 -99.00 -99.00 41.10 527.00 519.00 517.00 527.00 39.42 1002.97 44.34 1 0 50 17 
18:22:12 26.98 30.69164276 -88.17465972 -99.00 -99.00 41.10 527.00 520.00 517.00 527.00 39.44 1002.97 44.40 1 0 50 17 
18:22:12 27.18 30.69164276 -88.17465972 -99.00 -99.00 41.10 527.00 520.00 517.00 527.00 39.46 1002.93 44.43 1 0 50 17 
18:22:12 27.39 30.69164276 -88.17465972 -99.00 -99.00 41.10 527.00 519.00 517.00 527.00 39.45 1002.97 44.37 1 0 50 17 
18:22:14 27.59 30.69164276 -88.17464447 -99.00 -99.00 41.10 527.00 520.00 517.00 527.00 39.42 1002.98 44.33 1 5 4 17 
18:22:14 27.79 30.69164276 -88.17464447 -99.00 -99.00 41.10 527.00 520.00 517.00 527.00 39.40 1002.88 44.26 1 5 4 17 
18:22:14 27.99 30.69164276 -88.17464447 -99.00 -99.00 41.10 527.00 519.00 517.00 527.00 39.37 1003.01 44.14 1 5 4 17 
18:22:14 28.19 30.69164276 -88.17464447 -99.00 -99.00 41.10 527.00 519.00 517.00 527.00 39.34 1003.00 44.06 1 5 4 17 
18:22:14 28.39 30.69164276 -88.17464447 -99.00 -99.00 41.10 527.00 520.00 517.00 527.00 39.33 1002.93 44.07 1 5 4 17 
18:22:15 28.59 30.69164276 -88.17464447 -99.00 -99.00 41.10 527.00 520.00 517.00 527.00 39.31 1002.94 44.09 1 5 4 17 
18:22:15 28.79 30.69164276 -88.17464447 -99.00 -99.00 41.10 527.00 520.00 516.00 527.00 39.28 1002.97 44.19 1 5 4 17 
18:22:15 29.00 30.69164276 -88.17464447 -99.00 -99.00 41.10 527.00 519.00 517.00 526.00 39.30 1002.97 44.39 1 5 4 17 
18:22:15 29.20 30.69164276 -88.17464447 -99.00 -99.00 41.10 527.00 520.00 517.00 527.00 39.32 1002.93 44.45 1 5 4 17 
18:22:15 29.40 30.69164276 -88.17464447 -99.00 -99.00 41.10 527.00 520.00 517.00 527.00 39.35 1002.96 44.42 1 5 4 17 
18:22:16 29.60 30.69164276 -88.17465972 -99.00 -99.00 41.10 527.00 519.00 517.00 527.00 39.37 1002.95 44.32 1 0 50 17 
18:22:16 29.80 30.69164276 -88.17465972 -99.00 -99.00 41.10 528.00 520.00 517.00 527.00 39.39 1002.91 44.19 1 0 50 17 
18:22:16 30.00 30.69164276 -88.17465972 -99.00 -99.00 41.10 527.00 520.00 517.00 527.00 39.38 1002.95 43.92 1 0 50 17 
18:22:16 30.23 30.69164276 -88.17465972 -99.00 -99.00 41.10 527.00 520.00 517.00 527.00 39.35 1002.92 43.64 1 0 50 17 
18:22:16 30.44 30.69164276 -88.17465972 -99.00 -99.00 41.10 528.00 519.00 517.00 526.00 39.29 1002.87 43.38 1 0 50 17 
18:22:16 30.64 30.69164276 -88.17465972 -99.00 -99.00 41.10 527.00 520.00 517.00 527.00 39.28 1002.88 43.33 1 0 50 17 
18:22:16 30.84 30.69164276 -88.17465972 -99.00 -99.00 41.10 527.00 519.00 517.00 526.00 39.26 1002.91 43.15 1 0 50 17 
18:22:16 31.04 30.69164276 -88.17465972 -99.00 -99.00 41.10 527.00 519.00 517.00 527.00 39.22 1002.90 42.98 1 0 50 17 
18:22:16 31.24 30.69164276 -88.17465972 -99.00 -99.00 41.10 527.00 519.00 517.00 527.00 39.24 1002.88 42.94 1 0 50 17 
18:22:16 31.44 30.69164276 -88.17465972 -99.00 -99.00 41.10 527.00 519.00 517.00 527.00 39.29 1002.86 42.83 1 0 50 17 
18:22:16 31.64 30.69164276 -88.17465972 -99.00 -99.00 41.10 527.00 519.00 517.00 527.00 39.30 1002.85 42.83 1 0 50 17 
18:22:16 31.84 30.69164276 -88.17465972 -99.00 -99.00 41.10 527.00 520.00 517.00 527.00 39.32 1002.88 42.75 1 0 50 17 
18:22:16 32.04 30.69164276 -88.17465972 -99.00 -99.00 41.10 527.00 519.00 517.00 527.00 39.35 1002.85 42.68 1 0 50 17 
18:22:16 32.25 30.69164276 -88.17465972 -99.00 -99.00 41.10 527.00 520.00 517.00 527.00 39.38 1002.90 42.70 1 0 50 17 
18:22:16 32.45 30.69164276 -88.17465972 -99.00 -99.00 41.10 527.00 520.00 517.00 527.00 39.42 1002.88 42.81 1 0 50 17 
18:22:16 32.65 30.69164657 -88.17465972 -99.00 -99.00 41.10 527.00 520.00 517.00 527.00 39.45 1002.88 43.03 1 0 50 17 
18:22:19 32.85 30.69165039 -88.17465972 -99.00 -99.00 41.10 527.00 520.00 517.00 527.00 39.46 1002.90 43.12 1 0 50 17 
18:22:19 33.05 30.69165039 -88.17465972 -99.00 -99.00 41.10 527.00 520.00 517.00 527.00 39.47 1002.86 43.11 1 0 50 17 
18:22:19 33.25 30.69165039 -88.17465972 -99.00 -99.00 41.10 527.00 519.00 517.00 527.00 39.47 1002.83 43.16 1 0 50 17 
18:22:19 33.45 30.69165039 -88.17465972 -99.00 -99.00 41.10 527.00 519.00 517.00 527.00 39.49 1002.85 43.23 1 0 50 17 
18:22:20 33.65 30.69165039 -88.17467498 -99.00 -99.00 41.10 527.00 520.00 517.00 527.00 39.52 1002.86 43.30 1 0 50 17 
18:22:20 33.86 30.69165039 -88.17467498 -99.00 -99.00 41.10 527.00 519.00 517.00 527.00 39.55 1002.87 43.44 1 0 50 17 
18:22:20 34.06 30.69165039 -88.17467498 -99.00 -99.00 41.10 527.00 520.00 517.00 527.00 39.57 1002.82 43.48 1 0 50 17 
18:22:20 34.26 30.69165039 -88.17467498 -99.00 -99.00 41.10 527.00 520.00 517.00 527.00 39.57 1002.88 43.41 1 0 50 17 
18:22:20 34.46 30.69165039 -88.17467498 -99.00 -99.00 41.10 527.00 519.00 517.00 527.00 39.58 1002.87 43.25 1 0 50 17 
18:22:20 34.66 30.69165039 -88.17467498 -99.00 -99.00 41.10 527.00 520.00 516.00 527.00 39.58 1002.88 43.26 1 0 50 17 
18:22:20 34.86 30.69165039 -88.17467498 -99.00 -99.00 41.10 527.00 519.00 517.00 527.00 39.56 1002.90 43.27 1 0 50 17 
18:22:20 35.06 30.69165039 -88.17467498 -99.00 -99.00 41.10 527.00 520.00 517.00 527.00 39.53 1002.91 43.28 1 0 50 17 
18:22:20 35.26 30.69165039 -88.17467498 -99.00 -99.00 41.10 527.00 520.00 517.00 527.00 39.52 1002.85 43.32 1 0 50 17 
18:22:20 35.46 30.69165039 -88.17467498 -99.00 -99.00 41.10 527.00 520.00 517.00 527.00 39.52 1002.85 43.46 1 0 50 17 
18:22:22 35.66 30.69165039 -88.17467498 -99.00 -99.00 41.10 527.00 519.00 517.00 527.00 39.51 1002.89 43.55 1 0 50 17 
18:22:22 35.87 30.69165039 -88.17467498 -99.00 -99.00 41.10 527.00 519.00 517.00 527.00 39.49 1002.92 43.55 1 0 50 17 
18:22:22 36.07 30.69165039 -88.17467498 -99.00 -99.00 41.10 527.00 519.00 517.00 527.00 39.47 1002.88 43.49 1 0 50 17 
18:22:22 36.27 30.69165039 -88.17467498 -99.00 -99.00 41.10 527.00 520.00 517.00 527.00 39.43 1002.94 43.37 1 0 50 17 
18:22:22 36.47 30.69165039 -88.17467498 -99.00 -99.00 41.10 527.00 520.00 517.00 527.00 39.39 1002.98 43.58 1 0 50 17 
18:22:22 36.67 30.69165039 -88.17467498 -99.00 -99.00 41.10 527.00 520.00 517.00 527.00 39.39 1002.94 43.69 1 0 50 17 
18:22:22 36.87 30.69165039 -88.17467498 -99.00 -99.00 41.10 527.00 519.00 517.00 527.00 39.41 1002.95 43.85 1 0 50 17 
18:22:22 37.07 30.69165039 -88.17467498 -99.00 -99.00 41.10 527.00 520.00 517.00 527.00 39.45 1002.95 43.88 1 0 50 17 
18:22:22 37.27 30.69165039 -88.17467498 -99.00 -99.00 41.10 527.00 520.00 517.00 527.00 39.47 1002.94 43.86 1 0 50 17 
18:22:22 37.47 30.69165039 -88.17467498 -99.00 -99.00 41.10 527.00 519.00 517.00 527.00 39.50 1002.93 43.82 1 0 50 17 
18:22:24 37.68 30.69165039 -88.17467498 -99.00 -99.00 41.10 527.00 520.00 517.00 527.00 39.53 1002.92 43.82 1 0 50 17 
18:22:24 37.88 30.69165039 -88.17467498 -99.00 -99.00 41.10 527.00 520.00 517.00 527.00 39.55 1002.93 43.87 1 0 50 17 
18:22:24 38.08 30.69165039 -88.17467498 -99.00 -99.00 41.10 527.00 520.00 516.00 527.00 39.58 1002.93 43.86 1 0 50 17 
18:22:24 38.28 30.69165039 -88.17467498 -99.00 -99.00 41.10 527.00 520.00 517.00 527.00 39.58 1002.94 43.80 1 0 50 17 
18:22:24 38.48 30.69165039 -88.17467498 -99.00 -99.00 41.10 527.00 520.00 517.00 527.00 39.56 1002.95 43.66 1 0 50 17 
18:22:24 38.68 30.69165039 -88.17467498 -99.00 -99.00 41.00 527.00 519.00 517.00 527.00 39.52 1002.96 43.55 1 5 4 17 
18:22:24 38.88 30.69165039 -88.17467498 -99.00 -99.00 41.00 527.00 519.00 517.00 527.00 39.51 1002.99 43.55 1 5 4 17 
18:22:24 39.08 30.69165039 -88.17467498 -99.00 -99.00 41.00 527.00 520.00 517.00 527.00 39.52 1002.96 43.55 1 5 4 17 
18:22:24 39.28 30.69165039 -88.17467498 -99.00 -99.00 41.00 528.00 520.00 517.00 527.00 39.55 1002.97 43.63 1 5 4 17 
18:22:24 39.49 30.69165039 -88.17467498 -99.00 -99.00 41.00 527.00 519.00 517.00 527.00 39.59 1002.95 43.54 1 5 4 17 
18:22:26 39.69 30.69165039 -88.17467498 -99.00 -99.00 41.00 528.00 519.00 517.00 527.00 39.63 1003.00 43.50 1 5 4 17 
18:22:26 39.89 30.69165039 -88.17467498 -99.00 -99.00 41.00 527.00 520.00 517.00 527.00 39.66 1002.97 43.58 1 0 50 17 
18:22:26 40.09 30.69165039 -88.17467498 -99.00 -99.00 41.00 527.00 520.00 517.00 527.00 39.66 1002.94 43.60 1 0 50 17 
18:22:26 40.29 30.69165039 -88.17467498 -99.00 -99.00 41.00 527.00 520.00 517.00 527.00 39.65 1003.02 43.78 1 0 50 17 
18:22:26 40.49 30.69165039 -88.17467498 -99.00 -99.00 41.00 527.00 519.00 517.00 527.00 39.67 1003.03 44.03 1 0 50 17 
18:22:26 40.69 30.69165039 -88.17467498 -99.00 -99.00 41.00 527.00 519.00 517.00 527.00 39.68 1003.03 44.15 1 0 50 17 
18:22:26 40.89 30.69165039 -88.17467498 -99.00 -99.00 41.00 527.00 519.00 517.00 527.00 39.71 1002.99 44.29 1 0 50 17 
18:22:26 41.09 30.69165039 -88.17467498 -99.00 -99.00 41.00 527.00 519.00 517.00 527.00 39.74 1002.99 44.46 1 0 50 17 
18:22:26 41.29 30.69165039 -88.17467498 -99.00 -99.00 41.00 527.00 519.00 517.00 527.00 39.77 1003.00 44.54 1 0 50 17 
18:22:26 41.50 30.69165039 -88.17467498 -99.00 -99.00 41.00 527.00 520.00 517.00 527.00 39.78 1002.95 44.60 1 0 50 17 
18:22:28 41.70 30.69165039 -88.17467498 -99.00 -99.00 41.10 527.00 519.00 517.00 527.00 39.79 1002.96 44.68 1 0 50 17 
18:22:28 41.90 30.69165039 -88.17467498 -99.00 -99.00 41.10 527.00 519.00 517.00 527.00 39.80 1002.97 44.58 1 0 50 17 
18:22:28 42.10 30.69165039 -88.17467498 -99.00 -99.00 41.10 527.00 520.00 517.00 526.00 39.78 1002.95 44.60 1 0 50 17 
18:22:28 42.30 30.69165039 -88.17467498 -99.00 -99.00 41.10 528.00 520.00 517.00 527.00 39.77 1002.98 44.58 1 0 50 17 
18:22:28 42.50 30.69165039 -88.17467498 -99.00 -99.00 41.10 527.00 520.00 517.00 527.00 39.69 1003.03 44.17 1 0 50 17 
18:22:28 42.70 30.69165039 -88.17467498 -99.00 -99.00 41.10 527.00 520.00 517.00 526.00 39.67 1002.94 44.16 1 0 50 17 
18:22:28 42.90 30.69165039 -88.17467498 -99.00 -99.00 41.10 527.00 520.00 517.00 527.00 39.66 1002.96 43.97 1 0 50 17 
18:22:28 43.11 30.69165039 -88.17467498 -99.00 -99.00 41.10 527.00 520.00 517.00 527.00 39.66 1002.94 43.83 1 0 50 17 
18:22:28 43.31 30.69165039 -88.17467498 -99.00 -99.00 41.10 527.00 520.00 517.00 527.00 39.63 1002.97 43.71 1 0 50 17 
18:22:28 43.51 30.69165039 -88.17467498 -99.00 -99.00 41.10 527.00 520.00 517.00 527.00 39.56 1002.96 43.59 1 0 50 17 
18:22:28 43.71 30.69165039 -88.17467498 -99.00 -99.00 41.10 527.00 519.00 517.00 527.00 39.54 1002.94 43.61 1 0 50 17 
18:22:28 43.91 30.69165039 -88.17467498 -99.00 -99.00 41.10 527.00 519.00 517.00 527.00 39.52 1002.98 43.69 1 0 50 17 
18:22:28 44.11 30.69165039 -88.17467498 -99.00 -99.00 41.10 527.00 520.00 517.00 527.00 39.54 1002.94 43.75 1 0 50 17 
18:22:28 44.31 30.69165039 -88.17467498 -99.00 -99.00 41.10 527.00 519.00 517.00 527.00 39.57 1002.94 43.77 1 0 50 17 
18:22:28 44.51 30.69165039 -88.17467498 -99.00 -99.00 41.10 527.00 519.00 517.00 527.00 39.60 1002.92 43.56 1 0 50 17 
18:22:28 44.72 30.69165039 -88.17467498 -99.00 -99.00 41.10 527.00 520.00 517.00 527.00 39.60 1002.94 43.56 1 0 50 17 
18:22:28 44.92 30.69165039 -88.17467498 -99.00 -99.00 41.10 527.00 520.00 517.00 527.00 39.60 1002.93 43.44 1 0 50 17 
18:22:28 45.12 30.69165039 -88.17467498 -99.00 -99.00 41.10 527.00 520.00 517.00 527.00 39.61 1002.95 43.34 1 0 50 17 
18:22:28 45.32 30.69165039 -88.17467498 -99.00 -99.00 41.10 527.00 519.00 517.00 527.00 39.64 1002.92 43.26 1 0 50 17 
18:22:28 45.52 30.69165039 -88.17467498 -99.00 -99.00 41.10 527.00 520.00 517.00 527.00 39.69 1002.95 43.21 1 0 50 17 
18:22:28 45.72 30.69165039 -88.17467498 -99.00 -99.00 41.10 527.00 520.00 517.00 527.00 39.70 1002.96 43.21 1 0 50 17 
18:22:28 45.92 30.69165039 -88.17467498 -99.00 -99.00 41.10 527.00 519.00 517.00 527.00 39.71 1002.94 43.20 1 0 50 17 
18:22:28 46.12 30.69165039 -88.17467498 -99.00 -99.00 41.10 527.00 519.00 517.00 527.00 39.71 1002.96 43.26 1 0 50 17 
18:22:28 46.32 30.69165039 -88.17467498 -99.00 -99.00 41.10 527.00 519.00 517.00 527.00 39.69 1002.96 43.22 1 0 50 17 
18:22:28 46.53 30.69165039 -88.17467498 -99.00 -99.00 41.10 527.00 520.00 517.00 527.00 39.66 1002.97 43.30 1 0 50 17 
18:22:28 46.73 30.69165039 -88.17467498 -99.00 -99.00 41.10 527.00 519.00 517.00 527.00 39.66 1002.94 43.39 1 0 50 17 
18:22:28 46.93 30.69165039 -88.17467498 -99.00 -99.00 41.10 527.00 519.00 517.00 527.00 39.65 1002.95 43.40 1 0 50 17 
18:22:28 47.13 30.69165039 -88.17467498 -99.00 -99.00 41.10 527.00 519.00 517.00 526.00 39.64 1002.96 43.36 1 0 50 17 
18:22:28 47.33 30.69165039 -88.17467498 -99.00 -99.00 41.10 527.00 519.00 517.00 527.00 39.61 1002.93 43.31 1 0 50 17 
18:22:28 47.53 30.69165039 -88.17467498 -99.00 -99.00 41.10 527.00 520.00 517.00 527.00 39.55 1002.87 43.19 1 0 50 17 
18:22:28 47.73 30.69165039 -88.17467498 -99.00 -99.00 41.10 527.00 519.00 517.00 527.00 39.55 1002.96 43.15 1 0 50 17 
18:22:28 47.93 30.69165039 -88.17467498 -99.00 -99.00 41.10 527.00 520.00 517.00 527.00 39.56 1002.93 43.11 1 0 50 17 
18:22:28 48.13 30.69165039 -88.17467498 -99.00 -99.00 41.10 527.00 520.00 516.00 527.00 39.60 1002.93 43.14 1 0 50 17 
18:22:28 48.34 30.69165039 -88.17467498 -99.00 -99.00 41.10 527.00 519.00 517.00 526.00 39.64 1002.96 43.15 1 0 50 17 
18:22:28 48.54 30.69165039 -88.17467498 -99.00 -99.00 41.10 527.00 519.00 517.00 527.00 39.62 1003.00 43.03 1 0 50 17 
18:22:35 48.74 30.69165039 -88.17467498 -99.00 -99.00 41.10 527.00 519.00 517.00 527.00 39.60 1002.90 42.99 1 0 50 17 
18:22:35 48.94 30.69165039 -88.17467498 -99.00 -99.00 41.10 527.00 519.00 517.00 527.00 39.54 1002.95 42.79 1 0 50 17 
18:22:35 49.14 30.69165039 -88.17467498 -99.00 -99.00 41.10 527.00 520.00 517.00 527.00 39.51 1002.96 42.66 1 0 50 17 
18:22:35 49.34 30.69165039 -88.17467498 -99.00 -99.00 41.10 527.00 520.00 517.00 527.00 39.50 1002.97 42.60 1 0 50 17 
18:22:35 49.54 30.69165039 -88.17467498 -99.00 -99.00 41.10 527.00 519.00 517.00 527.00 39.49 1002.97 42.65 1 0 50 17 
18:22:35 49.74 30.69165039 -88.17467498 -99.00 -99.00 41.10 527.00 520.00 517.00 527.00 39.50 1002.97 42.71 1 0 50 17 
18:22:35 49.94 30.69165039 -88.17467498 -99.00 -99.00 41.10 527.00 520.00 517.00 527.00 39.52 1003.00 42.74 1 0 50 17 
18:22:35 50.15 30.69165039 -88.17467498 -99.00 -99.00 41.10 527.00 519.00 516.00 527.00 39.55 1002.97 42.79 1 0 50 17 
18:22:35 50.35 30.69165039 -88.17467498 -99.00 -99.00 41.10 527.00 519.00 517.00 527.00 39.55 1002.96 42.85 1 0 50 17 
18:22:35 50.55 30.69165039 -88.17467498 -99.00 -99.00 41.10 527.00 519.00 517.00 527.00 39.55 1003.00 42.97 1 0 50 17 
18:22:35 50.75 0.00000000 -125.81666564 -99.00 -99.00 0.00 528.00 520.00 517.00 527.00 39.56 1002.99 43.00 1 0 50 17 
18:22:35 50.95 0.00000000 -125.81666564 -99.00 -99.00 0.00 527.00 520.00 517.00 527.00 39.61 1002.93 43.02 1 0 50 17 
18:22:35 51.15 0.00000000 -125.81666564 -99.00 -99.00 0.00 527.00 520.00 516.00 527.00 39.62 1002.95 43.05 1 0 50 17 
18:22:35 51.35 0.00000000 -125.81666564 -99.00 -99.00 0.00 527.00 519.00 517.00 527.00 39.64 1002.98 43.13 1 0 50 17 
18:22:35 51.55 0.00000000 -125.81666564 -99.00 -99.00 0.00 527.00 519.00 516.00 527.00 39.62 1003.04 43.11 1 0 50 17 
18:22:36 51.76 0.00050160 -125.81666564 -99.00 -99.00 0.00 527.00 520.00 517.00 527.00 39.62 1003.02 43.13 1 0 50 17 
18:22:36 51.96 0.00050160 -125.81666564 -99.00 -99.00 0.00 527.00 519.00 517.00 526.00 39.64 1003.02 43.17 1 0 50 17 
18:22:36 52.16 0.00050160 -125.81666564 -99.00 -99.00 0.00 527.00 520.00 517.00 527.00 39.65 1003.01 43.22 1 0 50 17 
18:22:36 52.36 0.00050160 -125.81666564 -99.00 -99.00 0.00 527.00 519.00 517.00 527.00 39.65 1003.03 43.31 1 0 50 17 
18:22:36 52.56 0.00050160 -125.81666564 -99.00 -99.00 0.00 527.00 520.00 517.00 527.00 39.66 1003.05 43.17 1 0 50 17 
18:22:38 52.76 18.00038337 -0.00146660 -99.00 -99.00 0.00 527.00 519.00 517.00 527.00 39.65 1003.02 43.16 1 0 50 17 
18:22:38 52.96 18.00038337 -0.00146660 -99.00 -99.00 0.00 527.00 519.00 517.00 527.00 39.65 1003.02 43.20 1 0 50 17 
18:22:38 53.16 18.00038337 -0.00146660 -99.00 -99.00 0.00 527.00 519.00 517.00 527.00 39.67 1002.99 43.35 1 0 50 17 
18:22:38 53.36 18.00038337 -0.00146660 -99.00 -99.00 0.00 527.00 519.00 517.00 527.00 39.69 1002.99 43.48 1 0 50 17 
18:22:38 53.56 18.00038337 -0.00146660 -99.00 -99.00 0.00 527.00 520.00 517.00 527.00 39.66 1003.01 43.45 1 0 50 17 
18:22:38 53.77 18.00038337 -0.00146660 -99.00 -99.00 0.00 528.00 519.00 517.00 527.00 39.65 1003.00 43.40 1 0 50 17 
18:22:38 53.97 18.00038337 -0.00146660 -99.00 -99.00 0.00 527.00 520.00 516.00 527.00 39.58 1002.96 43.36 1 0 50 17 
18:22:38 54.17 18.00038337 -0.00146660 -99.00 -99.00 0.00 527.00 519.00 517.00 527.00 39.55 1003.01 43.39 1 0 50 17 
18:22:38 54.37 18.00038337 -0.00146660 -99.00 -99.00 0.00 527.00 519.00 517.00 527.00 39.53 1002.98 43.38 1 0 50 17 
18:22:38 54.57 18.00038337 -0.00146660 -99.00 -99.00 0.00 527.00 519.00 517.00 527.00 39.53 1003.01 43.29 1 0 50 17 
18:22:39 54.77 18.00036621 -0.00146660 -99.00 -99.00 0.00 527.00 520.00 517.00 527.00 39.53 1002.99 43.28 1 0 50 17 
18:22:39 54.97 18.00036621 -0.00146660 -99.00 -99.00 0.00 527.00 520.00 517.00 526.00 39.54 1002.95 43.21 1 0 50 17 
18:22:39 55.17 18.00036621 -0.00146660 -99.00 -99.00 0.00 527.00 519.00 517.00 527.00 39.55 1003.03 43.16 1 0 50 17 
18:22:39 55.38 18.00036621 -0.00146660 -99.00 -99.00 0.00 527.00 519.00 517.00 527.00 39.56 1002.97 43.15 1 0 50 17 
18:22:39 55.58 18.00036621 -0.00146660 -99.00 -99.00 0.00 527.00 519.00 517.00 527.00 39.58 1003.01 43.14 1 0 50 17 
0:0:0 55.78 18.00037002 -0.00146660 -99.00 -99.00 41.00 527.00 519.00 517.00 527.00 39.58 1002.99 43.11 1 0 50 17 
0:0:0 55.98 18.00037002 -0.00146660 -99.00 -99.00 41.00 527.00 519.00 516.00 527.00 39.59 1002.96 42.99 1 0 50 17 
0:0:0 56.18 18.00037002 -0.00146660 -99.00 -99.00 41.00 527.00 519.00 517.00 527.00 39.56 1002.94 42.86 1 0 50 17 
0:0:0 56.38 18.00037002 -0.00146660 -99.00 -99.00 41.00 527.00 519.00 516.00 527.00 39.52 1002.96 42.78 1 0 50 17 
0:0:0 56.58 18.00037002 -0.00146660 -99.00 -99.00 41.00 527.00 520.00 517.00 527.00 39.50 1002.97 42.78 1 0 50 17 
18:22:42 56.78 0.00050160 182.00003051 -99.00 -99.00 0.00 527.00 519.00 517.00 527.00 39.49 1002.94 42.76 1 0 50 17 
18:22:42 56.98 0.00050160 182.00003051 -99.00 -99.00 0.00 527.00 520.00 516.00 527.00 39.46 1002.95 42.76 1 0 50 17 
18:22:42 57.19 0.00050160 182.00003051 -99.00 -99.00 0.00 527.00 519.00 517.00 527.00 39.43 1002.97 42.75 1 0 50 17 
18:22:42 57.39 0.00050160 182.00003051 -99.00 -99.00 0.00 527.00 519.00 517.00 527.00 39.39 1002.94 42.77 1 0 50 17 
18:22:42 57.59 0.00050160 182.00003051 -99.00 -99.00 0.00 527.00 519.00 517.00 527.00 39.35 1002.98 42.79 1 0 50 17 
18:22:42 57.83 0.00050160 182.00003051 -99.00 -99.00 0.00 527.00 519.00 516.00 527.00 39.33 1002.90 42.81 1 0 50 17 
18:22:42 58.06 0.00050160 182.00003051 -99.00 -99.00 0.00 527.00 519.00 516.00 527.00 39.32 1002.94 42.85 1 0 50 17 
18:22:43 58.26 0.00050160 8.00000000 -99.00 -99.00 0.00 527.00 519.00 516.00 526.00 39.36 1002.97 43.00 1 0 50 17 
18:22:43 58.46 0.00050160 8.00000000 -99.00 -99.00 0.00 527.00 519.00 516.00 527.00 39.41 1002.98 43.15 1 0 50 17 
18:22:44 58.67 0.00050160 -88.17465972 -99.00 -99.00 0.00 527.00 519.00 517.00 527.00 39.47 1003.01 43.18 1 0 50 17 
18:22:44 58.87 30.69166183 -88.17465972 -99.00 -99.00 0.00 527.00 520.00 517.00 527.00 39.50 1002.95 43.12 1 5 4 17 
18:22:44 59.07 30.69166183 -88.17465972 -99.00 -99.00 0.00 527.00 519.00 516.00 526.00 39.54 1002.96 43.05 1 5 4 17 
18:22:44 59.27 30.69166183 -88.17465972 -99.00 -99.00 0.00 527.00 520.00 517.00 527.00 39.54 1002.98 43.04 1 5 4 17 
18:22:44 59.47 30.69166183 -88.17465972 -99.00 -99.00 0.00 527.00 519.00 517.00 527.00 39.54 1002.97 43.00 1 5 4 17 
18:22:46 59.67 30.69166183 -88.17465972 -99.00 -99.00 41.10 527.00 520.00 517.00 526.00 39.54 1003.02 42.86 1 5 4 17 
18:22:46 59.87 30.69166183 -88.17465972 -99.00 -99.00 41.10 527.00 519.00 517.00 526.00 39.55 1003.00 42.77 1 0 50 17 
18:22:46 60.08 30.69166183 -88.17465972 -99.00 -99.00 41.10 527.00 519.00 517.00 527.00 39.58 1002.96 42.67 1 0 50 17 
18:22:46 60.28 30.69166183 -88.17465972 -99.00 -99.00 41.10 527.00 519.00 517.00 526.00 39.61 1003.03 42.55 1 0 50 17 
18:22:46 60.48 30.69166183 -88.17465972 -99.00 -99.00 41.10 527.00 520.00 517.00 527.00 39.63 1002.99 42.50 1 0 50 17 
18:22:47 60.68 30.69166183 -88.17465972 -99.00 -99.00 41.10 528.00 519.00 517.00 527.00 39.69 1003.09 42.50 1 0 50 17 
18:22:47 60.88 30.69166183 -88.17465972 -99.00 -99.00 41.10 527.00 519.00 517.00 527.00 39.72 1003.03 42.52 1 0 50 17 
18:22:47 61.08 30.69166183 -88.17465972 -99.00 -99.00 41.10 527.00 519.00 517.00 527.00 39.75 1003.02 42.53 1 0 50 17 
18:22:47 61.28 30.69166183 -88.17465972 -99.00 -99.00 41.10 527.00 520.00 517.00 527.00 39.78 1003.00 42.54 1 0 50 17 
18:22:47 61.48 30.69166183 -88.17465972 -99.00 -99.00 41.10 527.00 519.00 517.00 526.00 39.79 1003.00 42.46 1 0 50 17 
18:22:48 61.69 30.69165802 -88.17467498 -99.00 -99.00 41.10 527.00 519.00 517.00 527.00 39.79 1003.02 42.43 1 0 50 17 
18:22:48 61.89 30.69165802 -88.17467498 -99.00 -99.00 41.10 527.00 519.00 516.00 527.00 39.80 1003.03 42.47 1 0 50 17 
18:22:48 62.09 30.69165802 -88.17467498 -99.00 -99.00 41.10 527.00 519.00 516.00 527.00 39.80 1003.05 42.49 1 0 50 17 
18:22:48 62.29 30.69165802 -88.17467498 -99.00 -99.00 41.10 527.00 519.00 517.00 526.00 39.81 1003.04 42.54 1 0 50 17 
18:22:48 62.49 30.69165802 -88.17467498 -99.00 -99.00 41.10 527.00 519.00 516.00 527.00 39.82 1003.04 42.50 1 0 50 17 
18:22:48 62.69 30.69165802 -88.17467498 -99.00 -99.00 41.10 527.00 519.00 516.00 527.00 39.84 1003.00 42.49 1 0 50 17 
18:22:48 62.89 30.69165802 -88.17467498 -99.00 -99.00 41.10 527.00 519.00 516.00 527.00 39.86 1003.00 42.45 1 0 50 17 
18:22:48 63.09 30.69165802 -88.17467498 -99.00 -99.00 41.10 527.00 519.00 516.00 526.00 39.87 1003.05 42.36 1 0 50 17 
18:22:48 63.29 30.69165802 -88.17467498 -99.00 -99.00 41.10 528.00 519.00 517.00 526.00 39.89 1003.06 42.29 1 0 50 17 
18:22:48 63.50 30.69165802 -88.17467498 -99.00 -99.00 41.10 527.00 519.00 517.00 527.00 39.91 1003.03 42.20 1 0 50 17 
18:22:48 63.70 30.69165802 -88.17467498 -99.00 -99.00 41.10 527.00 519.00 517.00 527.00 39.91 1003.05 42.20 1 0 50 17 
18:22:48 63.90 30.69165802 -88.17467498 -99.00 -99.00 41.10 527.00 519.00 517.00 527.00 39.94 1002.97 42.17 1 0 50 17 
18:22:48 64.10 30.69165802 -88.17467498 -99.00 -99.00 41.10 527.00 520.00 516.00 527.00 39.98 1003.03 42.09 1 0 50 17 
18:22:48 64.30 30.69165802 -88.17467498 -99.00 -99.00 41.10 527.00 519.00 517.00 527.00 39.99 1003.03 41.96 1 0 50 17 
18:22:48 64.50 30.69165802 -88.17467498 -99.00 -99.00 41.10 527.00 519.00 517.00 526.00 40.00 1002.99 41.86 1 0 50 17 
18:22:51 64.70 30.69165802 -88.17467498 -99.00 -99.00 41.10 527.00 520.00 517.00 526.00 40.01 1002.96 41.78 1 0 50 17 
18:22:51 64.90 30.69165802 -88.17467498 -99.00 -99.00 41.10 527.00 519.00 517.00 527.00 40.01 1002.99 41.72 1 0 50 17 
18:22:51 65.10 30.69165802 -88.17467498 -99.00 -99.00 41.10 527.00 519.00 517.00 526.00 40.02 1002.96 41.73 1 0 50 17 
18:22:51 65.30 30.69165802 -88.17467498 -99.00 -99.00 41.10 527.00 520.00 517.00 527.00 40.04 1002.93 41.74 1 0 50 17 
18:22:51 65.50 30.69165802 -88.17467498 -99.00 -99.00 41.10 527.00 519.00 517.00 527.00 40.06 1002.98 41.73 1 0 50 17 
18:22:52 65.70 30.69165802 -88.17467498 -99.00 -99.00 41.10 527.00 519.00 517.00 526.00 40.08 1002.97 41.77 1 0 50 17 
18:22:52 65.90 30.69165802 -88.17467498 -99.00 -99.00 41.10 527.00 520.00 517.00 526.00 40.10 1002.94 41.92 1 0 50 17 
18:22:52 66.11 30.69165802 -88.17467498 -99.00 -99.00 41.10 527.00 519.00 517.00 527.00 40.11 1002.95 41.82 1 0 50 17 
18:22:52 66.31 30.69165802 -88.17467498 -99.00 -99.00 41.10 527.00 519.00 516.00 526.00 40.11 1002.97 41.73 1 0 50 17 
18:22:52 66.51 30.69165802 -88.17467498 -99.00 -99.00 41.10 527.00 519.00 516.00 526.00 40.11 1002.91 41.71 1 0 50 17 
18:22:52 66.71 30.69165802 -88.17467498 -99.00 -99.00 41.10 527.00 519.00 517.00 527.00 40.09 1002.89 41.77 1 0 50 17 
18:22:52 66.91 30.69165802 -88.17467498 -99.00 -99.00 41.10 527.00 519.00 517.00 527.00 40.05 1002.91 41.93 1 0 50 17 
18:22:52 67.11 30.69165802 -88.17467498 -99.00 -99.00 41.10 527.00 519.00 517.00 527.00 40.02 1002.96 42.12 1 0 50 17 
18:22:52 67.31 30.69165802 -88.17467498 -99.00 -99.00 41.10 527.00 519.00 517.00 526.00 40.00 1002.95 42.30 1 0 50 17 
18:22:52 67.51 30.69165802 -88.17467498 -99.00 -99.00 41.10 527.00 519.00 516.00 527.00 39.96 1002.95 42.47 1 0 50 17 
18:22:52 67.71 30.69165802 -88.17467498 -99.00 -99.00 41.10 527.00 519.00 517.00 526.00 39.91 1002.98 42.54 1 0 50 17 
18:22:52 67.91 30.69165802 -88.17467498 -99.00 -99.00 41.10 527.00 519.00 517.00 527.00 39.89 1002.97 42.63 1 0 50 17 
18:22:52 68.11 30.69165802 -88.17467498 -99.00 -99.00 41.10 527.00 520.00 517.00 527.00 39.87 1002.99 42.73 1 0 50 17 
18:22:52 68.31 30.69165802 -88.17467498 -99.00 -99.00 41.10 528.00 520.00 517.00 527.00 39.86 1003.07 42.67 1 0 50 17 
18:22:52 68.51 30.69165802 -88.17467498 -99.00 -99.00 41.10 527.00 519.00 517.00 527.00 39.84 1003.04 42.56 1 0 50 17 
18:22:54 68.71 30.69165802 -88.17467498 -99.00 -99.00 41.10 527.00 519.00 516.00 527.00 39.83 1003.04 42.54 1 0 50 17 
18:22:54 68.91 30.69165802 -88.17467498 -99.00 -99.00 41.10 527.00 520.00 517.00 527.00 39.83 1003.00 42.54 1 0 50 17 
18:22:54 69.12 30.69165802 -88.17467498 -99.00 -99.00 41.10 527.00 519.00 517.00 526.00 39.83 1003.01 42.52 1 0 50 17 
18:22:54 69.32 30.69165802 -88.17467498 -99.00 -99.00 41.10 527.00 519.00 516.00 526.00 39.83 1003.01 42.46 1 0 50 17 
18:22:54 69.52 30.69165802 -88.17467498 -99.00 -99.00 41.10 528.00 519.00 517.00 526.00 39.83 1002.97 42.45 1 0 50 17 
18:22:56 69.72 30.69165802 -88.17467498 -99.00 -99.00 41.10 528.00 519.00 518.00 527.00 39.80 1002.93 42.56 1 5 4 17 
18:22:56 69.92 30.69165802 -88.17467498 -99.00 -99.00 41.10 527.00 520.00 516.00 525.00 39.76 1003.35 42.67 1 5 4 17 
18:22:56 70.12 30.69165802 -88.17467498 -99.00 -99.00 41.10 527.00 518.00 516.00 528.00 39.72 1003.28 42.76 1 5 4 17 
18:22:56 70.32 30.69165802 -88.17467498 -99.00 -99.00 41.10 528.00 520.00 517.00 527.00 39.70 1003.26 42.91 1 5 4 17 
18:22:56 70.52 30.69165802 -88.17467498 -99.00 -99.00 41.10 528.00 521.00 517.00 526.00 39.68 1003.06 42.82 1 5 4 17 
18:22:56 70.72 30.69165802 -88.17467498 -99.00 -99.00 41.10 527.00 518.00 517.00 528.00 39.62 1003.02 42.66 1 5 4 17 
18:22:56 70.92 30.69165802 -88.17467498 -99.00 -99.00 41.10 530.00 521.00 518.00 526.00 39.57 1002.93 42.52 1 5 4 17 
18:22:56 71.12 30.69165802 -88.17467498 -99.00 -99.00 41.10 530.00 522.00 518.00 528.00 39.53 1002.96 42.34 1 5 4 17 
18:22:56 71.32 30.69165802 -88.17467498 -99.00 -99.00 41.10 527.00 520.00 516.00 526.00 39.53 1002.95 42.12 1 5 4 17 
18:22:56 71.52 30.69165802 -88.17467498 -99.00 -99.00 41.10 526.00 518.00 517.00 525.00 39.52 1002.91 41.92 1 5 4 17 
18:22:58 71.72 30.69165802 -88.17465972 -99.00 -99.00 41.10 527.00 519.00 516.00 525.00 39.52 1002.98 41.79 1 5 4 17 
18:22:58 71.93 30.69165802 -88.17465972 -99.00 -99.00 41.10 528.00 521.00 517.00 525.00 39.51 1002.86 41.66 1 5 4 17 
18:22:58 72.13 30.69165802 -88.17465972 -99.00 -99.00 41.10 529.00 522.00 516.00 526.00 39.52 1002.87 41.53 1 5 4 17 
18:22:58 72.33 30.69165802 -88.17465972 -99.00 -99.00 41.10 528.00 521.00 517.00 524.00 39.52 1002.74 41.47 1 5 4 17 
18:22:58 72.53 30.69165802 -88.17465972 -99.00 -99.00 41.10 529.00 519.00 517.00 523.00 39.51 1002.67 41.35 1 5 4 17 
18:22:58 72.73 30.69165802 -88.17465972 -99.00 -99.00 41.10 527.00 518.00 516.00 527.00 39.51 1002.67 41.32 1 5 4 17 
18:22:58 72.93 30.69165802 -88.17465972 -99.00 -99.00 41.10 527.00 519.00 519.00 526.00 39.50 1002.79 41.27 1 5 4 17 
18:22:58 73.13 30.69165802 -88.17465972 -99.00 -99.00 41.10 526.00 519.00 516.00 529.00 39.49 1002.97 41.20 1 5 4 17 
18:22:58 73.33 30.69165802 -88.17465972 -99.00 -99.00 41.10 527.00 516.00 518.00 529.00 39.46 1003.03 41.15 1 5 4 17 
18:22:58 73.53 30.69165802 -88.17465972 -99.00 -99.00 41.10 528.00 519.00 516.00 528.00 39.40 1003.20 41.06 1 5 4 17 
18:22:58 73.73 30.69165802 -88.17465972 -99.00 -99.00 41.10 529.00 521.00 516.00 526.00 39.40 1003.20 41.06 1 5 4 17 
18:22:58 73.93 30.69165802 -88.17465972 -99.00 -99.00 41.10 527.00 520.00 518.00 529.00 39.39 1003.16 41.01 1 5 4 17 
18:22:58 74.13 30.69165802 -88.17465972 -99.00 -99.00 41.10 528.00 522.00 517.00 523.00 39.40 1002.82 40.94 1 5 4 17 
18:22:58 74.33 30.69165802 -88.17465972 -99.00 -99.00 41.10 528.00 518.00 520.00 528.00 39.43 1002.81 40.87 1 5 4 17 
18:22:58 74.54 30.69165802 -88.17465972 -99.00 -99.00 41.10 525.00 518.00 515.00 525.00 39.41 1002.85 40.83 1 5 4 17 
18:22:59 74.74 30.69165039 -88.17465972 -99.00 -99.00 41.10 525.00 516.00 515.00 528.00 39.38 1003.00 40.80 1 5 4 17 
18:22:59 74.94 30.69165039 -88.17465972 -99.00 -99.00 41.10 530.00 524.00 516.00 526.00 39.37 1002.96 40.75 1 5 4 17 
18:22:59 75.14 30.69165039 -88.17465972 -99.00 -99.00 41.10 527.00 519.00 516.00 526.00 39.38 1002.92 40.69 1 5 4 17 
18:22:59 75.34 30.69165039 -88.17465972 -99.00 -99.00 41.10 525.00 518.00 516.00 527.00 39.39 1003.08 40.66 1 5 4 17 
18:22:59 75.54 30.69165039 -88.17465972 -99.00 -99.00 41.10 526.00 518.00 514.00 526.00 39.39 1002.99 40.57 1 5 4 17 
18:22:59 75.74 30.69165039 -88.17465972 -99.00 -99.00 41.10 526.00 518.00 516.00 527.00 39.40 1002.95 40.57 1 5 4 17 
18:22:59 75.94 30.69165039 -88.17465972 -99.00 -99.00 41.10 527.00 518.00 516.00 527.00 39.38 1002.95 40.53 1 5 4 17 
18:22:59 76.14 30.69165039 -88.17465972 -99.00 -99.00 41.10 525.00 517.00 516.00 527.00 39.38 1002.99 40.52 1 5 4 17 
18:22:59 76.34 30.69165039 -88.17465972 -99.00 -99.00 41.10 527.00 519.00 517.00 527.00 39.41 1002.97 40.50 1 5 4 17 
18:22:59 76.54 30.69165039 -88.17465972 -99.00 -99.00 41.10 527.00 518.00 516.00 525.00 39.45 1003.05 40.45 1 5 4 17 
18:22:59 76.74 30.69165039 -88.17465972 -99.00 -99.00 41.10 526.00 518.00 517.00 530.00 39.45 1003.05 40.45 1 5 4 17 
18:22:59 76.94 30.69165039 -88.17465972 -99.00 -99.00 41.10 526.00 520.00 518.00 527.00 39.47 1003.01 40.41 1 5 4 17 
18:22:59 77.14 30.69165039 -88.17465972 -99.00 -99.00 41.10 527.00 520.00 517.00 528.00 39.46 1003.14 40.40 1 5 4 17 
18:22:59 77.34 30.69165039 -88.17465972 -99.00 -99.00 41.10 527.00 520.00 517.00 527.00 39.44 1002.96 40.40 1 5 4 17 
18:22:59 77.54 30.69165039 -88.17465972 -99.00 -99.00 41.10 528.00 519.00 517.00 528.00 39.38 1002.93 40.40 1 5 4 17 
18:22:59 77.75 30.69165039 -88.17465972 -99.00 -99.00 41.10 526.00 519.00 514.00 526.00 39.37 1003.02 40.41 1 5 4 17 
18:22:59 77.95 30.69165039 -88.17465972 -99.00 -99.00 41.10 529.00 522.00 515.00 522.00 39.35 1003.27 40.41 1 5 4 17 
18:22:59 78.15 30.69165039 -88.17465972 -99.00 -99.00 41.10 528.00 519.00 515.00 524.00 39.34 1003.28 40.40 1 5 4 17 
18:22:59 78.35 30.69165039 -88.17465972 -99.00 -99.00 41.10 525.00 520.00 512.00 524.00 39.32 1003.28 40.41 1 5 4 17 
18:22:59 78.55 30.69165039 -88.17465972 -99.00 -99.00 41.10 526.00 519.00 516.00 526.00 39.28 1003.37 40.42 1 5 4 17 
18:22:59 78.75 30.69165039 -88.17465972 -99.00 -99.00 41.10 527.00 520.00 516.00 524.00 39.27 1003.24 40.45 1 5 4 17 
18:22:59 78.95 30.69165039 -88.17465972 -99.00 -99.00 41.10 527.00 520.00 515.00 527.00 39.25 1003.10 40.47 1 5 4 17 
18:22:59 79.15 30.69165039 -88.17465972 -99.00 -99.00 41.10 526.00 516.00 517.00 530.00 39.21 1003.15 40.50 1 5 4 17 
18:22:59 79.35 30.69165039 -88.17465972 -99.00 -99.00 41.10 524.00 519.00 515.00 526.00 39.17 1003.21 40.53 1 5 4 17 
18:22:59 79.55 30.69165039 -88.17465972 -99.00 -99.00 41.10 528.00 524.00 516.00 524.00 39.16 1003.08 40.58 1 5 4 17 
18:22:59 79.75 30.69165039 -88.17465972 -99.00 -99.00 41.10 524.00 515.00 515.00 525.00 39.16 1003.01 40.60 1 5 4 17 
18:22:59 79.95 30.69165039 -88.17465972 -99.00 -99.00 41.10 528.00 521.00 515.00 527.00 39.16 1002.90 40.64 1 5 4 17 
18:22:59 80.15 30.69165039 -88.17465972 -99.00 -99.00 41.10 526.00 517.00 518.00 528.00 39.12 1002.98 40.70 1 5 4 17 
18:22:59 80.35 30.69165039 -88.17465972 -99.00 -99.00 41.10 526.00 519.00 520.00 527.00 39.06 1002.87 40.76 1 5 4 17 
18:22:59 80.55 30.69165039 -88.17465972 -99.00 -99.00 41.10 526.00 516.00 520.00 526.00 38.96 1002.71 40.83 1 5 4 17 
18:22:59 80.76 30.69165039 -88.17465972 -99.00 -99.00 41.10 527.00 518.00 519.00 524.00 38.93 1002.69 40.85 1 5 4 17 
18:22:59 80.96 30.69165039 -88.17465972 -99.00 -99.00 41.10 528.00 518.00 516.00 527.00 38.88 1002.53 40.90 1 5 4 17 
18:22:59 81.16 30.69165039 -88.17465972 -99.00 -99.00 41.10 527.00 516.00 519.00 527.00 38.86 1002.50 40.92 1 5 4 17 
18:22:59 81.36 30.69165039 -88.17465972 -99.00 -99.00 41.10 525.00 517.00 514.00 524.00 38.83 1002.48 40.96 1 5 4 17 
18:22:59 81.56 30.69165039 -88.17465972 -99.00 -99.00 41.10 526.00 517.00 518.00 528.00 38.80 1002.68 40.99 1 5 4 17 
18:22:59 81.76 30.69165039 -88.17465972 -99.00 -99.00 41.10 527.00 519.00 517.00 526.00 38.79 1002.89 41.00 1 5 4 17 
18:22:59 81.96 30.69165039 -88.17465972 -99.00 -99.00 41.10 528.00 519.00 517.00 528.00 38.78 1003.05 41.00 1 5 4 17 
18:22:59 82.16 30.69165039 -88.17465972 -99.00 -99.00 41.10 526.00 517.00 516.00 528.00 38.79 1003.20 41.01 1 5 4 17 
18:22:59 82.36 30.69165039 -88.17465972 -99.00 -99.00 41.10 527.00 517.00 515.00 526.00 38.80 1003.11 41.07 1 5 4 17 
18:22:59 82.56 30.69165039 -88.17465972 -99.00 -99.00 41.10 525.00 523.00 516.00 528.00 38.78 1002.98 41.17 1 5 4 17 
18:22:59 82.76 30.69165039 -88.17465972 -99.00 -99.00 41.10 524.00 515.00 515.00 526.00 38.77 1002.96 41.23 1 5 4 17 
18:22:59 82.96 30.69165039 -88.17465972 -99.00 -99.00 41.10 524.00 515.00 516.00 528.00 38.76 1003.02 41.23 1 5 4 17 
18:22:59 83.16 30.69165039 -88.17465972 -99.00 -99.00 41.10 527.00 518.00 516.00 526.00 38.74 1003.02 41.28 1 5 4 17 
18:22:59 83.36 30.69165039 -88.17465972 -99.00 -99.00 41.10 526.00 518.00 518.00 529.00 38.70 1003.07 41.38 1 5 4 17 
18:22:59 83.56 30.69165039 -88.17465972 -99.00 -99.00 41.10 524.00 520.00 517.00 528.00 38.64 1002.99 41.49 1 5 4 17 
18:23:2 83.77 30.69165802 -88.17464447 -99.00 -99.00 41.20 525.00 517.00 517.00 527.00 38.62 1003.08 41.53 1 5 4 17 
18:23:2 83.97 30.69165802 -88.17464447 -99.00 -99.00 41.20 530.00 521.00 520.00 530.00 38.58 1003.17 41.61 1 5 4 17 
18:23:2 84.17 30.69165802 -88.17464447 -99.00 -99.00 41.20 527.00 518.00 518.00 525.00 38.52 1003.19 41.64 1 5 4 17 
18:23:2 84.37 30.69165802 -88.17464447 -99.00 -99.00 41.20 525.00 516.00 516.00 526.00 38.45 1003.27 41.68 1 5 4 17 
18:23:2 84.57 30.69165802 -88.17464447 -99.00 -99.00 41.20 528.00 524.00 519.00 529.00 38.33 1003.20 41.77 1 5 4 17 
18:23:11 84.77 30.69165802 -88.17462921 -99.00 -99.00 41.20 526.00 518.00 515.00 522.00 38.31 1003.17 41.80 1 5 4 17 
18:23:11 84.97 30.69165802 -88.17462921 -99.00 -99.00 41.20 525.00 517.00 517.00 526.00 38.26 1003.06 41.82 1 5 4 17 
18:23:11 85.17 30.69165802 -88.17462921 -99.00 -99.00 41.20 526.00 518.00 515.00 522.00 38.25 1002.91 41.85 1 5 4 17 
18:23:11 85.37 30.69165802 -88.17462921 -99.00 -99.00 41.20 529.00 521.00 516.00 524.00 38.27 1002.93 41.82 1 5 4 17 
18:23:11 85.57 30.69165802 -88.17462921 -99.00 -99.00 41.20 524.00 515.00 516.00 525.00 38.32 1002.89 41.80 1 5 4 17 
18:23:11 85.84 30.69165802 -88.17462921 -99.00 -99.00 41.20 526.00 519.00 516.00 525.00 38.33 1002.99 41.77 1 5 4 17 
18:23:11 86.07 30.69165802 -88.17462921 -99.00 -99.00 41.20 526.00 518.00 518.00 525.00 38.34 1003.03 41.71 1 5 4 17 
18:23:11 86.27 18.00038719 -0.00146660 -99.00 -99.00 0.00 527.00 517.00 517.00 527.00 38.32 1003.01 41.71 1 5 4 17 
18:23:11 86.47 18.00038719 -0.00146660 -99.00 -99.00 0.00 525.00 518.00 516.00 527.00 38.28 1003.15 41.70 1 5 4 17 
18:23:12 86.67 18.00038909 -0.00146660 -99.00 -99.00 0.00 526.00 516.00 517.00 527.00 38.24 1003.18 41.70 1 5 4 17 
18:23:12 86.87 30.69165802 -88.17462921 -99.00 -99.00 0.00 527.00 520.00 517.00 525.00 38.25 1003.09 41.71 1 5 4 17 
18:23:12 87.08 30.69165802 -88.17462921 -99.00 -99.00 0.00 526.00 521.00 515.00 524.00 38.27 1002.99 41.69 1 5 4 17 
18:23:12 87.28 30.69165802 -88.17462921 -99.00 -99.00 0.00 526.00 518.00 516.00 524.00 38.30 1002.99 41.67 1 5 4 17 
18:23:12 87.48 30.69165802 -88.17462921 -99.00 -99.00 0.00 526.00 518.00 517.00 527.00 38.31 1002.98 41.66 1 5 4 17 
18:23:14 87.68 30.69165802 -88.17460632 -99.00 -99.00 41.10 526.00 518.00 515.00 525.00 38.29 1002.91 41.66 1 5 4 17 
18:23:14 87.88 30.69165802 -88.17460632 -99.00 -99.00 41.10 525.00 516.00 516.00 527.00 38.29 1002.67 41.66 1 5 4 17 
18:23:14 88.08 30.69165802 -88.17460632 -99.00 -99.00 41.10 524.00 517.00 517.00 528.00 38.28 1002.90 41.65 1 5 4 17 
18:23:14 88.28 30.69165802 -88.17460632 -99.00 -99.00 41.10 526.00 517.00 517.00 528.00 38.27 1002.84 41.66 1 5 4 17 
18:23:14 88.48 30.69165802 -88.17460632 -99.00 -99.00 41.10 525.00 516.00 516.00 525.00 38.27 1002.85 41.66 1 5 4 17 
18:23:15 88.68 30.69165802 -88.17460632 -99.00 -99.00 41.10 525.00 519.00 514.00 523.00 38.27 1002.90 41.68 1 5 4 17 
18:23:15 88.88 30.69165802 -88.17460632 -99.00 -99.00 41.10 525.00 517.00 518.00 525.00 38.25 1002.89 41.71 1 0 50 17 
18:23:15 89.08 30.69165802 -88.17460632 -99.00 -99.00 41.10 525.00 518.00 515.00 523.00 38.23 1002.86 41.76 1 0 50 17 
18:23:15 89.28 30.69165802 -88.17460632 -99.00 -99.00 41.10 527.00 518.00 517.00 528.00 38.21 1002.86 41.77 1 0 50 17 
18:23:15 89.48 30.69165802 -88.17460632 -99.00 -99.00 41.10 526.00 519.00 516.00 522.00 38.22 1002.90 41.78 1 0 50 17 
18:23:16 89.69 30.69165420 -88.17460632 -99.00 -99.00 41.10 526.00 516.00 515.00 528.00 38.23 1003.16 41.79 1 0 50 17 
18:23:16 89.89 30.69165420 -88.17460632 -99.00 -99.00 41.10 527.00 520.00 516.00 525.00 38.23 1003.12 41.79 1 0 50 17 
18:23:16 90.09 30.69165420 -88.17460632 -99.00 -99.00 41.10 527.00 519.00 517.00 525.00 38.24 1003.10 41.78 1 0 50 17 
18:23:16 90.29 30.69165420 -88.17460632 -99.00 -99.00 41.10 526.00 517.00 516.00 528.00 38.24 1003.18 41.76 1 0 50 17 
18:23:16 90.49 30.69165420 -88.17460632 -99.00 -99.00 41.10 526.00 517.00 517.00 527.00 38.23 1003.23 41.77 1 0 50 17 
18:23:16 90.69 30.69165039 -88.17460632 -99.00 -99.00 41.10 529.00 519.00 517.00 524.00 38.22 1003.13 41.77 1 0 50 17 
18:23:16 90.89 30.69165039 -88.17460632 -99.00 -99.00 41.10 525.00 518.00 517.00 527.00 38.20 1002.99 41.77 1 0 50 17 
18:23:16 91.09 30.69165039 -88.17460632 -99.00 -99.00 41.10 526.00 519.00 516.00 526.00 38.18 1003.18 41.81 1 0 50 17 
18:23:16 91.29 30.69165039 -88.17460632 -99.00 -99.00 41.10 527.00 518.00 516.00 525.00 38.18 1003.36 41.85 1 0 50 17 
18:23:16 91.49 30.69165039 -88.17460632 -99.00 -99.00 41.10 528.00 520.00 517.00 526.00 38.20 1003.21 41.86 1 0 50 17 
18:23:18 91.69 30.69165039 -88.17462921 -99.00 -99.00 41.10 525.00 517.00 518.00 524.00 38.22 1002.84 41.84 1 0 50 17 
18:23:18 91.89 30.69165039 -88.17462921 -99.00 -99.00 41.10 525.00 516.00 517.00 526.00 38.23 1002.81 41.82 1 0 50 17 
18:23:18 92.09 30.69165039 -88.17462921 -99.00 -99.00 41.10 527.00 520.00 517.00 525.00 38.22 1002.74 41.80 1 0 50 17 
18:23:18 92.29 30.69165039 -88.17462921 -99.00 -99.00 41.10 525.00 517.00 516.00 525.00 38.21 1002.83 41.81 1 0 50 17 
18:23:18 92.50 30.69165039 -88.17462921 -99.00 -99.00 41.10 527.00 520.00 516.00 524.00 38.22 1003.01 41.84 1 0 50 17 
18:23:19 92.70 30.69165039 -88.17462921 -99.00 -99.00 41.10 526.00 519.00 518.00 526.00 38.22 1003.00 41.87 1 0 50 17 
18:23:19 92.90 30.69165039 -88.17462921 -99.00 -99.00 41.10 525.00 518.00 517.00 528.00 38.21 1003.22 41.96 1 0 50 17 
18:23:19 93.10 30.69165039 -88.17462921 -99.00 -99.00 41.10 525.00 518.00 517.00 526.00 38.21 1003.10 42.08 1 0 50 17 
18:23:19 93.30 30.69165039 -88.17462921 -99.00 -99.00 41.10 526.00 519.00 518.00 526.00 38.22 1003.47 42.21 1 0 50 17 
18:23:19 93.50 30.69165039 -88.17462921 -99.00 -99.00 41.10 526.00 521.00 516.00 526.00 38.22 1003.19 42.31 1 0 50 17 
18:23:20 93.70 30.69165039 -88.17462921 -99.00 -99.00 41.20 524.00 516.00 517.00 527.00 38.17 1003.04 42.39 1 0 50 17 
18:23:20 93.90 30.69165039 -88.17462921 -99.00 -99.00 41.20 525.00 519.00 517.00 524.00 38.15 1002.81 42.43 1 0 50 17 
18:23:20 94.10 30.69165039 -88.17462921 -99.00 -99.00 41.20 525.00 520.00 515.00 524.00 38.15 1002.96 42.48 1 0 50 17 
18:23:20 94.30 30.69165039 -88.17462921 -99.00 -99.00 41.20 525.00 517.00 516.00 526.00 38.16 1003.44 42.49 1 0 50 17 
18:23:20 94.50 30.69165039 -88.17462921 -99.00 -99.00 41.20 528.00 516.00 518.00 528.00 38.14 1003.32 42.55 1 0 50 17 
18:23:20 94.70 30.69165039 -88.17464447 -99.00 -99.00 41.20 528.00 522.00 515.00 523.00 38.10 1003.17 42.65 1 0 50 17 
18:23:20 94.90 30.69165039 -88.17464447 -99.00 -99.00 41.20 526.00 517.00 514.00 526.00 38.07 1003.25 42.70 1 0 50 17 
18:23:20 95.11 30.69165039 -88.17464447 -99.00 -99.00 41.20 524.00 517.00 515.00 525.00 38.07 1003.20 42.66 1 0 50 17 
18:23:20 95.31 30.69165039 -88.17464447 -99.00 -99.00 41.20 524.00 515.00 517.00 525.00 38.08 1003.21 42.60 1 0 50 17 
18:23:20 95.51 30.69165039 -88.17464447 -99.00 -99.00 41.20 529.00 525.00 518.00 525.00 38.08 1003.16 42.53 1 0 50 17 
18:23:22 95.71 30.69165802 -88.17464447 -99.00 -99.00 41.20 527.00 522.00 517.00 528.00 38.08 1003.05 42.48 1 0 50 17 
18:23:22 95.91 30.69165802 -88.17464447 -99.00 -99.00 41.20 523.00 516.00 516.00 526.00 38.06 1003.14 42.44 1 0 50 17 
18:23:22 96.11 30.69165802 -88.17464447 -99.00 -99.00 41.20 528.00 522.00 515.00 524.00 38.05 1003.10 42.38 1 0 50 17 
18:23:22 96.31 30.69165802 -88.17464447 -99.00 -99.00 41.20 525.00 515.00 517.00 527.00 38.05 1003.01 42.35 1 0 50 17 
18:23:22 96.51 30.69165802 -88.17464447 -99.00 -99.00 41.20 525.00 518.00 515.00 526.00 38.04 1003.03 42.33 1 0 50 17 
18:23:23 96.71 30.69165802 -88.17462921 -99.00 -99.00 41.30 523.00 517.00 516.00 526.00 38.03 1002.88 42.31 1 0 50 17 
18:23:23 96.91 30.69165802 -88.17462921 -99.00 -99.00 41.30 527.00 520.00 516.00 526.00 38.03 1002.93 42.29 1 0 50 17 
18:23:23 97.11 30.69165802 -88.17462921 -99.00 -99.00 41.30 527.00 520.00 515.00 528.00 38.01 1003.01 42.28 1 0 50 17 
18:23:23 97.31 30.69165802 -88.17462921 -99.00 -99.00 41.30 527.00 520.00 518.00 528.00 37.98 1003.04 42.29 1 0 50 17 
18:23:23 97.51 30.69165802 -88.17462921 -99.00 -99.00 41.30 527.00 519.00 517.00 529.00 37.96 1003.07 42.28 1 0 50 17 
18:23:24 97.72 30.69165802 -88.17464447 -99.00 -99.00 41.30 527.00 520.00 514.00 525.00 37.94 1003.08 42.29 1 0 50 17 
18:23:24 97.92 30.69165802 -88.17464447 -99.00 -99.00 41.30 522.00 518.00 513.00 523.00 37.90 1003.24 42.32 1 0 50 17 
18:23:24 98.12 30.69165802 -88.17464447 -99.00 -99.00 41.30 526.00 519.00 517.00 523.00 37.85 1003.22 42.35 1 0 50 17 
18:23:24 98.32 30.69165802 -88.17464447 -99.00 -99.00 41.30 522.00 515.00 516.00 527.00 37.81 1003.16 42.38 1 0 50 17 
18:23:24 98.52 30.69165802 -88.17464447 -99.00 -99.00 41.30 523.00 516.00 516.00 526.00 37.75 1003.28 42.43 1 0 50 17 
18:23:24 98.72 30.69165039 -88.17464447 -99.00 -99.00 41.40 528.00 523.00 516.00 524.00 37.71 1003.33 42.48 1 0 50 17 
18:23:24 98.92 30.69165039 -88.17464447 -99.00 -99.00 41.40 525.00 518.00 517.00 524.00 37.70 1003.23 42.51 1 0 50 17 
18:23:24 99.12 30.69165039 -88.17464447 -99.00 -99.00 41.40 525.00 520.00 517.00 524.00 37.70 1003.11 42.53 1 0 50 17 
18:23:24 99.32 30.69165039 -88.17464447 -99.00 -99.00 41.40 526.00 519.00 517.00 524.00 37.71 1003.15 42.54 1 0 50 17 
18:23:24 99.52 30.69165039 -88.17464447 -99.00 -99.00 41.40 525.00 519.00 517.00 525.00 37.70 1003.05 42.57 1 0 50 17 
18:23:26 99.72 30.69165420 -88.17464447 -99.00 -99.00 41.40 524.00 517.00 517.00 523.00 37.70 1003.15 42.59 1 0 50 17 
18:23:26 99.92 30.69165420 -88.17464447 -99.00 -99.00 41.40 526.00 518.00 516.00 524.00 37.71 1003.11 42.59 1 0 50 17 
18:23:26 100.12 30.69165420 -88.17464447 -99.00 -99.00 41.40 523.00 517.00 515.00 524.00 37.74 1003.10 42.59 1 0 50 17 
18:23:26 100.32 30.69165420 -88.17464447 -99.00 -99.00 41.40 524.00 517.00 514.00 527.00 37.77 1003.05 42.58 1 0 50 17 
18:23:26 100.52 30.69165420 -88.17464447 -99.00 -99.00 41.40 527.00 518.00 517.00 527.00 37.77 1003.10 42.58 1 0 50 17 
18:23:27 100.73 30.69165420 -88.17464447 -99.00 -99.00 41.50 527.00 521.00 518.00 526.00 37.78 1003.12 42.59 1 0 50 17 
18:23:27 100.93 30.69165420 -88.17464447 -99.00 -99.00 41.50 525.00 519.00 516.00 524.00 37.77 1003.17 42.59 1 0 50 17 
18:23:27 101.13 30.69165420 -88.17464447 -99.00 -99.00 41.50 522.00 516.00 516.00 526.00 37.75 1003.23 42.59 1 0 50 17 
18:23:27 101.33 30.69165420 -88.17464447 -99.00 -99.00 41.50 525.00 519.00 517.00 526.00 37.75 1003.25 42.60 1 0 50 17 
18:23:27 101.53 30.69165420 -88.17464447 -99.00 -99.00 41.50 527.00 518.00 516.00 525.00 37.74 1003.37 42.60 1 0 50 17 
18:23:28 101.73 30.69165039 -88.17464447 -99.00 -99.00 41.50 526.00 517.00 514.00 525.00 37.72 1003.43 42.62 1 0 50 17 
18:23:28 101.93 30.69165039 -88.17464447 -99.00 -99.00 41.50 523.00 516.00 512.00 526.00 37.70 1003.41 42.65 1 0 50 17 
18:23:28 102.13 30.69165039 -88.17464447 -99.00 -99.00 41.50 523.00 515.00 513.00 525.00 37.68 1003.36 42.66 1 0 50 17 
18:23:28 102.33 30.69165039 -88.17464447 -99.00 -99.00 41.50 522.00 520.00 516.00 525.00 37.68 1003.35 42.68 1 0 50 17 
18:23:28 102.53 30.69165039 -88.17464447 -99.00 -99.00 41.50 526.00 519.00 520.00 527.00 37.67 1003.21 42.71 1 0 50 17 
18:23:28 102.73 30.69164276 -88.17465972 -99.00 -99.00 41.50 523.00 517.00 517.00 526.00 37.66 1003.27 42.73 1 0 50 17 
18:23:28 102.93 30.69164276 -88.17465972 -99.00 -99.00 41.50 523.00 515.00 514.00 524.00 37.66 1003.10 42.75 1 0 50 17 
18:23:28 103.13 30.69164276 -88.17465972 -99.00 -99.00 41.50 526.00 518.00 516.00 522.00 37.67 1002.95 42.76 1 0 50 17 
18:23:28 103.33 30.69164276 -88.17465972 -99.00 -99.00 41.50 526.00 518.00 515.00 524.00 37.69 1002.94 42.75 1 0 50 17 
18:23:28 103.53 30.69164276 -88.17465972 -99.00 -99.00 41.50 525.00 519.00 518.00 525.00 37.69 1003.07 42.72 1 0 50 17 
