0:0:0 9.15 0.00000000 0.00000000 -99.00 -99.00 0.00 521.00 517.00 516.00 520.00 nan nan nan 0 0 0 17 
0:0:0 9.39 0.00000000 0.00000000 -99.00 -99.00 0.00 521.00 517.00 517.00 521.00 nan nan nan 0 0 0 17 
0:0:0 9.59 0.00000000 0.00000000 -99.00 -99.00 0.00 521.00 517.00 517.00 521.00 nan nan nan 0 0 0 17 
0:0:0 9.79 0.00000000 0.00000000 -99.00 -99.00 0.00 520.00 517.00 516.00 521.00 nan nan nan 0 0 0 17 
21:8:23 9.99 0.00000000 0.00000000 -99.00 -99.00 0.00 520.00 517.00 516.00 520.00 nan nan nan 0 4 4 17 
21:8:23 10.19 0.00000000 0.00000000 -99.00 -99.00 0.00 520.00 517.00 516.00 520.00 nan nan nan 0 4 4 17 
21:8:23 10.40 0.00000000 0.00000000 -99.00 -99.00 0.00 521.00 517.00 516.00 521.00 nan nan nan 0 4 4 17 
21:8:23 10.60 0.00000000 0.00000000 -99.00 -99.00 0.00 520.00 517.00 516.00 521.00 nan nan nan 0 4 4 17 
21:8:23 10.80 0.00000000 0.00000000 -99.00 -99.00 0.00 521.00 517.00 516.00 521.00 nan nan nan 0 4 4 17 
21:8:24 11.00 0.00000000 0.00000000 -99.00 -99.00 0.00 521.00 517.00 516.00 521.00 nan nan nan 0 4 4 17 
21:8:24 11.20 0.00000000 0.00000000 -99.00 -99.00 0.00 521.00 517.00 516.00 520.00 nan nan nan 0 4 4 17 
21:8:24 11.40 0.00000000 0.00000000 -99.00 -99.00 0.00 520.00 517.00 516.00 521.00 nan nan nan 0 4 4 17 
21:8:24 11.60 0.00000000 0.00000000 -99.00 -99.00 0.00 521.00 517.00 516.00 521.00 nan nan nan 0 4 4 17 
21:8:24 11.80 0.00000000 0.00000000 -99.00 -99.00 0.00 520.00 517.00 516.00 521.00 nan nan nan 0 4 4 17 
21:8:25 12.00 0.00000000 0.00000000 -99.00 -99.00 0.00 521.00 517.00 516.00 521.00 nan nan nan 0 4 4 17 
21:8:25 12.20 0.00000000 0.00000000 -99.00 -99.00 0.00 521.00 517.00 516.00 521.00 nan nan nan 0 4 4 17 
21:8:25 12.40 0.00000000 0.00000000 -99.00 -99.00 0.00 521.00 517.00 516.00 520.00 nan nan nan 0 4 4 17 
21:8:25 12.60 0.00000000 0.00000000 -99.00 -99.00 0.00 521.00 517.00 516.00 521.00 nan nan nan 0 4 4 17 
21:8:25 12.81 0.00000000 0.00000000 -99.00 -99.00 0.00 521.00 517.00 516.00 521.00 nan nan nan 0 4 4 17 
21:8:26 13.01 0.00000000 0.00000000 -99.00 -99.00 0.00 520.00 517.00 516.00 521.00 nan nan nan 0 4 4 17 
21:8:26 13.21 0.00000000 0.00000000 -99.00 -99.00 0.00 520.00 517.00 516.00 521.00 nan nan nan 0 4 4 17 
21:8:26 13.41 0.00000000 0.00000000 -99.00 -99.00 0.00 521.00 517.00 516.00 521.00 nan nan nan 0 4 4 17 
21:8:26 13.61 0.00000000 0.00000000 -99.00 -99.00 0.00 521.00 517.00 516.00 521.00 nan nan nan 0 4 4 17 
21:8:26 13.81 0.00000000 0.00000000 -99.00 -99.00 0.00 521.00 517.00 516.00 521.00 nan nan nan 0 4 4 17 
21:8:27 14.01 0.00000000 0.00000000 -99.00 -99.00 0.00 521.00 517.00 516.00 521.00 nan nan nan 0 4 4 17 
21:8:27 14.21 0.00000000 0.00000000 -99.00 -99.00 0.00 521.00 517.00 516.00 521.00 nan nan nan 0 4 4 17 
21:8:27 14.41 0.00000000 0.00000000 -99.00 -99.00 0.00 521.00 517.00 516.00 521.00 nan nan nan 0 4 4 17 
21:8:27 14.61 0.00000000 0.00000000 -99.00 -99.00 0.00 521.00 517.00 516.00 521.00 nan nan nan 0 4 4 17 
21:8:27 14.81 0.00000000 0.00000000 -99.00 -99.00 0.00 521.00 517.00 516.00 521.00 nan nan nan 0 4 4 17 
21:8:28 15.01 0.00000000 0.00000000 -99.00 -99.00 0.00 520.00 517.00 516.00 520.00 nan nan nan 0 4 4 17 
21:8:28 15.21 0.00000000 0.00000000 -99.00 -99.00 0.00 520.00 517.00 516.00 521.00 nan nan nan 0 4 4 17 
21:8:28 15.41 0.00000000 0.00000000 -99.00 -99.00 0.00 521.00 517.00 516.00 521.00 nan nan nan 0 4 4 17 
21:8:28 15.61 0.00000000 0.00000000 -99.00 -99.00 0.00 520.00 517.00 516.00 520.00 nan nan nan 0 4 4 17 
21:8:28 15.81 0.00000000 0.00000000 -99.00 -99.00 0.00 521.00 517.00 516.00 520.00 nan nan nan 0 4 4 17 
21:8:29 16.01 0.00000000 0.00000000 -99.00 -99.00 0.00 520.00 517.00 516.00 521.00 nan nan nan 0 4 4 17 
21:8:29 16.21 0.00000000 0.00000000 -99.00 -99.00 0.00 521.00 517.00 516.00 521.00 nan nan nan 0 4 4 17 
21:8:29 16.42 0.00000000 0.00000000 -99.00 -99.00 0.00 521.00 517.00 516.00 521.00 nan nan nan 0 4 4 17 
21:8:29 16.62 0.00000000 0.00000000 -99.00 -99.00 0.00 520.00 517.00 516.00 521.00 nan nan nan 0 4 4 17 
21:8:29 16.82 0.00000000 0.00000000 -99.00 -99.00 0.00 521.00 518.00 516.00 521.00 nan nan nan 0 4 4 17 
21:8:30 17.02 0.00000000 0.00000000 -99.00 -99.00 0.00 520.00 517.00 516.00 521.00 nan nan nan 0 4 4 17 
21:8:30 17.22 0.00000000 0.00000000 -99.00 -99.00 0.00 521.00 517.00 516.00 520.00 nan nan nan 0 4 4 17 
21:8:30 17.42 0.00000000 0.00000000 -99.00 -99.00 0.00 521.00 517.00 516.00 521.00 nan nan nan 0 4 4 17 
21:8:30 17.62 0.00000000 0.00000000 -99.00 -99.00 0.00 521.00 517.00 516.00 521.00 nan nan nan 0 4 4 17 
21:8:30 17.82 0.00000000 0.00000000 -99.00 -99.00 0.00 520.00 517.00 516.00 520.00 nan nan nan 0 4 4 17 
21:8:31 18.02 0.00000000 0.00000000 -99.00 -99.00 0.00 521.00 517.00 516.00 521.00 nan nan nan 0 4 4 17 
21:8:31 18.22 0.00000000 0.00000000 -99.00 -99.00 0.00 520.00 517.00 516.00 521.00 nan nan nan 0 4 4 17 
21:8:31 18.43 0.00000000 0.00000000 -99.00 -99.00 0.00 520.00 517.00 516.00 520.00 nan nan nan 0 4 4 17 
21:8:31 18.63 0.00000000 0.00000000 -99.00 -99.00 0.00 521.00 517.00 516.00 521.00 nan nan nan 0 4 4 17 
21:8:31 18.83 0.00000000 0.00000000 -99.00 -99.00 0.00 520.00 517.00 516.00 520.00 nan nan nan 0 4 4 17 
21:8:32 19.03 0.00000000 0.00000000 -99.00 -99.00 0.00 521.00 518.00 516.00 521.00 nan nan nan 0 4 4 17 
21:8:32 19.23 0.00000000 0.00000000 -99.00 -99.00 0.00 521.00 517.00 517.00 521.00 nan nan nan 0 4 4 17 
21:8:32 19.43 0.00000000 0.00000000 -99.00 -99.00 0.00 520.00 517.00 516.00 521.00 nan nan nan 0 4 4 17 
21:8:32 19.63 0.00000000 0.00000000 -99.00 -99.00 0.00 521.00 517.00 516.00 520.00 nan nan nan 0 4 4 17 
21:8:32 19.83 0.00000000 0.00000000 -99.00 -99.00 0.00 521.00 517.00 516.00 520.00 nan nan nan 0 4 4 17 
21:8:33 20.03 0.00000000 0.00000000 -99.00 -99.00 0.00 521.00 517.00 516.00 521.00 nan nan nan 0 4 4 17 
21:8:33 20.24 0.00000000 0.00000000 -99.00 -99.00 0.00 520.00 517.00 516.00 521.00 nan nan nan 0 4 4 17 
21:8:33 20.44 0.00000000 0.00000000 -99.00 -99.00 0.00 521.00 517.00 516.00 521.00 nan nan nan 0 4 4 17 
21:8:33 20.64 0.00000000 0.00000000 -99.00 -99.00 0.00 521.00 517.00 517.00 521.00 nan nan nan 0 4 4 17 
21:8:33 20.84 0.00000000 0.00000000 -99.00 -99.00 0.00 521.00 517.00 516.00 521.00 nan nan nan 0 4 4 17 
21:8:34 21.04 0.00000000 0.00000000 -99.00 -99.00 0.00 521.00 517.00 516.00 520.00 nan nan nan 0 4 4 17 
21:8:34 21.24 0.00000000 0.00000000 -99.00 -99.00 0.00 521.00 517.00 516.00 520.00 nan nan nan 0 4 4 17 
21:8:34 21.44 0.00000000 0.00000000 -99.00 -99.00 0.00 521.00 517.00 516.00 521.00 nan nan nan 0 4 4 17 
21:8:34 21.64 0.00000000 0.00000000 -99.00 -99.00 0.00 521.00 517.00 516.00 521.00 nan nan nan 0 4 4 17 
21:8:34 21.85 0.00000000 0.00000000 -99.00 -99.00 0.00 521.00 517.00 516.00 521.00 nan nan nan 0 4 4 17 
21:8:35 22.05 0.00000000 0.00000000 -99.00 -99.00 0.00 521.00 517.00 516.00 521.00 nan nan nan 0 4 4 17 
21:8:35 22.25 0.00000000 0.00000000 -99.00 -99.00 0.00 521.00 517.00 516.00 520.00 nan nan nan 0 4 4 17 
21:8:35 22.45 0.00000000 0.00000000 -99.00 -99.00 0.00 521.00 517.00 516.00 520.00 nan nan nan 0 4 4 17 
21:8:35 22.65 0.00000000 0.00000000 -99.00 -99.00 0.00 521.00 517.00 516.00 521.00 nan nan nan 0 4 4 17 
21:8:35 22.85 0.00000000 0.00000000 -99.00 -99.00 0.00 521.00 517.00 516.00 520.00 nan nan nan 0 4 4 17 
21:8:36 23.05 0.00000000 0.00000000 -99.00 -99.00 0.00 521.00 517.00 516.00 520.00 nan nan nan 0 4 4 17 
21:8:36 23.25 0.00000000 0.00000000 -99.00 -99.00 0.00 521.00 517.00 516.00 521.00 nan nan nan 0 4 4 17 
21:8:36 23.45 0.00000000 0.00000000 -99.00 -99.00 0.00 521.00 517.00 516.00 520.00 nan nan nan 0 4 4 17 
21:8:36 23.66 0.00000000 0.00000000 -99.00 -99.00 0.00 521.00 517.00 516.00 520.00 nan nan nan 0 4 4 17 
21:8:36 23.86 0.00000000 0.00000000 -99.00 -99.00 0.00 520.00 517.00 516.00 521.00 nan nan nan 0 4 4 17 
21:8:37 24.06 0.00000000 0.00000000 -99.00 -99.00 0.00 520.00 517.00 516.00 520.00 nan nan nan 0 4 4 17 
21:8:37 24.26 0.00000000 0.00000000 -99.00 -99.00 0.00 521.00 517.00 516.00 521.00 nan nan nan 0 4 4 17 
21:8:37 24.46 0.00000000 0.00000000 -99.00 -99.00 0.00 521.00 517.00 516.00 521.00 nan nan nan 0 4 4 17 
21:8:37 24.66 0.00000000 0.00000000 -99.00 -99.00 0.00 520.00 517.00 516.00 521.00 nan nan nan 0 4 4 17 
21:8:37 24.86 0.00000000 0.00000000 -99.00 -99.00 0.00 521.00 517.00 516.00 521.00 nan nan nan 0 4 4 17 
21:8:38 25.06 0.00000000 0.00000000 -99.00 -99.00 0.00 521.00 517.00 516.00 521.00 nan nan nan 0 4 4 17 
21:8:38 25.26 0.00000000 0.00000000 -99.00 -99.00 0.00 524.00 521.00 520.00 524.00 nan nan nan 0 4 4 17 
21:8:38 25.47 0.00000000 0.00000000 -99.00 -99.00 0.00 521.00 517.00 516.00 521.00 nan nan nan 0 4 4 17 
21:8:38 25.67 0.00000000 0.00000000 -99.00 -99.00 0.00 521.00 517.00 516.00 520.00 nan nan nan 0 4 4 17 
21:8:38 25.87 0.00000000 0.00000000 -99.00 -99.00 0.00 520.00 517.00 516.00 521.00 nan nan nan 0 4 4 17 
21:8:39 26.07 0.00000000 0.00000000 -99.00 -99.00 0.00 521.00 517.00 516.00 521.00 nan nan nan 0 4 4 17 
21:8:39 26.27 0.00000000 0.00000000 -99.00 -99.00 0.00 521.00 517.00 516.00 521.00 nan nan nan 0 4 4 17 
21:8:39 26.47 0.00000000 0.00000000 -99.00 -99.00 0.00 521.00 517.00 516.00 520.00 nan nan nan 0 4 4 17 
21:8:39 26.67 0.00000000 0.00000000 -99.00 -99.00 0.00 521.00 517.00 516.00 520.00 nan nan nan 0 4 4 17 
21:8:39 26.87 0.00000000 0.00000000 -99.00 -99.00 0.00 520.00 517.00 516.00 521.00 nan nan nan 0 4 4 17 
21:8:40 27.07 0.00000000 0.00000000 -99.00 -99.00 0.00 521.00 517.00 516.00 521.00 nan nan nan 0 4 4 17 
21:8:40 27.28 0.00000000 0.00000000 -99.00 -99.00 0.00 520.00 517.00 516.00 521.00 nan nan nan 0 4 4 17 
21:8:40 27.48 0.00000000 0.00000000 -99.00 -99.00 0.00 520.00 517.00 516.00 520.00 nan nan nan 0 4 4 17 
21:8:40 27.68 0.00000000 0.00000000 -99.00 -99.00 0.00 520.00 517.00 516.00 521.00 nan nan nan 0 4 4 17 
21:8:40 27.88 0.00000000 0.00000000 -99.00 -99.00 0.00 520.00 517.00 516.00 521.00 nan nan nan 0 4 4 17 
21:8:41 28.08 0.00000000 0.00000000 -99.00 -99.00 0.00 521.00 517.00 516.00 521.00 nan nan nan 0 4 4 17 
21:8:41 28.28 0.00000000 0.00000000 -99.00 -99.00 0.00 521.00 517.00 516.00 521.00 nan nan nan 0 4 4 17 
21:8:41 28.48 0.00000000 0.00000000 -99.00 -99.00 0.00 520.00 517.00 516.00 521.00 nan nan nan 0 4 4 17 
21:8:41 28.68 0.00000000 0.00000000 -99.00 -99.00 0.00 521.00 517.00 516.00 521.00 nan nan nan 0 4 4 17 
21:8:41 28.89 0.00000000 0.00000000 -99.00 -99.00 0.00 520.00 517.00 516.00 521.00 nan nan nan 0 4 4 17 
21:8:41 29.09 0.00000000 0.00000000 -99.00 -99.00 0.00 521.00 517.00 517.00 521.00 nan nan nan 0 4 4 17 
21:8:41 29.29 0.00000000 0.00000000 -99.00 -99.00 0.00 521.00 517.00 516.00 521.00 nan nan nan 0 4 4 17 
21:8:41 29.49 0.00000000 0.00000000 -99.00 -99.00 0.00 520.00 517.00 516.00 520.00 nan nan nan 0 4 4 17 
21:8:41 29.69 0.00000000 0.00000000 -99.00 -99.00 0.00 521.00 517.00 516.00 520.00 nan nan nan 0 4 4 17 
21:8:41 29.89 0.00000000 0.00000000 -99.00 -99.00 0.00 521.00 517.00 516.00 521.00 nan nan nan 0 4 4 17 
21:8:43 30.09 0.00000000 0.00000000 -99.00 -99.00 0.00 521.00 517.00 516.00 521.00 nan nan nan 0 4 4 17 
21:8:43 30.29 0.00000000 0.00000000 -99.00 -99.00 0.00 521.00 517.00 516.00 521.00 nan nan nan 0 4 4 17 
21:8:43 30.50 0.00000000 0.00000000 -99.00 -99.00 0.00 520.00 517.00 516.00 520.00 nan nan nan 0 4 4 17 
21:8:43 30.70 0.00000000 0.00000000 -99.00 -99.00 0.00 521.00 517.00 516.00 520.00 nan nan nan 0 4 4 17 
21:8:43 30.90 0.00000000 0.00000000 -99.00 -99.00 0.00 521.00 517.00 516.00 521.00 nan nan nan 0 4 4 17 
21:8:44 31.10 0.00000000 0.00000000 -99.00 -99.00 0.00 521.00 517.00 516.00 520.00 nan nan nan 0 4 4 17 
21:8:44 31.30 0.00000000 0.00000000 -99.00 -99.00 0.00 521.00 517.00 516.00 521.00 nan nan nan 0 4 4 17 
21:8:44 31.50 0.00000000 0.00000000 -99.00 -99.00 0.00 521.00 517.00 516.00 521.00 nan nan nan 0 4 4 17 
21:8:44 31.70 0.00000000 0.00000000 -99.00 -99.00 0.00 521.00 517.00 516.00 521.00 nan nan nan 0 4 4 17 
21:8:44 31.90 0.00000000 0.00000000 -99.00 -99.00 0.00 520.00 518.00 516.00 520.00 nan nan nan 0 4 4 17 
21:8:44 32.11 0.00000000 0.00000000 -99.00 -99.00 0.00 520.00 517.00 516.00 521.00 nan nan nan 0 4 4 17 
21:8:44 32.31 0.00000000 0.00000000 -99.00 -99.00 0.00 521.00 517.00 516.00 521.00 nan nan nan 0 4 4 17 
21:8:44 32.51 0.00000000 0.00000000 -99.00 -99.00 0.00 521.00 517.00 516.00 521.00 nan nan nan 0 4 4 17 
21:8:44 32.71 0.00000000 0.00000000 -99.00 -99.00 0.00 520.00 517.00 516.00 521.00 nan nan nan 0 4 4 17 
21:8:44 32.91 0.00000000 0.00000000 -99.00 -99.00 0.00 520.00 517.00 516.00 521.00 nan nan nan 0 4 4 17 
21:8:45 33.11 0.00000000 210.00013732 -99.00 -99.00 0.00 520.00 517.00 516.00 521.00 nan nan nan 0 4 4 17 
21:8:45 33.31 0.00000000 210.00013732 -99.00 -99.00 0.00 521.00 517.00 516.00 520.00 nan nan nan 0 4 4 17 
21:8:45 33.51 0.00000000 210.00013732 -99.00 -99.00 0.00 520.00 517.00 516.00 520.00 nan nan nan 0 4 4 17 
21:8:45 33.71 0.00000000 210.00013732 -99.00 -99.00 0.00 520.00 517.00 516.00 520.00 nan nan nan 0 4 4 17 
21:8:45 33.92 0.00000000 210.00013732 -99.00 -99.00 0.00 520.00 517.00 516.00 520.00 nan nan nan 0 4 4 17 
21:8:45 34.12 0.00000000 210.00013732 -99.00 -99.00 0.00 521.00 517.00 516.00 520.00 nan nan nan 0 4 4 17 
21:8:45 34.32 0.00000000 210.00013732 -99.00 -99.00 0.00 521.00 517.00 516.00 521.00 nan nan nan 0 4 4 17 
21:8:45 34.52 0.00000000 210.00013732 -99.00 -99.00 0.00 520.00 517.00 516.00 521.00 nan nan nan 0 4 4 17 
21:8:45 34.72 0.00000000 210.00013732 -99.00 -99.00 0.00 521.00 517.00 516.00 521.00 nan nan nan 0 4 4 17 
21:8:45 34.92 0.00000000 210.00013732 -99.00 -99.00 0.00 520.00 517.00 516.00 521.00 nan nan nan 0 4 4 17 
21:8:47 35.12 0.00000000 0.00000000 -99.00 -99.00 0.00 521.00 517.00 516.00 520.00 nan nan nan 0 4 4 17 
21:8:47 35.32 0.00000000 0.00000000 -99.00 -99.00 0.00 521.00 517.00 516.00 521.00 nan nan nan 0 4 4 17 
21:8:47 35.52 0.00000000 0.00000000 -99.00 -99.00 0.00 521.00 517.00 516.00 520.00 nan nan nan 0 4 4 17 
21:8:47 35.72 0.00000000 0.00000000 -99.00 -99.00 0.00 520.00 517.00 516.00 520.00 nan nan nan 0 4 4 17 
21:8:47 35.93 0.00000000 0.00000000 -99.00 -99.00 0.00 521.00 517.00 516.00 520.00 nan nan nan 0 4 4 17 
21:8:48 36.13 0.00000000 0.00000000 -99.00 -99.00 0.00 521.00 517.00 516.00 521.00 nan nan nan 0 4 4 17 
21:8:48 36.33 0.00000000 0.00000000 -99.00 -99.00 0.00 521.00 517.00 516.00 521.00 nan nan nan 0 4 4 17 
21:8:48 36.53 0.00000000 0.00000000 -99.00 -99.00 0.00 521.00 517.00 516.00 520.00 nan nan nan 0 4 4 17 
21:8:48 36.73 0.00000000 0.00000000 -99.00 -99.00 0.00 520.00 517.00 516.00 521.00 nan nan nan 0 4 4 17 
21:8:48 36.93 0.00000000 0.00000000 -99.00 -99.00 0.00 521.00 517.00 516.00 520.00 nan nan nan 0 4 4 17 
21:8:49 37.13 0.00000000 210.00013732 -99.00 -99.00 0.00 521.00 517.00 516.00 520.00 nan nan nan 0 4 4 17 
21:8:49 37.34 0.00000000 210.00013732 -99.00 -99.00 0.00 521.00 517.00 516.00 521.00 nan nan nan 0 4 4 17 
21:8:49 37.54 0.00000000 210.00013732 -99.00 -99.00 0.00 520.00 517.00 516.00 521.00 nan nan nan 0 4 4 17 
21:8:49 37.74 0.00000000 210.00013732 -99.00 -99.00 0.00 521.00 517.00 516.00 520.00 nan nan nan 0 4 4 17 
21:8:49 37.94 0.00000000 210.00013732 -99.00 -99.00 0.00 521.00 517.00 516.00 521.00 nan nan nan 0 4 4 17 
21:8:51 38.14 0.00000000 0.00000000 -99.00 -99.00 0.00 521.00 517.00 516.00 521.00 nan nan nan 0 4 4 17 
21:8:51 38.34 0.00000000 0.00000000 -99.00 -99.00 0.00 521.00 517.00 516.00 521.00 nan nan nan 0 4 4 17 
21:8:51 38.54 0.00000000 0.00000000 -99.00 -99.00 0.00 521.00 517.00 516.00 520.00 nan nan nan 0 4 4 17 
21:8:51 38.74 0.00000000 0.00000000 -99.00 -99.00 0.00 521.00 517.00 516.00 521.00 nan nan nan 0 4 4 17 
21:8:51 38.94 0.00000000 0.00000000 -99.00 -99.00 0.00 521.00 517.00 516.00 521.00 nan nan nan 0 4 4 17 
21:8:52 39.15 0.00000000 0.00000000 -99.00 -99.00 0.00 521.00 517.00 516.00 521.00 nan nan nan 0 4 4 17 
21:8:52 39.35 0.00000000 0.00000000 -99.00 -99.00 0.00 521.00 517.00 516.00 520.00 nan nan nan 0 4 4 17 
