0:0:0 0.76 0.00000000 0.00000000 -99.00 -99.00 0.00 523.00 518.00 517.00 523.00 27.10 1001.78 42.66 0 0 0 17 
18:34:3 0.96 0.00000000 0.00000000 -99.00 -99.00 0.00 523.00 519.00 517.00 523.00 27.16 1001.75 42.67 0 0 0 17 
18:34:3 1.16 0.00000000 0.00000000 -99.00 -99.00 0.00 523.00 518.00 517.00 523.00 27.18 1001.73 42.67 0 5 4 17 
18:34:3 1.36 0.00000000 0.00000000 -99.00 -99.00 0.00 523.00 518.00 517.00 523.00 27.20 1001.78 42.66 0 5 4 17 
18:34:3 1.56 0.00000000 0.00000000 -99.00 -99.00 0.00 523.00 518.00 517.00 523.00 27.20 1001.75 42.65 0 5 4 17 
18:34:3 1.76 0.00000000 0.00000000 -99.00 -99.00 0.00 523.00 518.00 517.00 522.00 27.21 1001.78 42.64 0 5 4 17 
18:34:4 1.96 0.00000000 0.00000000 -99.00 -99.00 0.00 523.00 518.00 517.00 522.00 27.21 1001.80 42.63 0 5 4 17 
18:34:4 2.17 0.00000000 0.00000000 -99.00 -99.00 0.00 523.00 518.00 517.00 523.00 27.22 1001.81 42.61 0 5 4 17 
18:34:4 2.37 0.00000000 0.00000000 -99.00 -99.00 0.00 523.00 518.00 517.00 522.00 27.22 1001.79 42.60 0 5 4 17 
18:34:4 2.57 0.00000000 0.00000000 -99.00 -99.00 0.00 523.00 518.00 517.00 522.00 27.22 1001.78 42.59 0 5 4 17 
18:34:4 2.77 0.00000000 0.00000000 -99.00 -99.00 0.00 523.00 518.00 517.00 522.00 27.23 1001.78 42.58 0 5 4 17 
18:34:5 2.97 0.00000000 0.00000000 -99.00 -99.00 0.00 523.00 518.00 517.00 522.00 27.23 1001.72 42.58 0 5 4 17 
18:34:5 3.17 0.00000000 0.00000000 -99.00 -99.00 0.00 523.00 518.00 517.00 522.00 27.23 1001.75 42.57 0 5 4 17 
18:34:5 3.37 0.00000000 0.00000000 -99.00 -99.00 0.00 523.00 518.00 516.00 522.00 27.23 1001.72 42.57 0 5 4 17 
18:34:5 3.57 0.00000000 0.00000000 -99.00 -99.00 0.00 523.00 518.00 516.00 522.00 27.23 1001.72 42.57 0 5 4 17 
18:34:5 3.77 0.00000000 0.00000000 -99.00 -99.00 0.00 522.00 517.00 516.00 522.00 27.23 1001.71 42.57 0 5 4 17 
18:34:6 3.98 0.00000000 0.00000000 -99.00 -99.00 0.00 523.00 518.00 516.00 522.00 27.23 1001.77 42.58 0 5 4 17 
18:34:6 4.18 0.00000000 0.00000000 -99.00 -99.00 0.00 522.00 517.00 516.00 522.00 27.23 1001.71 42.58 0 5 4 17 
18:34:6 4.38 0.00000000 0.00000000 -99.00 -99.00 0.00 523.00 518.00 516.00 523.00 27.23 1001.74 42.59 0 5 4 17 
18:34:6 4.58 0.00000000 0.00000000 -99.00 -99.00 0.00 522.00 517.00 516.00 522.00 27.23 1001.70 42.63 0 5 4 17 
18:34:6 4.78 0.00000000 0.00000000 -99.00 -99.00 0.00 522.00 518.00 516.00 522.00 27.22 1001.76 42.59 0 5 4 17 
