0:0:0 0.76 0.00000000 0.00000000 -99.00 -99.00 0.00 528.00 521.00 518.00 527.00 39.18 1002.56 45.34 0 0 0 17 
18:19:6 0.96 0.00000000 0.00000000 -99.00 -99.00 0.00 527.00 521.00 518.00 527.00 39.19 1002.62 45.28 0 0 0 17 
18:19:6 1.16 0.00000000 0.00000000 -99.00 -99.00 0.00 527.00 521.00 518.00 527.00 39.16 1002.65 45.19 0 5 4 17 
18:19:6 1.37 0.00000000 0.00000000 -99.00 -99.00 0.00 528.00 520.00 518.00 527.00 39.10 1002.64 45.04 0 5 4 17 
18:19:6 1.57 0.00000000 0.00000000 -99.00 -99.00 0.00 528.00 520.00 518.00 527.00 39.04 1002.62 45.01 0 5 4 17 
18:19:6 1.77 0.00000000 0.00000000 -99.00 -99.00 0.00 527.00 520.00 519.00 527.00 39.00 1002.61 45.07 0 5 4 17 
18:19:7 1.97 0.00000000 0.00000000 -99.00 -99.00 0.00 527.00 520.00 518.00 527.00 38.96 1003.41 45.18 0 5 4 17 
18:19:7 2.17 0.00000000 0.00000000 -99.00 -99.00 0.00 527.00 520.00 518.00 527.00 38.97 1003.42 45.34 0 5 4 17 
18:19:7 2.37 0.00000000 0.00000000 -99.00 -99.00 0.00 527.00 520.00 518.00 527.00 39.01 1003.37 45.47 0 5 4 17 
18:19:7 2.57 0.00000000 0.00000000 -99.00 -99.00 0.00 527.00 520.00 518.00 526.00 39.04 1003.38 45.48 0 5 4 17 
18:19:7 2.77 0.00000000 0.00000000 -99.00 -99.00 0.00 527.00 520.00 518.00 527.00 39.07 1003.40 45.43 0 5 4 17 
18:19:8 2.98 0.00000000 0.00000000 -99.00 -99.00 0.00 527.00 520.00 518.00 527.00 39.09 1002.65 45.41 0 5 4 17 
18:19:8 3.18 0.00000000 0.00000000 -99.00 -99.00 0.00 527.00 520.00 518.00 527.00 39.06 1002.62 45.40 0 5 4 17 
18:19:8 3.38 0.00000000 0.00000000 -99.00 -99.00 0.00 527.00 520.00 518.00 526.00 39.01 1002.64 45.39 0 5 4 17 
18:19:8 3.58 0.00000000 0.00000000 -99.00 -99.00 0.00 527.00 520.00 517.00 527.00 38.94 1002.65 45.32 0 5 4 17 
18:19:8 3.78 0.00000000 0.00000000 -99.00 -99.00 0.00 528.00 520.00 517.00 527.00 38.88 1002.64 45.24 0 5 4 17 
18:19:9 3.98 0.00000000 0.00000000 -99.00 -99.00 0.00 527.00 520.00 518.00 527.00 38.85 1002.60 45.24 0 5 4 17 
18:19:9 4.18 0.00000000 0.00000000 -99.00 -99.00 0.00 527.00 520.00 517.00 527.00 38.79 1002.65 45.29 0 5 4 17 
18:19:9 4.38 0.00000000 0.00000000 -99.00 -99.00 0.00 528.00 520.00 517.00 527.00 38.75 1002.63 45.36 0 5 4 17 
18:19:9 4.58 0.00000000 0.00000000 -99.00 -99.00 0.00 527.00 520.00 517.00 526.00 38.72 1002.63 45.46 0 5 4 17 
18:19:9 4.78 0.00000000 0.00000000 -99.00 -99.00 0.00 527.00 520.00 517.00 527.00 38.68 1002.67 45.50 0 5 4 17 
18:19:10 4.98 0.00000000 0.00000000 -99.00 -99.00 0.00 527.00 520.00 518.00 527.00 38.67 1002.68 45.47 0 5 4 17 
18:19:10 5.19 0.00000000 0.00000000 -99.00 -99.00 0.00 527.00 520.00 517.00 526.00 38.64 1002.68 45.38 0 5 4 17 
18:19:10 5.39 0.00000000 0.00000000 -99.00 -99.00 0.00 527.00 520.00 518.00 526.00 38.61 1002.65 45.35 0 5 4 17 
18:19:10 5.59 0.00000000 0.00000000 -99.00 -99.00 0.00 527.00 520.00 517.00 527.00 38.58 1003.22 45.33 0 5 4 17 
18:19:10 5.79 0.00000000 0.00000000 -99.00 -99.00 0.00 527.00 520.00 517.00 527.00 38.56 1002.70 45.37 0 5 4 17 
18:19:11 5.99 0.00000000 0.00000000 -99.00 -99.00 0.00 527.00 520.00 517.00 526.00 38.57 1003.51 45.36 0 5 4 17 
18:19:11 6.19 0.00000000 0.00000000 -99.00 -99.00 0.00 527.00 520.00 518.00 527.00 38.61 1003.49 45.34 0 5 4 17 
18:19:11 6.39 0.00000000 0.00000000 -99.00 -99.00 0.00 527.00 520.00 517.00 526.00 38.65 1003.48 45.38 0 5 4 17 
18:19:11 6.59 0.00000000 0.00000000 -99.00 -99.00 0.00 527.00 520.00 517.00 527.00 38.68 1003.48 45.39 0 5 4 17 
18:19:11 6.79 0.00000000 0.00000000 -99.00 -99.00 0.00 527.00 520.00 517.00 526.00 38.72 1003.48 45.35 0 5 4 17 
18:19:11 6.99 0.00000000 0.00000000 -99.00 -99.00 0.00 527.00 520.00 518.00 526.00 38.75 1003.50 45.27 0 5 4 17 
18:19:12 7.19 0.00000000 0.00000000 -99.00 -99.00 0.00 527.00 520.00 517.00 526.00 38.78 1003.46 45.22 0 5 4 17 
18:19:12 7.39 0.00000000 0.00000000 -99.00 -99.00 0.00 527.00 520.00 517.00 526.00 38.81 1003.52 45.23 0 5 4 17 
18:19:12 7.59 0.00000000 0.00000000 -99.00 -99.00 0.00 527.00 520.00 517.00 526.00 38.86 1003.54 45.42 0 5 4 17 
18:19:12 7.79 0.00000000 0.00000000 -99.00 -99.00 0.00 527.00 520.00 517.00 527.00 38.91 1003.46 45.57 0 5 4 17 
18:19:12 7.99 0.00000000 0.00000000 -99.00 -99.00 0.00 527.00 520.00 517.00 526.00 38.95 1003.46 45.62 0 5 4 17 
18:19:14 8.20 0.00000000 0.00000000 -99.00 -99.00 0.00 527.00 519.00 517.00 526.00 38.99 1003.48 45.63 0 5 4 17 
18:19:14 8.40 0.00000000 0.00000000 -99.00 -99.00 0.00 527.00 520.00 517.00 527.00 39.02 1003.52 45.63 0 5 4 17 
18:19:14 8.60 0.00000000 0.00000000 -99.00 -99.00 0.00 527.00 520.00 517.00 526.00 39.02 1003.46 45.63 0 5 4 17 
18:19:14 8.80 0.00000000 0.00000000 -99.00 -99.00 0.00 527.00 520.00 517.00 527.00 39.05 1003.43 45.62 0 5 4 17 
18:19:14 9.00 0.00000000 0.00000000 -99.00 -99.00 0.00 527.00 520.00 517.00 526.00 39.08 1003.46 45.63 0 5 4 17 
18:19:15 9.20 0.00000000 0.00000000 -99.00 -99.00 0.00 527.00 520.00 517.00 526.00 39.11 1003.53 45.65 0 5 4 17 
18:19:15 9.40 0.00000000 0.00000000 -99.00 -99.00 0.00 527.00 520.00 517.00 526.00 39.13 1003.51 45.59 0 5 4 17 
18:19:15 9.60 0.00000000 0.00000000 -99.00 -99.00 0.00 527.00 520.00 517.00 526.00 39.15 1003.49 45.51 0 5 4 17 
18:19:15 9.80 0.00000000 0.00000000 -99.00 -99.00 0.00 527.00 520.00 517.00 527.00 39.16 1003.52 45.42 0 5 4 17 
18:19:15 10.00 0.00000000 0.00000000 -99.00 -99.00 0.00 527.00 519.00 517.00 526.00 39.18 1003.45 45.44 0 5 4 17 
18:19:16 10.20 0.00000000 0.00000000 -99.00 -99.00 0.00 527.00 520.00 517.00 526.00 39.20 1003.48 45.49 0 5 4 17 
18:19:16 10.40 0.00000000 0.00000000 -99.00 -99.00 0.00 527.00 519.00 517.00 526.00 39.22 1003.47 45.40 0 5 4 17 
18:19:16 10.61 0.00000000 0.00000000 -99.00 -99.00 0.00 527.00 519.00 517.00 527.00 39.24 1003.45 45.26 0 5 4 17 
18:19:16 10.81 0.00000000 0.00000000 -99.00 -99.00 0.00 527.00 520.00 517.00 526.00 39.27 1003.48 45.14 0 5 4 17 
18:19:16 11.01 0.00000000 0.00000000 -99.00 -99.00 0.00 527.00 520.00 517.00 526.00 39.29 1003.44 45.10 0 5 4 17 
18:19:17 11.21 0.00000000 0.00000000 -99.00 -99.00 0.00 527.00 520.00 517.00 526.00 39.31 1003.47 45.04 0 5 4 17 
18:19:17 11.41 0.00000000 0.00000000 -99.00 -99.00 0.00 527.00 520.00 517.00 526.00 39.33 1003.46 44.98 0 5 4 17 
18:19:17 11.61 0.00000000 0.00000000 -99.00 -99.00 0.00 527.00 520.00 517.00 526.00 39.34 1003.47 44.95 0 5 4 17 
18:19:17 11.81 0.00000000 0.00000000 -99.00 -99.00 0.00 527.00 520.00 517.00 526.00 39.36 1003.47 44.89 0 5 4 17 
18:19:17 12.01 0.00000000 0.00000000 -99.00 -99.00 0.00 527.00 519.00 517.00 527.00 39.37 1003.44 44.83 0 5 4 17 
18:19:18 12.21 0.00000000 0.00000000 -99.00 -99.00 0.00 527.00 520.00 517.00 526.00 39.38 1003.42 44.79 0 5 4 17 
18:19:18 12.41 0.00000000 0.00000000 -99.00 -99.00 0.00 527.00 520.00 517.00 526.00 39.38 1003.48 44.73 0 5 4 17 
18:19:18 12.61 0.00000000 0.00000000 -99.00 -99.00 0.00 527.00 519.00 517.00 526.00 39.40 1003.49 44.71 0 5 4 17 
18:19:18 12.81 0.00000000 0.00000000 -99.00 -99.00 0.00 527.00 520.00 517.00 527.00 39.42 1003.45 44.78 0 5 4 17 
18:19:18 13.02 0.00000000 0.00000000 -99.00 -99.00 0.00 527.00 519.00 517.00 526.00 39.43 1003.45 44.86 0 5 4 17 
18:19:18 13.22 0.00000000 0.00000000 -99.00 -99.00 0.00 527.00 519.00 517.00 526.00 39.45 1003.48 44.89 0 5 4 17 
18:19:18 13.42 0.00000000 0.00000000 -99.00 -99.00 0.00 527.00 520.00 517.00 526.00 39.45 1003.45 44.81 0 5 4 17 
18:19:18 13.62 0.00000000 0.00000000 -99.00 -99.00 0.00 527.00 519.00 516.00 526.00 39.46 1003.45 44.67 0 5 4 17 
18:19:18 13.82 0.00000000 0.00000000 -99.00 -99.00 0.00 527.00 520.00 516.00 526.00 39.47 1003.48 44.62 0 5 4 17 
18:19:18 14.02 0.00000000 0.00000000 -99.00 -99.00 0.00 526.00 519.00 517.00 526.00 39.48 1003.42 44.62 0 5 4 17 
18:19:20 14.22 0.00000000 0.00000000 -99.00 -99.00 0.00 526.00 519.00 517.00 526.00 39.49 1003.41 44.62 0 5 4 17 
18:19:20 14.42 0.00000000 0.00000000 -99.00 -99.00 0.00 527.00 519.00 517.00 527.00 39.49 1003.40 44.62 0 5 4 17 
18:19:20 14.62 0.00000000 0.00000000 -99.00 -99.00 0.00 527.00 520.00 516.00 526.00 39.50 1003.41 44.62 0 5 4 17 
18:19:20 14.82 0.00000000 0.00000000 -99.00 -99.00 0.00 527.00 520.00 517.00 526.00 39.52 1003.42 44.65 0 5 4 17 
18:19:20 15.02 0.00000000 0.00000000 -99.00 -99.00 0.00 527.00 519.00 516.00 526.00 39.53 1003.43 44.81 0 5 4 17 
18:19:21 15.22 0.00000000 0.00000000 -99.00 -99.00 0.00 527.00 520.00 517.00 526.00 39.53 1003.45 44.85 0 5 4 17 
18:19:21 15.42 0.00000000 0.00000000 -99.00 -99.00 0.00 527.00 519.00 517.00 526.00 39.54 1003.37 44.91 0 5 4 17 
18:19:21 15.62 0.00000000 0.00000000 -99.00 -99.00 0.00 527.00 519.00 517.00 526.00 39.56 1003.43 44.98 0 5 4 17 
18:19:21 15.82 0.00000000 0.00000000 -99.00 -99.00 0.00 527.00 520.00 517.00 526.00 39.58 1003.34 45.10 0 5 4 17 
18:19:21 16.02 0.00000000 0.00000000 -99.00 -99.00 0.00 527.00 519.00 516.00 526.00 39.58 1003.42 45.18 0 5 4 17 
18:19:22 16.23 0.00000000 0.00000000 -99.00 -99.00 0.00 527.00 520.00 517.00 526.00 39.58 1003.41 45.22 0 5 4 17 
18:19:22 16.43 0.00000000 0.00000000 -99.00 -99.00 0.00 527.00 520.00 517.00 526.00 39.58 1003.43 45.34 0 5 4 17 
18:19:22 16.63 0.00000000 0.00000000 -99.00 -99.00 0.00 527.00 520.00 517.00 526.00 39.59 1003.45 45.54 0 5 4 17 
18:19:22 16.83 0.00000000 0.00000000 -99.00 -99.00 0.00 527.00 519.00 517.00 526.00 39.60 1003.35 45.75 0 5 4 17 
18:19:22 17.03 0.00000000 0.00000000 -99.00 -99.00 0.00 527.00 519.00 517.00 526.00 39.62 1003.41 46.12 0 5 4 17 
18:19:23 17.23 0.00000000 0.00000000 -99.00 -99.00 0.00 527.00 520.00 517.00 526.00 39.63 1003.46 46.31 0 5 4 17 
18:19:23 17.43 0.00000000 0.00000000 -99.00 -99.00 0.00 527.00 520.00 517.00 527.00 39.64 1003.40 46.40 0 5 4 17 
18:19:23 17.63 0.00000000 0.00000000 -99.00 -99.00 0.00 527.00 520.00 517.00 526.00 39.65 1003.44 46.45 0 5 4 17 
18:19:23 17.83 0.00000000 0.00000000 -99.00 -99.00 0.00 527.00 519.00 517.00 527.00 39.65 1003.44 46.50 0 5 4 17 
18:19:23 18.04 0.00000000 0.00000000 -99.00 -99.00 0.00 527.00 519.00 517.00 526.00 39.65 1003.44 46.46 0 5 4 17 
18:19:24 18.24 0.00000000 0.00000000 -99.00 -99.00 0.00 526.00 520.00 517.00 526.00 39.65 1003.43 46.39 0 5 4 17 
18:19:24 18.44 0.00000000 0.00000000 -99.00 -99.00 0.00 527.00 520.00 517.00 527.00 39.66 1003.42 46.42 0 5 4 17 
18:19:24 18.64 0.00000000 0.00000000 -99.00 -99.00 0.00 527.00 520.00 517.00 526.00 39.68 1003.46 46.48 0 5 4 17 
18:19:24 18.84 0.00000000 0.00000000 -99.00 -99.00 0.00 527.00 520.00 517.00 526.00 39.70 1003.41 46.56 0 5 4 17 
18:19:25 19.04 0.00000000 0.00000000 -99.00 -99.00 0.00 526.00 520.00 517.00 526.00 39.71 1003.45 46.54 0 5 4 17 
18:19:25 19.24 0.00000000 0.00000000 -99.00 -99.00 0.00 527.00 519.00 517.00 526.00 39.71 1003.47 46.57 0 5 4 17 
18:19:25 19.44 0.00000000 0.00000000 -99.00 -99.00 0.00 526.00 520.00 517.00 526.00 39.72 1003.47 46.68 0 5 4 17 
18:19:25 19.64 0.00000000 0.00000000 -99.00 -99.00 0.00 526.00 520.00 517.00 526.00 39.73 1003.46 46.64 0 5 4 17 
18:19:25 19.85 0.00000000 0.00000000 -99.00 -99.00 0.00 527.00 520.00 517.00 526.00 39.74 1003.43 46.54 0 5 4 17 
18:19:26 20.05 0.00000000 0.00000000 -99.00 -99.00 0.00 527.00 520.00 517.00 526.00 39.75 1003.45 46.54 0 5 4 17 
18:19:26 20.25 0.00000000 0.00000000 -99.00 -99.00 0.00 527.00 520.00 517.00 526.00 39.76 1003.39 46.60 0 5 4 17 
18:19:26 20.45 0.00000000 0.00000000 -99.00 -99.00 0.00 527.00 520.00 517.00 526.00 39.76 1003.44 46.59 0 5 4 17 
18:19:26 20.65 0.00000000 0.00000000 -99.00 -99.00 0.00 527.00 519.00 517.00 526.00 39.77 1003.44 46.52 0 5 4 17 
18:19:26 20.85 0.00000000 0.00000000 -99.00 -99.00 0.00 527.00 520.00 517.00 526.00 39.78 1003.42 46.41 0 5 4 17 
18:19:27 21.05 0.00000000 0.00000000 -99.00 -99.00 0.00 527.00 520.00 517.00 526.00 39.77 1003.42 46.20 0 5 4 17 
18:19:27 21.25 0.00000000 0.00000000 -99.00 -99.00 0.00 527.00 520.00 517.00 527.00 39.76 1003.47 45.98 0 5 4 17 
18:19:27 21.46 0.00000000 0.00000000 -99.00 -99.00 0.00 527.00 520.00 517.00 526.00 39.76 1003.44 45.78 0 5 4 17 
18:19:27 21.66 0.00000000 0.00000000 -99.00 -99.00 0.00 527.00 520.00 516.00 526.00 39.75 1003.39 45.63 0 5 4 17 
18:19:27 21.86 0.00000000 0.00000000 -99.00 -99.00 0.00 526.00 520.00 517.00 526.00 39.76 1003.47 45.62 0 5 4 17 
18:19:28 22.06 0.00000000 0.00000000 -99.00 -99.00 0.00 527.00 519.00 517.00 526.00 39.77 1003.45 45.71 0 5 4 17 
18:19:28 22.26 0.00000000 0.00000000 -99.00 -99.00 0.00 527.00 519.00 517.00 526.00 39.78 1003.38 45.77 0 5 4 17 
18:19:28 22.46 0.00000000 0.00000000 -99.00 -99.00 0.00 527.00 520.00 517.00 527.00 39.79 1003.33 45.86 0 5 4 17 
18:19:28 22.66 0.00000000 0.00000000 -99.00 -99.00 0.00 527.00 520.00 516.00 526.00 39.80 1003.39 45.67 0 5 4 17 
18:19:28 22.86 0.00000000 0.00000000 -99.00 -99.00 0.00 527.00 520.00 517.00 527.00 39.82 1003.40 45.63 0 5 4 17 
18:19:29 23.06 0.00000000 0.00000000 -99.00 -99.00 0.00 527.00 520.00 517.00 526.00 39.84 1003.35 45.73 0 5 4 17 
18:19:29 23.27 0.00000000 0.00000000 -99.00 -99.00 0.00 527.00 520.00 517.00 526.00 39.85 1003.36 45.63 0 5 4 17 
18:19:29 23.47 0.00000000 0.00000000 -99.00 -99.00 0.00 527.00 519.00 517.00 526.00 39.86 1003.43 45.49 0 5 4 17 
18:19:29 23.70 0.00000000 0.00000000 -99.00 -99.00 0.00 527.00 520.00 517.00 526.00 39.85 1003.33 45.43 0 5 4 17 
18:19:29 23.90 0.00000000 0.00000000 -99.00 -99.00 0.00 527.00 521.00 517.00 526.00 39.85 1003.40 45.47 0 5 4 17 
18:19:29 24.10 0.00000000 0.00000000 -99.00 -99.00 0.00 527.00 520.00 517.00 527.00 39.84 1003.33 45.54 0 5 4 17 
18:19:30 24.30 30.69165039 -88.17472076 -99.00 -99.00 31.00 526.00 520.00 517.00 527.00 39.85 1003.38 45.57 0 5 4 17 
18:19:30 24.51 30.69165039 -88.17472076 -99.00 -99.00 31.00 526.00 520.00 517.00 526.00 39.86 1003.38 45.45 1 0 50 17 
18:19:30 24.71 30.69165039 -88.17472076 -99.00 -99.00 31.00 527.00 520.00 517.00 526.00 39.85 1003.36 45.21 1 0 50 17 
18:19:30 24.91 30.69165039 -88.17472076 -99.00 -99.00 31.00 527.00 520.00 516.00 526.00 39.85 1003.40 44.94 1 0 50 17 
18:19:30 25.11 30.69165039 -88.17472076 -99.00 -99.00 31.00 527.00 520.00 517.00 526.00 39.86 1003.37 44.69 1 0 50 17 
18:19:31 25.31 30.69165420 -88.17472076 -99.00 -99.00 31.10 527.00 520.00 517.00 526.00 39.86 1003.36 44.58 1 0 50 17 
18:19:31 25.51 30.69165420 -88.17472076 -99.00 -99.00 31.10 527.00 519.00 517.00 526.00 39.86 1003.35 44.47 1 0 50 17 
18:19:31 25.71 30.69165420 -88.17472076 -99.00 -99.00 31.10 527.00 520.00 516.00 526.00 39.86 1003.42 44.41 1 0 50 17 
18:19:31 25.91 30.69165420 -88.17472076 -99.00 -99.00 31.10 527.00 520.00 516.00 526.00 39.85 1003.39 44.42 1 0 50 17 
18:19:31 26.11 30.69165420 -88.17472076 -99.00 -99.00 31.10 527.00 520.00 517.00 526.00 39.84 1003.33 44.27 1 0 50 17 
18:19:31 26.32 30.69165420 -88.17472076 -99.00 -99.00 31.10 527.00 519.00 517.00 526.00 39.83 1003.40 44.14 1 0 50 17 
18:19:31 26.52 30.69165420 -88.17472076 -99.00 -99.00 31.10 527.00 519.00 517.00 526.00 39.80 1003.39 44.10 1 0 50 17 
18:19:31 26.72 30.69165420 -88.17472076 -99.00 -99.00 31.10 527.00 520.00 516.00 526.00 39.81 1003.34 43.96 1 0 50 17 
18:19:31 26.92 30.69165420 -88.17472076 -99.00 -99.00 31.10 527.00 519.00 516.00 526.00 39.83 1003.35 43.89 1 0 50 17 
18:19:31 27.12 0.00050160 181.00016784 -99.00 -99.00 0.00 527.00 520.00 516.00 526.00 39.86 1003.33 43.97 1 0 50 17 
18:19:32 27.32 30.69165039 -88.17470550 -99.00 -99.00 0.00 527.00 520.00 517.00 526.00 39.88 1003.38 44.05 1 5 4 17 
18:19:32 27.52 30.69165039 -88.17470550 -99.00 -99.00 0.00 527.00 520.00 517.00 526.00 39.90 1003.34 44.12 1 5 4 17 
18:19:32 27.72 30.69165039 -88.17470550 -99.00 -99.00 0.00 527.00 520.00 516.00 526.00 39.92 1003.41 44.15 1 5 4 17 
18:19:32 27.92 30.69165039 -88.17470550 -99.00 -99.00 0.00 527.00 519.00 516.00 526.00 39.94 1003.37 44.00 1 5 4 17 
18:19:34 28.13 30.69165039 -88.17472076 -99.00 -99.00 34.10 527.00 520.00 517.00 526.00 39.94 1003.33 43.91 1 5 4 17 
18:19:34 28.33 30.69165039 -88.17472076 -99.00 -99.00 34.10 527.00 519.00 517.00 526.00 39.94 1003.39 43.90 1 5 4 17 
18:19:34 28.53 30.69165039 -88.17472076 -99.00 -99.00 34.10 527.00 519.00 517.00 526.00 39.93 1003.40 44.06 1 5 4 17 
18:19:34 28.73 30.69165039 -88.17472076 -99.00 -99.00 34.10 527.00 520.00 516.00 526.00 39.91 1003.38 44.04 1 5 4 17 
18:19:34 28.93 30.69165039 -88.17472076 -99.00 -99.00 34.10 527.00 520.00 517.00 527.00 39.90 1003.30 43.96 1 5 4 17 
18:19:35 29.13 30.69164276 -88.17472076 -99.00 -99.00 35.00 527.00 519.00 517.00 526.00 39.86 1003.33 43.89 1 0 50 17 
18:19:35 29.33 30.69164276 -88.17472076 -99.00 -99.00 35.00 527.00 519.00 517.00 526.00 39.84 1003.37 43.74 1 0 50 17 
18:19:35 29.53 30.69164276 -88.17472076 -99.00 -99.00 35.00 527.00 519.00 516.00 527.00 39.84 1003.34 43.74 1 0 50 17 
18:19:35 29.73 30.69164276 -88.17472076 -99.00 -99.00 35.00 527.00 519.00 516.00 526.00 39.85 1003.32 43.68 1 0 50 17 
18:19:35 29.93 30.69164276 -88.17472076 -99.00 -99.00 35.00 527.00 519.00 516.00 526.00 39.86 1003.33 43.48 1 0 50 17 
18:19:36 30.14 30.69163894 -88.17472076 -99.00 -99.00 35.30 527.00 519.00 517.00 526.00 39.86 1003.36 43.35 1 5 4 17 
18:19:36 30.34 30.69163894 -88.17472076 -99.00 -99.00 35.30 527.00 520.00 516.00 526.00 39.84 1003.32 43.26 1 5 4 17 
18:19:36 30.54 30.69163894 -88.17472076 -99.00 -99.00 35.30 527.00 519.00 516.00 526.00 39.84 1003.35 43.21 1 5 4 17 
18:19:36 30.74 30.69163894 -88.17472076 -99.00 -99.00 35.30 527.00 519.00 517.00 526.00 39.83 1003.33 43.21 1 5 4 17 
18:19:36 30.94 30.69163894 -88.17472076 -99.00 -99.00 35.30 527.00 520.00 516.00 526.00 39.83 1003.36 43.27 1 5 4 17 
18:19:36 31.14 30.69163894 -88.17472076 -99.00 -99.00 35.70 527.00 519.00 516.00 527.00 39.84 1003.38 43.25 1 5 4 17 
18:19:36 31.34 30.69163894 -88.17472076 -99.00 -99.00 35.70 527.00 520.00 517.00 527.00 39.85 1003.35 43.09 1 5 4 17 
18:19:36 31.54 30.69163894 -88.17472076 -99.00 -99.00 35.70 527.00 519.00 517.00 526.00 39.85 1003.38 42.94 1 5 4 17 
18:19:36 31.74 30.69163894 -88.17472076 -99.00 -99.00 35.70 527.00 519.00 517.00 527.00 39.84 1003.34 42.89 1 5 4 17 
18:19:36 31.94 30.69163894 -88.17472076 -99.00 -99.00 35.70 527.00 520.00 516.00 526.00 39.84 1003.35 42.88 1 5 4 17 
18:19:38 32.15 30.69163322 -88.17472076 -99.00 -99.00 34.70 527.00 520.00 517.00 526.00 39.82 1003.32 42.83 1 5 4 17 
18:19:38 32.35 30.69163322 -88.17472076 -99.00 -99.00 34.70 527.00 520.00 517.00 526.00 39.83 1003.36 42.69 1 5 4 17 
18:19:38 32.55 30.69163322 -88.17472076 -99.00 -99.00 34.70 527.00 520.00 516.00 526.00 39.84 1003.29 42.65 1 5 4 17 
18:19:38 32.75 30.69163322 -88.17472076 -99.00 -99.00 34.70 527.00 520.00 516.00 526.00 39.86 1003.34 42.59 1 5 4 17 
18:19:38 32.95 30.69163322 -88.17472076 -99.00 -99.00 34.70 527.00 519.00 516.00 526.00 39.87 1003.31 42.52 1 5 4 17 
18:19:38 33.15 30.69163322 -88.17472076 -99.00 -99.00 34.70 527.00 520.00 517.00 526.00 39.87 1003.31 42.49 1 5 4 17 
18:19:38 33.35 30.69163322 -88.17472076 -99.00 -99.00 34.70 527.00 519.00 517.00 526.00 39.84 1003.33 42.39 1 5 4 17 
18:19:38 33.55 30.69163322 -88.17472076 -99.00 -99.00 34.70 527.00 519.00 516.00 527.00 39.84 1003.36 42.39 1 5 4 17 
18:19:38 33.76 30.69163322 -88.17472076 -99.00 -99.00 34.70 527.00 520.00 516.00 526.00 39.86 1003.34 42.47 1 5 4 17 
18:19:38 33.96 30.69163322 -88.17472076 -99.00 -99.00 34.70 527.00 519.00 516.00 527.00 39.89 1003.39 42.71 1 5 4 17 
18:19:38 34.16 30.69163322 -88.17472076 -99.00 -99.00 34.70 527.00 519.00 516.00 526.00 39.91 1003.36 42.78 1 5 4 17 
18:19:38 34.36 30.69163322 -88.17472076 -99.00 -99.00 34.70 527.00 520.00 517.00 527.00 39.93 1003.32 42.76 1 5 4 17 
18:19:38 34.56 30.69163322 -88.17472076 -99.00 -99.00 34.70 527.00 520.00 517.00 526.00 39.94 1003.33 42.72 1 5 4 17 
18:19:38 34.76 30.69163322 -88.17472076 -99.00 -99.00 34.70 527.00 520.00 517.00 526.00 39.95 1003.34 42.75 1 5 4 17 
18:19:38 34.96 30.69163322 -88.17472076 -99.00 -99.00 34.70 527.00 519.00 516.00 526.00 39.96 1003.33 42.78 1 5 4 17 
18:19:39 35.16 30.69163322 -88.17472076 -99.00 -99.00 34.00 527.00 519.00 516.00 526.00 39.98 1003.34 42.94 1 5 4 17 
18:19:39 35.36 30.69163322 -88.17472076 -99.00 -99.00 34.00 527.00 520.00 516.00 526.00 40.00 1003.37 43.11 1 5 4 17 
18:19:39 35.56 30.69163322 -88.17472076 -99.00 -99.00 34.00 527.00 519.00 516.00 527.00 40.00 1003.34 43.13 1 5 4 17 
18:19:39 35.77 30.69163322 -88.17472076 -99.00 -99.00 34.00 527.00 520.00 517.00 526.00 40.00 1003.33 43.16 1 5 4 17 
18:19:39 35.97 30.69163322 -88.17472076 -99.00 -99.00 34.00 527.00 519.00 517.00 526.00 40.01 1003.34 43.24 1 5 4 17 
18:19:42 36.17 30.69162940 -88.17473602 -99.00 -99.00 31.70 527.00 520.00 517.00 526.00 40.02 1003.34 43.25 1 5 4 17 
18:19:42 36.37 30.69162940 -88.17473602 -99.00 -99.00 31.70 527.00 519.00 517.00 527.00 40.00 1003.34 43.18 1 5 4 17 
18:19:42 36.57 30.69162940 -88.17473602 -99.00 -99.00 31.70 527.00 520.00 516.00 526.00 40.01 1003.31 43.13 1 5 4 17 
18:19:42 36.77 30.69162940 -88.17473602 -99.00 -99.00 31.70 527.00 520.00 516.00 526.00 40.01 1003.38 43.18 1 5 4 17 
18:19:42 36.97 30.69162940 -88.17473602 -99.00 -99.00 31.70 527.00 519.00 516.00 526.00 40.04 1003.38 43.30 1 5 4 17 
18:19:42 37.17 30.69162940 -88.17473602 -99.00 -99.00 31.70 527.00 519.00 516.00 526.00 40.05 1003.38 43.26 1 5 4 17 
18:19:42 37.38 30.69162940 -88.17473602 -99.00 -99.00 31.70 526.00 519.00 516.00 526.00 40.07 1003.35 43.25 1 5 4 17 
18:19:42 37.58 30.69162940 -88.17473602 -99.00 -99.00 31.70 526.00 519.00 516.00 526.00 40.09 1003.32 43.28 1 5 4 17 
18:19:42 37.78 30.69162940 -88.17473602 -99.00 -99.00 31.70 527.00 520.00 517.00 526.00 40.11 1003.32 43.12 1 5 4 17 
18:19:42 37.98 30.69162940 -88.17473602 -99.00 -99.00 31.70 527.00 520.00 517.00 526.00 40.11 1003.31 43.01 1 5 4 17 
18:19:42 38.18 30.69162940 -88.17473602 -99.00 -99.00 31.70 527.00 520.00 517.00 526.00 40.11 1003.34 43.02 1 5 4 17 
18:19:42 38.38 30.69162940 -88.17473602 -99.00 -99.00 31.70 527.00 520.00 516.00 527.00 40.12 1003.37 43.17 1 5 4 17 
18:19:42 38.58 30.69162940 -88.17473602 -99.00 -99.00 31.70 527.00 519.00 517.00 526.00 40.14 1003.31 43.24 1 5 4 17 
18:19:42 38.78 30.69162940 -88.17473602 -99.00 -99.00 31.70 527.00 519.00 517.00 526.00 40.13 1003.37 43.19 1 5 4 17 
18:19:42 38.99 30.69162940 -88.17473602 -99.00 -99.00 31.70 527.00 519.00 516.00 526.00 40.12 1003.33 43.11 1 5 4 17 
18:19:43 39.19 30.69162940 -88.17475891 -99.00 -99.00 31.50 527.00 520.00 516.00 526.00 40.12 1003.33 43.10 1 5 4 17 
18:19:43 39.39 30.69162940 -88.17475891 -99.00 -99.00 31.50 527.00 519.00 516.00 526.00 40.13 1003.31 43.13 1 5 4 17 
18:19:43 39.59 30.69162940 -88.17475891 -99.00 -99.00 31.50 527.00 519.00 517.00 527.00 40.13 1003.33 43.08 1 5 4 17 
18:19:43 39.79 30.69162940 -88.17475891 -99.00 -99.00 31.50 526.00 520.00 516.00 526.00 40.12 1003.31 43.11 1 5 4 17 
18:19:43 39.99 30.69162940 -88.17475891 -99.00 -99.00 31.50 527.00 520.00 517.00 526.00 40.15 1003.36 43.47 1 5 4 17 
18:19:46 40.19 30.69162940 -88.17475891 -99.00 -99.00 29.00 527.00 520.00 517.00 526.00 40.15 1003.38 43.53 1 5 4 17 
18:19:46 40.39 30.69162940 -88.17475891 -99.00 -99.00 29.00 527.00 520.00 517.00 526.00 40.15 1003.37 43.53 1 5 4 17 
18:19:46 40.60 30.69162940 -88.17475891 -99.00 -99.00 29.00 527.00 519.00 517.00 526.00 40.15 1003.33 43.43 1 5 4 17 
18:19:46 40.80 30.69162940 -88.17475891 -99.00 -99.00 29.00 527.00 519.00 517.00 527.00 40.15 1003.35 43.15 1 5 4 17 
18:19:46 41.00 30.69162940 -88.17475891 -99.00 -99.00 29.00 527.00 519.00 516.00 526.00 40.15 1003.38 42.73 1 5 4 17 
18:19:46 41.20 30.69162940 -88.17475891 -99.00 -99.00 29.00 527.00 520.00 516.00 526.00 40.15 1003.41 42.67 1 5 4 17 
18:19:46 41.40 30.69162940 -88.17475891 -99.00 -99.00 29.00 527.00 519.00 516.00 526.00 40.16 1003.40 42.46 1 5 4 17 
18:19:46 41.60 30.69162940 -88.17475891 -99.00 -99.00 29.00 527.00 520.00 517.00 526.00 40.15 1003.34 42.31 1 5 4 17 
18:19:46 41.80 30.69162940 -88.17475891 -99.00 -99.00 29.00 527.00 520.00 516.00 526.00 40.11 1003.35 42.22 1 5 4 17 
18:19:46 42.00 30.69162940 -88.17475891 -99.00 -99.00 29.00 527.00 520.00 517.00 526.00 40.08 1003.42 42.13 1 5 4 17 
18:19:47 42.21 30.69163322 -88.17475891 -99.00 -99.00 28.00 526.00 521.00 516.00 526.00 40.08 1003.39 42.12 1 5 4 17 
18:19:47 42.41 30.69163322 -88.17475891 -99.00 -99.00 28.00 526.00 520.00 517.00 526.00 40.10 1003.41 42.13 1 5 4 17 
18:19:47 42.61 30.69163322 -88.17475891 -99.00 -99.00 28.00 526.00 520.00 517.00 526.00 40.09 1003.43 42.04 1 5 4 17 
18:19:47 42.81 30.69163322 -88.17475891 -99.00 -99.00 28.00 526.00 520.00 517.00 526.00 40.07 1003.40 41.95 1 5 4 17 
18:19:47 43.01 30.69163322 -88.17475891 -99.00 -99.00 28.00 527.00 520.00 516.00 526.00 40.06 1003.43 41.90 1 5 4 17 
18:19:48 43.21 18.00033187 -0.00146660 -99.00 -99.00 0.00 527.00 520.00 517.00 526.00 40.06 1003.40 41.89 1 5 4 17 
18:19:48 43.41 18.00033187 -0.00146660 -99.00 -99.00 0.00 526.00 520.00 517.00 526.00 40.09 1003.39 41.84 1 5 4 17 
18:19:48 43.61 18.00033187 -0.00146660 -99.00 -99.00 0.00 526.00 519.00 517.00 526.00 40.10 1003.40 41.87 1 5 4 17 
18:19:48 43.81 18.00033187 -0.00146660 -99.00 -99.00 0.00 527.00 519.00 517.00 526.00 40.11 1003.40 41.83 1 5 4 17 
18:19:48 44.02 18.00033187 -0.00146660 -99.00 -99.00 0.00 527.00 520.00 517.00 526.00 40.11 1003.41 41.65 1 5 4 17 
18:19:50 44.22 30.69165039 -88.17475891 -99.00 -99.00 24.80 527.00 519.00 516.00 526.00 40.12 1003.43 41.58 1 5 4 17 
18:19:50 44.42 30.69165039 -88.17475891 -99.00 -99.00 24.80 527.00 520.00 517.00 526.00 40.14 1003.45 41.52 1 5 4 17 
18:19:50 44.62 30.69165039 -88.17475891 -99.00 -99.00 24.80 527.00 519.00 516.00 526.00 40.16 1003.44 41.53 1 5 4 17 
18:19:50 44.82 30.69165039 -88.17475891 -99.00 -99.00 24.80 527.00 519.00 517.00 526.00 40.15 1003.40 41.46 1 5 4 17 
18:19:50 45.02 30.69165039 -88.17475891 -99.00 -99.00 24.80 527.00 519.00 517.00 526.00 40.13 1003.40 41.29 1 5 4 17 
18:19:50 45.22 18.00031661 -0.00146660 -99.00 -99.00 0.00 527.00 519.00 516.00 527.00 40.13 1003.38 41.28 1 5 4 17 
18:19:50 45.42 18.00031661 -0.00146660 -99.00 -99.00 0.00 527.00 520.00 517.00 527.00 40.16 1003.40 41.24 1 5 4 17 
18:19:50 45.62 18.00031661 -0.00146660 -99.00 -99.00 0.00 527.00 519.00 516.00 526.00 40.18 1003.43 41.21 1 5 4 17 
18:19:50 45.83 18.00031661 -0.00146660 -99.00 -99.00 0.00 527.00 519.00 517.00 527.00 40.19 1003.37 41.23 1 5 4 17 
18:19:50 46.03 18.00031661 -0.00146660 -99.00 -99.00 0.00 527.00 519.00 517.00 527.00 40.23 1003.37 41.32 1 5 4 17 
18:19:52 46.23 30.69165802 -88.17473602 -99.00 -99.00 23.00 527.00 519.00 517.00 527.00 40.24 1003.40 41.36 1 5 4 17 
18:19:52 46.43 30.69165802 -88.17473602 -99.00 -99.00 23.00 527.00 520.00 517.00 526.00 40.27 1003.41 41.37 1 5 4 17 
18:19:52 46.63 30.69165802 -88.17473602 -99.00 -99.00 23.00 526.00 520.00 516.00 526.00 40.30 1003.40 41.34 1 5 4 17 
18:19:52 46.83 30.69165802 -88.17473602 -99.00 -99.00 23.00 527.00 520.00 517.00 526.00 40.32 1003.39 41.28 1 5 4 17 
18:19:52 47.03 30.69165802 -88.17473602 -99.00 -99.00 23.00 527.00 519.00 517.00 526.00 40.34 1003.36 41.16 1 5 4 17 
18:19:52 47.23 18.00032234 -0.00146660 -99.00 -99.00 0.00 527.00 519.00 517.00 526.00 40.34 1003.40 41.12 1 5 4 17 
18:19:52 47.43 18.00032234 -0.00146660 -99.00 -99.00 0.00 527.00 520.00 516.00 526.00 40.35 1003.39 41.09 1 5 4 17 
18:19:52 47.63 18.00032234 -0.00146660 -99.00 -99.00 0.00 527.00 519.00 517.00 526.00 40.35 1003.39 41.17 1 5 4 17 
18:19:52 47.84 18.00032234 -0.00146660 -99.00 -99.00 0.00 527.00 519.00 517.00 526.00 40.36 1003.37 41.23 1 5 4 17 
18:19:52 48.04 18.00032234 -0.00146660 -99.00 -99.00 0.00 526.00 520.00 517.00 527.00 40.39 1003.32 41.29 1 5 4 17 
18:19:52 48.24 0.00050160 -125.81666564 -99.00 -99.00 0.00 526.00 520.00 517.00 526.00 40.41 1003.33 41.29 1 5 4 17 
18:19:52 48.44 0.00050160 -125.81666564 -99.00 -99.00 0.00 527.00 519.00 517.00 526.00 40.43 1003.34 41.28 1 5 4 17 
18:19:52 48.64 0.00050160 -125.81666564 -99.00 -99.00 0.00 527.00 519.00 517.00 526.00 40.44 1003.36 41.33 1 5 4 17 
18:19:52 48.84 0.00050160 -125.81666564 -99.00 -99.00 0.00 527.00 519.00 517.00 526.00 40.46 1003.39 41.35 1 5 4 17 
18:19:52 49.04 0.00050160 -125.81666564 -99.00 -99.00 0.00 527.00 519.00 517.00 526.00 40.47 1003.39 41.43 1 5 4 17 
18:19:54 49.25 0.00050160 8.00000000 -99.00 -99.00 0.00 527.00 519.00 517.00 526.00 40.47 1003.34 41.41 1 5 4 17 
18:19:54 49.45 0.00050160 8.00000000 -99.00 -99.00 0.00 527.00 519.00 517.00 526.00 40.46 1003.38 41.27 1 5 4 17 
18:19:54 49.65 0.00050160 8.00000000 -99.00 -99.00 0.00 527.00 519.00 517.00 526.00 40.46 1003.43 41.10 1 5 4 17 
18:19:54 49.85 0.00050160 8.00000000 -99.00 -99.00 0.00 526.00 519.00 516.00 526.00 40.44 1003.37 40.96 1 5 4 17 
18:19:54 50.05 0.00050160 8.00000000 -99.00 -99.00 0.00 527.00 519.00 516.00 526.00 40.44 1003.41 40.83 1 5 4 17 
18:19:55 50.25 0.00050160 -125.81666564 -99.00 -99.00 0.00 527.00 519.00 517.00 526.00 40.44 1003.38 40.80 1 5 4 17 
18:19:55 50.45 0.00050160 -125.81666564 -99.00 -99.00 0.00 526.00 520.00 517.00 526.00 40.45 1003.38 40.79 1 5 4 17 
18:19:55 50.65 0.00050160 -125.81666564 -99.00 -99.00 0.00 526.00 520.00 517.00 526.00 40.46 1003.38 40.81 1 5 4 17 
18:19:55 50.85 0.00050160 -125.81666564 -99.00 -99.00 0.00 526.00 520.00 517.00 527.00 40.47 1003.39 40.84 1 5 4 17 
18:19:55 51.06 0.00050160 -125.81666564 -99.00 -99.00 0.00 527.00 520.00 517.00 526.00 40.48 1003.39 40.92 1 5 4 17 
18:19:56 51.26 0.00050160 -88.17470550 -99.00 -99.00 0.00 527.00 520.00 517.00 526.00 40.49 1003.40 41.01 1 5 4 17 
18:19:56 51.46 0.00050160 -88.17470550 -99.00 -99.00 0.00 527.00 519.00 517.00 526.00 40.49 1003.38 41.22 1 5 4 17 
18:19:56 51.66 0.00050160 -88.17470550 -99.00 -99.00 0.00 527.00 519.00 517.00 527.00 40.48 1003.41 41.46 1 5 4 17 
18:19:56 51.89 0.00050160 -88.17470550 -99.00 -99.00 0.00 526.00 520.00 517.00 526.00 40.48 1003.45 41.73 1 5 4 17 
18:19:56 52.13 0.00050160 -88.17470550 -99.00 -99.00 0.00 527.00 519.00 517.00 526.00 40.49 1003.44 42.10 1 5 4 17 
18:19:56 52.33 0.00050160 -88.17470550 -99.00 -99.00 0.00 527.00 520.00 517.00 527.00 40.51 1003.46 42.46 1 5 4 17 
18:19:56 52.54 0.00050160 -88.17470550 -99.00 -99.00 0.00 526.00 520.00 517.00 526.00 40.51 1003.45 42.59 1 5 4 17 
18:19:56 52.74 0.00050160 -88.17470550 -99.00 -99.00 0.00 527.00 519.00 517.00 526.00 40.50 1003.50 42.55 1 5 4 17 
18:19:56 52.94 0.00050160 -88.17470550 -99.00 -99.00 0.00 526.00 520.00 517.00 526.00 40.50 1003.42 42.63 1 5 4 17 
18:19:56 53.14 0.00050160 -88.17470550 -99.00 -99.00 0.00 527.00 520.00 517.00 526.00 40.51 1003.46 42.63 1 5 4 17 
18:19:59 53.34 30.69167137 -88.17469024 -99.00 -99.00 0.00 526.00 520.00 517.00 526.00 40.51 1003.44 42.64 1 5 4 17 
18:19:59 53.54 30.69167137 -88.17469024 -99.00 -99.00 0.00 527.00 519.00 517.00 526.00 40.52 1003.49 42.63 1 5 4 17 
18:19:59 53.74 30.69167137 -88.17469024 -99.00 -99.00 0.00 527.00 519.00 517.00 526.00 40.52 1003.48 42.62 1 5 4 17 
18:19:59 53.94 30.69167137 -88.17469024 -99.00 -99.00 0.00 526.00 519.00 517.00 526.00 40.53 1003.50 42.64 1 5 4 17 
18:20:0 54.14 30.69166755 -88.17469024 -99.00 -99.00 25.10 527.00 519.00 517.00 526.00 40.54 1003.49 42.65 1 0 50 17 
18:20:0 54.35 30.69166755 -88.17469024 -99.00 -99.00 25.10 527.00 520.00 517.00 526.00 40.55 1003.46 42.71 1 0 50 17 
18:20:0 54.55 30.69166755 -88.17469024 -99.00 -99.00 25.10 527.00 519.00 517.00 526.00 40.56 1003.43 42.80 1 0 50 17 
18:20:0 54.75 30.69166755 -88.17469024 -99.00 -99.00 25.10 527.00 520.00 517.00 526.00 40.58 1003.43 42.89 1 0 50 17 
18:20:0 54.95 30.69166755 -88.17469024 -99.00 -99.00 25.10 527.00 520.00 517.00 526.00 40.58 1003.45 42.89 1 0 50 17 
18:20:0 55.15 30.69167137 -88.17469024 -99.00 -99.00 24.80 527.00 520.00 517.00 526.00 40.59 1003.41 42.89 1 0 50 17 
18:20:0 55.35 30.69167137 -88.17469024 -99.00 -99.00 24.80 526.00 520.00 517.00 526.00 40.59 1003.41 42.90 1 0 50 17 
18:20:0 55.55 30.69167137 -88.17469024 -99.00 -99.00 24.80 527.00 520.00 517.00 526.00 40.59 1003.47 42.94 1 0 50 17 
18:20:0 55.75 30.69167137 -88.17469024 -99.00 -99.00 24.80 527.00 520.00 517.00 527.00 40.60 1003.46 42.99 1 0 50 17 
18:20:0 55.95 30.69167137 -88.17469024 -99.00 -99.00 24.80 526.00 520.00 517.00 526.00 40.62 1003.47 43.16 1 0 50 17 
18:20:2 56.15 30.69167137 -88.17467498 -99.00 -99.00 24.80 527.00 519.00 517.00 526.00 40.62 1003.46 43.15 1 0 50 17 
18:20:2 56.36 30.69167137 -88.17467498 -99.00 -99.00 24.80 527.00 519.00 516.00 526.00 40.61 1003.50 43.12 1 5 4 17 
18:20:2 56.56 30.69167137 -88.17467498 -99.00 -99.00 24.80 526.00 520.00 516.00 526.00 40.59 1003.49 43.16 1 5 4 17 
18:20:2 56.76 30.69167137 -88.17467498 -99.00 -99.00 24.80 526.00 520.00 517.00 527.00 40.58 1003.52 43.27 1 5 4 17 
18:20:2 56.96 30.69167137 -88.17467498 -99.00 -99.00 24.80 526.00 520.00 517.00 526.00 40.57 1003.56 43.46 1 5 4 17 
18:20:3 57.16 30.69167518 -88.17467498 -99.00 -99.00 24.60 526.00 519.00 517.00 526.00 40.55 1003.49 43.47 1 5 4 17 
18:20:3 57.36 30.69167518 -88.17467498 -99.00 -99.00 24.60 527.00 520.00 516.00 526.00 40.53 1003.43 43.40 1 5 4 17 
18:20:3 57.56 30.69167518 -88.17467498 -99.00 -99.00 24.60 526.00 520.00 517.00 526.00 40.52 1003.53 43.58 1 5 4 17 
18:20:3 57.77 30.69167518 -88.17467498 -99.00 -99.00 24.60 527.00 520.00 517.00 526.00 40.54 1003.52 43.73 1 5 4 17 
18:20:3 57.97 30.69167518 -88.17467498 -99.00 -99.00 24.60 527.00 520.00 516.00 526.00 40.54 1003.52 43.52 1 5 4 17 
18:20:4 58.17 30.69167518 -88.17467498 -99.00 -99.00 24.30 527.00 519.00 517.00 526.00 40.51 1003.56 43.31 1 5 4 17 
18:20:4 58.37 30.69167518 -88.17467498 -99.00 -99.00 24.30 526.00 520.00 517.00 526.00 40.50 1003.54 43.10 1 0 50 17 
18:20:4 58.57 30.69167518 -88.17467498 -99.00 -99.00 24.30 527.00 520.00 517.00 526.00 40.49 1003.49 42.80 1 0 50 17 
18:20:4 58.77 30.69167518 -88.17467498 -99.00 -99.00 24.30 527.00 520.00 517.00 527.00 40.48 1003.54 42.55 1 0 50 17 
18:20:4 58.97 30.69167518 -88.17467498 -99.00 -99.00 24.30 527.00 520.00 517.00 526.00 40.48 1003.52 42.42 1 0 50 17 
18:20:4 59.17 30.69167518 -88.17467498 -99.00 -99.00 24.10 527.00 519.00 516.00 526.00 40.45 1003.50 42.40 1 0 50 17 
18:20:4 59.37 30.69167518 -88.17467498 -99.00 -99.00 24.10 527.00 520.00 517.00 527.00 40.42 1003.52 42.55 1 5 4 17 
18:20:4 59.58 30.69167518 -88.17467498 -99.00 -99.00 24.10 527.00 519.00 516.00 527.00 40.40 1003.52 42.64 1 5 4 17 
18:20:4 59.78 30.69167518 -88.17467498 -99.00 -99.00 24.10 527.00 520.00 517.00 526.00 40.40 1003.52 42.71 1 5 4 17 
18:20:4 59.98 30.69167518 -88.17467498 -99.00 -99.00 24.10 527.00 520.00 517.00 526.00 40.41 1003.52 42.74 1 5 4 17 
18:20:6 60.18 30.69167900 -88.17465972 -99.00 -99.00 24.20 527.00 519.00 517.00 528.00 40.42 1003.48 42.76 1 5 4 17 
18:20:6 60.38 30.69167900 -88.17465972 -99.00 -99.00 24.20 527.00 520.00 517.00 527.00 40.43 1003.47 42.82 1 5 4 17 
18:20:6 60.58 30.69167900 -88.17465972 -99.00 -99.00 24.20 527.00 520.00 517.00 526.00 40.40 1003.52 42.84 1 5 4 17 
18:20:6 60.78 30.69167900 -88.17465972 -99.00 -99.00 24.20 526.00 520.00 517.00 526.00 40.38 1003.48 42.88 1 5 4 17 
18:20:6 60.98 30.69167900 -88.17465972 -99.00 -99.00 24.20 526.00 519.00 516.00 526.00 40.36 1003.57 42.80 1 5 4 17 
18:20:7 61.19 30.69167900 -88.17465972 -99.00 -99.00 24.20 526.00 519.00 517.00 526.00 40.34 1003.49 42.59 1 5 4 17 
18:20:7 61.39 30.69167900 -88.17465972 -99.00 -99.00 24.20 527.00 519.00 517.00 524.00 40.33 1003.49 42.42 1 0 50 17 
18:20:7 61.59 30.69167900 -88.17465972 -99.00 -99.00 24.20 527.00 520.00 517.00 527.00 40.34 1003.50 42.19 1 0 50 17 
18:20:7 61.79 30.69167900 -88.17465972 -99.00 -99.00 24.20 525.00 519.00 517.00 520.00 40.34 1003.45 41.97 1 0 50 17 
18:20:7 61.99 30.69167900 -88.17465972 -99.00 -99.00 24.20 527.00 520.00 517.00 526.00 40.33 1003.45 41.81 1 0 50 17 
18:20:8 62.19 30.69167900 -88.17467498 -99.00 -99.00 24.30 530.00 523.00 517.00 524.00 40.26 1003.42 41.71 1 0 50 17 
18:20:8 62.39 30.69167900 -88.17467498 -99.00 -99.00 24.30 527.00 519.00 515.00 526.00 40.20 1003.03 41.59 1 0 50 17 
18:20:8 62.59 30.69167900 -88.17467498 -99.00 -99.00 24.30 526.00 520.00 516.00 524.00 40.18 1003.07 41.55 1 0 50 17 
18:20:8 62.79 30.69167900 -88.17467498 -99.00 -99.00 24.30 523.00 517.00 517.00 516.00 40.17 1003.21 41.50 1 0 50 17 
18:20:8 62.99 30.69167900 -88.17467498 -99.00 -99.00 24.30 526.00 520.00 515.00 514.00 40.16 1002.94 41.43 1 0 50 17 
18:20:8 63.20 30.69167900 -88.17465972 -99.00 -99.00 24.50 518.00 522.00 517.00 526.00 40.12 1002.77 41.32 1 5 4 17 
18:20:8 63.40 30.69167900 -88.17465972 -99.00 -99.00 24.50 523.00 519.00 517.00 528.00 40.06 1002.95 41.23 1 5 4 17 
18:20:8 63.60 30.69167900 -88.17465972 -99.00 -99.00 24.50 526.00 517.00 515.00 525.00 39.96 1003.14 41.11 1 5 4 17 
18:20:8 63.80 30.69167900 -88.17465972 -99.00 -99.00 24.50 525.00 519.00 515.00 524.00 39.91 1003.04 41.02 1 5 4 17 
18:20:8 64.00 30.69167900 -88.17465972 -99.00 -99.00 24.50 528.00 521.00 516.00 528.00 39.92 1003.05 40.95 1 5 4 17 
18:20:10 64.20 30.69167518 -88.17464447 -99.00 -99.00 24.50 526.00 518.00 516.00 528.00 39.90 1003.18 40.91 1 5 4 17 
18:20:10 64.40 30.69167518 -88.17464447 -99.00 -99.00 24.50 530.00 522.00 518.00 527.00 39.87 1003.48 40.93 1 5 4 17 
18:20:10 64.60 30.69167518 -88.17464447 -99.00 -99.00 24.50 528.00 518.00 514.00 528.00 39.85 1003.41 40.93 1 5 4 17 
18:20:10 64.80 30.69167518 -88.17464447 -99.00 -99.00 24.50 528.00 519.00 515.00 527.00 39.81 1003.51 40.92 1 5 4 17 
18:20:10 65.00 30.69167518 -88.17464447 -99.00 -99.00 24.50 526.00 520.00 516.00 527.00 39.77 1003.02 40.90 1 5 4 17 
18:20:11 65.20 30.69166755 -88.17464447 -99.00 -99.00 24.60 528.00 520.00 514.00 530.00 39.74 1003.30 40.88 1 0 50 17 
18:20:11 65.40 30.69166755 -88.17464447 -99.00 -99.00 24.60 529.00 521.00 518.00 527.00 39.71 1003.30 40.88 1 0 50 17 
18:20:11 65.61 30.69166755 -88.17464447 -99.00 -99.00 24.60 526.00 520.00 517.00 525.00 39.71 1003.33 40.88 1 0 50 17 
18:20:11 65.81 30.69166755 -88.17464447 -99.00 -99.00 24.60 527.00 519.00 519.00 527.00 39.69 1003.51 40.87 1 0 50 17 
18:20:11 66.01 30.69166755 -88.17464447 -99.00 -99.00 24.60 526.00 521.00 516.00 525.00 39.71 1003.44 40.85 1 0 50 17 
18:20:12 66.21 30.69165802 -88.17464447 -99.00 -99.00 24.40 528.00 520.00 518.00 524.00 39.76 1003.46 40.82 1 0 50 17 
18:20:12 66.41 30.69165802 -88.17464447 -99.00 -99.00 24.40 527.00 520.00 518.00 527.00 39.81 1003.58 40.79 1 0 50 17 
18:20:12 66.61 30.69165802 -88.17464447 -99.00 -99.00 24.40 526.00 519.00 516.00 527.00 39.81 1003.33 40.78 1 0 50 17 
18:20:12 66.81 30.69165802 -88.17464447 -99.00 -99.00 24.40 527.00 518.00 517.00 527.00 39.84 1003.35 40.75 1 0 50 17 
18:20:12 67.01 30.69165802 -88.17464447 -99.00 -99.00 24.40 527.00 520.00 516.00 526.00 39.86 1003.44 40.73 1 0 50 17 
18:20:12 67.21 30.69165802 -88.17464447 -99.00 -99.00 24.20 528.00 522.00 519.00 528.00 39.87 1003.31 40.71 1 0 50 17 
18:20:12 67.41 30.69165802 -88.17464447 -99.00 -99.00 24.20 527.00 520.00 518.00 527.00 39.85 1003.15 40.72 1 0 50 17 
18:20:12 67.61 30.69165802 -88.17464447 -99.00 -99.00 24.20 528.00 520.00 518.00 529.00 39.84 1003.36 40.72 1 0 50 17 
18:20:12 67.81 30.69165802 -88.17464447 -99.00 -99.00 24.20 527.00 520.00 518.00 525.00 39.82 1003.36 40.71 1 0 50 17 
18:20:12 68.01 30.69165802 -88.17464447 -99.00 -99.00 24.20 526.00 521.00 516.00 527.00 39.82 1003.36 40.68 1 0 50 17 
18:20:14 68.22 30.69165420 -88.17462921 -99.00 -99.00 24.00 527.00 522.00 517.00 529.00 39.83 1003.17 40.68 1 0 50 17 
18:20:14 68.42 30.69165420 -88.17462921 -99.00 -99.00 24.00 527.00 519.00 517.00 527.00 39.84 1002.84 40.62 1 0 50 17 
18:20:14 68.62 30.69165420 -88.17462921 -99.00 -99.00 24.00 530.00 520.00 516.00 526.00 39.85 1002.95 40.62 1 0 50 17 
18:20:14 68.82 30.69165420 -88.17462921 -99.00 -99.00 24.00 528.00 518.00 516.00 527.00 39.83 1003.05 40.64 1 0 50 17 
18:20:14 69.02 30.69165420 -88.17462921 -99.00 -99.00 24.00 527.00 520.00 516.00 528.00 39.81 1003.11 40.62 1 0 50 17 
18:20:15 69.22 30.69165802 -88.17462921 -99.00 -99.00 24.20 527.00 519.00 517.00 527.00 39.76 1003.23 40.61 1 0 50 17 
18:20:15 69.42 30.69165802 -88.17462921 -99.00 -99.00 24.20 527.00 517.00 514.00 528.00 39.71 1003.36 40.63 1 0 50 17 
18:20:15 69.62 30.69165802 -88.17462921 -99.00 -99.00 24.20 526.00 517.00 514.00 526.00 39.65 1003.39 40.62 1 0 50 17 
18:20:15 69.82 30.69165802 -88.17462921 -99.00 -99.00 24.20 526.00 517.00 519.00 529.00 39.54 1003.26 40.63 1 0 50 17 
18:20:15 70.02 30.69165802 -88.17462921 -99.00 -99.00 24.20 524.00 518.00 517.00 526.00 39.51 1003.19 40.66 1 0 50 17 
18:20:16 70.22 30.69166755 -88.17460632 -99.00 -99.00 24.20 525.00 519.00 516.00 528.00 39.51 1002.98 40.70 1 5 4 17 
18:20:16 70.42 30.69166755 -88.17460632 -99.00 -99.00 24.20 525.00 519.00 517.00 525.00 39.54 1003.07 40.74 1 5 4 17 
18:20:16 70.62 30.69166755 -88.17460632 -99.00 -99.00 24.20 527.00 519.00 518.00 527.00 39.59 1003.11 40.77 1 5 4 17 
18:20:16 70.82 30.69166755 -88.17460632 -99.00 -99.00 24.20 528.00 520.00 517.00 527.00 39.62 1003.07 40.80 1 5 4 17 
18:20:16 71.02 30.69166755 -88.17460632 -99.00 -99.00 24.20 527.00 520.00 515.00 526.00 39.65 1003.02 40.82 1 5 4 17 
18:20:16 71.22 30.69166183 -88.17460632 -99.00 -99.00 24.10 527.00 519.00 517.00 526.00 39.65 1003.22 40.80 1 5 4 17 
18:20:16 71.43 30.69166183 -88.17460632 -99.00 -99.00 24.10 529.00 519.00 517.00 528.00 39.63 1003.21 40.81 1 5 4 17 
18:20:16 71.63 30.69166183 -88.17460632 -99.00 -99.00 24.10 527.00 520.00 520.00 525.00 39.63 1003.24 40.85 1 5 4 17 
18:20:16 71.83 30.69166183 -88.17460632 -99.00 -99.00 24.10 529.00 520.00 519.00 524.00 39.62 1003.24 40.79 1 5 4 17 
18:20:16 72.03 30.69166183 -88.17460632 -99.00 -99.00 24.10 527.00 521.00 515.00 529.00 39.62 1002.91 40.80 1 5 4 17 
18:20:18 72.23 30.69166755 -88.17460632 -99.00 -99.00 23.90 526.00 518.00 515.00 525.00 39.58 1002.94 40.79 1 0 50 17 
18:20:18 72.43 30.69166755 -88.17460632 -99.00 -99.00 23.90 527.00 520.00 516.00 527.00 39.53 1003.03 40.81 1 0 50 17 
18:20:18 72.63 30.69166755 -88.17460632 -99.00 -99.00 23.90 526.00 519.00 516.00 528.00 39.53 1003.12 40.82 1 0 50 17 
18:20:18 72.83 30.69166755 -88.17460632 -99.00 -99.00 23.90 526.00 520.00 516.00 527.00 39.55 1003.17 40.82 1 0 50 17 
18:20:18 73.03 30.69166755 -88.17460632 -99.00 -99.00 23.90 528.00 519.00 517.00 528.00 39.57 1003.30 40.83 1 0 50 17 
18:20:19 73.23 30.69166755 -88.17460632 -99.00 -99.00 23.80 526.00 518.00 516.00 524.00 39.58 1003.14 40.83 1 0 50 17 
18:20:19 73.43 30.69166755 -88.17460632 -99.00 -99.00 23.80 524.00 516.00 516.00 526.00 39.60 1003.13 40.80 1 0 50 17 
18:20:19 73.63 30.69166755 -88.17460632 -99.00 -99.00 23.80 528.00 520.00 517.00 526.00 39.63 1003.04 40.79 1 0 50 17 
18:20:19 73.83 30.69166755 -88.17460632 -99.00 -99.00 23.80 527.00 520.00 518.00 526.00 39.63 1003.00 40.79 1 0 50 17 
18:20:19 74.03 30.69166755 -88.17460632 -99.00 -99.00 23.80 526.00 519.00 516.00 530.00 39.62 1003.07 40.83 1 0 50 17 
18:20:19 74.23 30.69166755 -88.17460632 -99.00 -99.00 23.80 526.00 520.00 518.00 527.00 39.63 1003.12 40.81 1 0 50 17 
18:20:19 74.43 30.69166755 -88.17460632 -99.00 -99.00 23.80 526.00 519.00 516.00 526.00 39.63 1003.22 40.79 1 0 50 17 
18:20:19 74.63 30.69166755 -88.17460632 -99.00 -99.00 23.80 523.00 518.00 515.00 526.00 39.63 1003.17 40.79 1 0 50 17 
18:20:19 74.84 30.69166755 -88.17460632 -99.00 -99.00 23.80 523.00 518.00 514.00 523.00 39.63 1003.16 40.79 1 0 50 17 
18:20:19 75.04 30.69166755 -88.17460632 -99.00 -99.00 23.80 526.00 518.00 516.00 527.00 39.63 1003.14 40.83 1 0 50 17 
18:20:19 75.24 30.69166755 -88.17460632 -99.00 -99.00 23.80 527.00 523.00 518.00 530.00 39.63 1003.03 40.79 1 0 50 17 
18:20:19 75.44 30.69166755 -88.17460632 -99.00 -99.00 23.80 528.00 517.00 517.00 526.00 39.64 1002.86 40.79 1 0 50 17 
18:20:19 75.64 30.69166755 -88.17460632 -99.00 -99.00 23.80 525.00 520.00 514.00 524.00 39.64 1002.93 40.81 1 0 50 17 
18:20:19 75.84 30.69166755 -88.17460632 -99.00 -99.00 23.80 528.00 518.00 516.00 526.00 39.63 1002.92 40.82 1 0 50 17 
18:20:19 76.04 30.69166755 -88.17460632 -99.00 -99.00 23.80 527.00 521.00 518.00 525.00 39.63 1002.97 40.82 1 0 50 17 
18:20:22 76.24 30.69168281 -88.17457580 -99.00 -99.00 23.90 527.00 518.00 516.00 527.00 39.63 1002.93 40.82 1 5 4 17 
18:20:22 76.44 30.69168281 -88.17457580 -99.00 -99.00 23.90 524.00 521.00 518.00 525.00 39.64 1002.89 40.83 1 5 4 17 
18:20:22 76.64 30.69168281 -88.17457580 -99.00 -99.00 23.90 525.00 517.00 517.00 526.00 39.63 1002.86 40.83 1 5 4 17 
18:20:22 76.84 30.69168281 -88.17457580 -99.00 -99.00 23.90 527.00 521.00 519.00 526.00 39.57 1002.77 40.81 1 5 4 17 
18:20:22 77.04 30.69168281 -88.17457580 -99.00 -99.00 23.90 525.00 518.00 516.00 522.00 39.52 1002.75 40.87 1 5 4 17 
18:20:23 77.24 30.69168663 -88.17457580 -99.00 -99.00 23.70 529.00 521.00 519.00 529.00 39.51 1002.77 40.91 1 5 4 17 
18:20:23 77.44 30.69168663 -88.17457580 -99.00 -99.00 23.70 525.00 518.00 518.00 526.00 39.47 1002.60 40.92 1 5 4 17 
18:20:23 77.65 30.69168663 -88.17457580 -99.00 -99.00 23.70 526.00 518.00 517.00 528.00 39.48 1002.55 40.97 1 5 4 17 
18:20:23 77.85 30.69168663 -88.17457580 -99.00 -99.00 23.70 527.00 522.00 519.00 530.00 39.47 1002.89 41.05 1 5 4 17 
18:20:23 78.05 30.69168663 -88.17457580 -99.00 -99.00 23.70 526.00 518.00 517.00 526.00 39.44 1002.78 41.14 1 5 4 17 
18:20:23 78.25 30.69168663 -88.17457580 -99.00 -99.00 23.70 527.00 519.00 516.00 524.00 39.45 1002.82 41.15 1 5 4 17 
18:20:23 78.45 30.69168663 -88.17457580 -99.00 -99.00 23.70 527.00 519.00 515.00 525.00 39.46 1002.73 41.18 1 5 4 17 
18:20:23 78.65 30.69168663 -88.17457580 -99.00 -99.00 23.70 525.00 517.00 516.00 525.00 39.47 1002.65 41.20 1 5 4 17 
18:20:23 78.85 30.69168663 -88.17457580 -99.00 -99.00 23.70 525.00 520.00 515.00 523.00 39.47 1002.51 41.14 1 5 4 17 
18:20:23 79.05 30.69168663 -88.17457580 -99.00 -99.00 23.70 524.00 519.00 515.00 523.00 39.46 1002.38 41.12 1 5 4 17 
18:20:24 79.25 30.69167900 -88.17457580 -99.00 -99.00 23.80 525.00 519.00 519.00 529.00 39.44 1002.40 41.08 1 5 4 17 
18:20:24 79.45 30.69167900 -88.17457580 -99.00 -99.00 23.80 525.00 520.00 516.00 526.00 39.44 1002.46 41.09 1 5 4 17 
18:20:24 79.65 30.69167900 -88.17457580 -99.00 -99.00 23.80 526.00 519.00 515.00 525.00 39.43 1002.63 41.10 1 5 4 17 
18:20:24 79.89 30.69167900 -88.17457580 -99.00 -99.00 23.80 526.00 519.00 517.00 524.00 39.40 1002.82 41.13 1 5 4 17 
18:20:24 80.09 30.69167900 -88.17457580 -99.00 -99.00 23.80 525.00 521.00 517.00 523.00 39.36 1002.87 41.14 1 5 4 17 
18:20:24 80.29 30.69167900 -88.17457580 -99.00 -99.00 23.80 524.00 519.00 517.00 523.00 39.36 1002.84 41.15 1 5 4 17 
18:20:24 80.49 30.69167900 -88.17457580 -99.00 -99.00 23.80 524.00 518.00 516.00 526.00 39.34 1002.78 41.17 1 5 4 17 
18:20:24 80.69 30.69167900 -88.17457580 -99.00 -99.00 23.80 525.00 520.00 516.00 525.00 39.32 1002.43 41.24 1 5 4 17 
18:20:24 80.89 30.69167900 -88.17457580 -99.00 -99.00 23.80 525.00 518.00 514.00 525.00 39.29 1002.85 41.23 1 5 4 17 
18:20:24 81.09 30.69167900 -88.17457580 -99.00 -99.00 23.80 527.00 521.00 518.00 525.00 39.24 1002.84 41.30 1 5 4 17 
18:20:26 81.29 30.69168281 -88.17457580 -99.00 -99.00 24.80 525.00 520.00 516.00 523.00 39.24 1002.85 41.32 1 5 4 17 
18:20:26 81.49 30.69168281 -88.17457580 -99.00 -99.00 24.80 525.00 518.00 516.00 526.00 39.24 1002.86 41.36 1 5 4 17 
18:20:26 81.69 30.69168281 -88.17457580 -99.00 -99.00 24.80 524.00 522.00 516.00 524.00 39.21 1002.43 41.44 1 5 4 17 
18:20:26 81.90 30.69168281 -88.17457580 -99.00 -99.00 24.80 525.00 521.00 515.00 524.00 39.14 1002.43 41.53 1 5 4 17 
18:20:26 82.10 30.69168281 -88.17457580 -99.00 -99.00 24.80 525.00 520.00 516.00 525.00 39.01 1002.38 41.68 1 5 4 17 
0:18:20 82.30 18.00034523 -0.00146660 -99.00 -99.00 0.00 523.00 518.00 516.00 523.00 38.96 1002.40 41.78 1 5 4 17 
0:18:20 82.50 18.00034523 -0.00146660 -99.00 -99.00 0.00 524.00 518.00 517.00 523.00 38.91 1002.39 41.91 1 5 4 17 
0:18:20 82.70 18.00034523 -0.00146660 -99.00 -99.00 0.00 524.00 518.00 515.00 525.00 38.86 1002.47 42.05 1 5 4 17 
0:18:20 82.90 18.00034523 -0.00146660 -99.00 -99.00 0.00 525.00 522.00 515.00 525.00 38.80 1002.40 42.16 1 5 4 17 
0:18:20 83.10 18.00034523 -0.00146660 -99.00 -99.00 0.00 522.00 517.00 516.00 527.00 38.69 1002.37 42.32 1 5 4 17 
0:0:1 83.30 18.00034713 -0.00146660 -99.00 -99.00 2.00 523.00 518.00 516.00 524.00 38.66 1002.34 42.34 1 5 4 17 
0:0:1 83.50 18.00034713 -0.00146660 -99.00 -99.00 2.00 525.00 520.00 520.00 528.00 38.60 1002.27 42.42 1 5 4 17 
0:0:1 83.70 18.00034713 -0.00146660 -99.00 -99.00 2.00 522.00 518.00 514.00 519.00 38.52 1002.27 42.56 1 5 4 17 
0:0:1 83.90 18.00034713 -0.00146660 -99.00 -99.00 2.00 523.00 517.00 516.00 529.00 38.45 1002.34 42.71 1 5 4 17 
0:0:1 84.11 18.00034713 -0.00146660 -99.00 -99.00 2.00 527.00 522.00 518.00 526.00 38.32 1002.33 42.90 1 5 4 17 
18:20:28 84.31 0.00000500 -125.81666564 -99.00 -99.00 0.00 520.00 517.00 513.00 521.00 38.28 1002.37 42.95 1 5 4 17 
18:20:28 84.51 0.00000500 -125.81666564 -99.00 -99.00 0.00 523.00 521.00 515.00 530.00 38.20 1002.31 43.11 1 5 4 17 
18:20:28 84.71 0.00000500 -125.81666564 -99.00 -99.00 0.00 525.00 518.00 514.00 519.00 38.14 1002.32 43.26 1 5 4 17 
18:20:28 84.91 0.00000500 -125.81666564 -99.00 -99.00 0.00 525.00 522.00 516.00 526.00 38.06 1002.33 43.43 1 5 4 17 
18:20:28 85.11 0.00000500 -125.81666564 -99.00 -99.00 0.00 523.00 520.00 516.00 525.00 37.98 1002.35 43.64 1 5 4 17 
18:20:30 85.31 0.00005000 -125.81666564 -99.00 -99.00 0.00 524.00 521.00 516.00 523.00 37.95 1002.35 43.72 1 5 4 17 
18:20:30 85.51 0.00005000 -125.81666564 -99.00 -99.00 0.00 525.00 523.00 519.00 527.00 37.92 1002.25 43.81 1 5 4 17 
18:20:30 85.71 0.00005000 -125.81666564 -99.00 -99.00 0.00 524.00 524.00 514.00 526.00 37.87 1002.22 43.94 1 5 4 17 
18:20:30 85.91 0.00005000 -125.81666564 -99.00 -99.00 0.00 523.00 518.00 518.00 525.00 37.80 1002.17 44.07 1 5 4 17 
18:20:30 86.11 0.00005000 -125.81666564 -99.00 -99.00 0.00 522.00 522.00 515.00 527.00 37.72 1002.49 44.11 1 5 4 17 
1:82:3 86.31 18.00033569 -0.00146660 -99.00 -99.00 0.00 521.00 520.00 513.00 524.00 37.71 1002.22 44.11 1 5 4 17 
1:82:3 86.51 18.00033569 -0.00146660 -99.00 -99.00 0.00 523.00 520.00 512.00 524.00 37.70 1002.19 44.15 1 5 4 17 
1:82:3 86.71 18.00033569 -0.00146660 -99.00 -99.00 0.00 523.00 522.00 520.00 525.00 37.68 1002.18 44.17 1 5 4 17 
1:82:3 86.91 18.00033569 -0.00146660 -99.00 -99.00 0.00 527.00 522.00 519.00 526.00 37.65 1002.19 44.20 1 5 4 17 
1:82:3 87.12 18.00033569 -0.00146660 -99.00 -99.00 0.00 526.00 521.00 518.00 523.00 37.54 1002.18 44.27 1 5 4 17 
18:20:32 87.32 0.00050160 -125.81666564 -99.00 -99.00 0.00 524.00 517.00 515.00 522.00 37.52 1002.24 44.28 1 5 4 17 
18:20:32 87.52 0.00050160 -125.81666564 -99.00 -99.00 0.00 522.00 519.00 518.00 525.00 37.46 1002.16 44.34 1 5 4 17 
18:20:32 87.72 0.00050160 -125.81666564 -99.00 -99.00 0.00 523.00 521.00 515.00 526.00 37.39 1002.31 44.42 1 5 4 17 
18:20:32 87.92 0.00050160 -125.81666564 -99.00 -99.00 0.00 525.00 522.00 518.00 529.00 37.32 1002.40 44.49 1 5 4 17 
18:20:32 88.12 0.00050160 -125.81666564 -99.00 -99.00 0.00 521.00 522.00 517.00 523.00 37.25 1002.49 44.60 1 5 4 17 
18:20:32 88.32 0.00000500 -125.81666564 -99.00 -99.00 0.00 522.00 521.00 515.00 524.00 37.24 1002.36 44.64 1 5 4 17 
18:20:32 88.52 0.00000500 -125.81666564 -99.00 -99.00 0.00 523.00 520.00 515.00 524.00 37.24 1002.43 44.70 1 5 4 17 
18:20:32 88.72 0.00000500 -125.81666564 -99.00 -99.00 0.00 522.00 520.00 511.00 525.00 37.25 1002.45 44.75 1 5 4 17 
18:20:32 88.92 0.00000500 -125.81666564 -99.00 -99.00 0.00 524.00 520.00 520.00 527.00 37.22 1002.47 44.85 1 5 4 17 
18:20:32 89.12 0.00000500 -125.81666564 -99.00 -99.00 0.00 524.00 518.00 516.00 526.00 37.14 1002.42 45.04 1 5 4 17 
18:20:34 89.32 0.00005000 -125.81666564 -99.00 -99.00 0.00 522.00 521.00 512.00 524.00 37.12 1002.46 45.06 1 5 4 17 
18:20:34 89.52 0.00005000 -125.81666564 -99.00 -99.00 0.00 525.00 521.00 519.00 530.00 37.08 1002.64 45.09 1 5 4 17 
18:20:34 89.72 0.00005000 -125.81666564 -99.00 -99.00 0.00 523.00 521.00 515.00 523.00 37.06 1002.68 45.14 1 5 4 17 
18:20:34 89.93 0.00005000 -125.81666564 -99.00 -99.00 0.00 524.00 521.00 518.00 526.00 37.04 1002.67 45.21 1 5 4 17 
18:20:34 90.13 0.00005000 -125.81666564 -99.00 -99.00 0.00 526.00 523.00 512.00 528.00 37.07 1002.10 45.03 1 5 4 17 
18:20:35 90.33 0.00050160 -125.81666564 -99.00 -99.00 0.00 526.00 521.00 512.00 525.00 37.08 1002.11 45.02 1 5 4 17 
18:20:35 90.53 0.00050160 -125.81666564 -99.00 -99.00 0.00 524.00 520.00 513.00 525.00 37.12 1002.65 45.21 1 5 4 17 
18:20:35 90.73 0.00050160 -125.81666564 -99.00 -99.00 0.00 522.00 518.00 517.00 529.00 37.17 1002.81 45.28 1 5 4 17 
18:20:35 90.93 0.00050160 -125.81666564 -99.00 -99.00 0.00 525.00 517.00 518.00 527.00 37.20 1002.92 45.40 1 5 4 17 
18:20:35 91.13 0.00050160 -125.81666564 -99.00 -99.00 0.00 527.00 519.00 518.00 523.00 37.21 1002.99 45.72 1 5 4 17 
0:18:20 91.33 18.00034523 -0.00146660 -99.00 -99.00 0.00 526.00 521.00 516.00 531.00 37.23 1003.34 45.92 1 5 4 17 
0:18:20 91.53 18.00034523 -0.00146660 -99.00 -99.00 0.00 526.00 519.00 516.00 525.00 37.25 1003.46 46.12 1 5 4 17 
0:18:20 91.73 18.00034523 -0.00146660 -99.00 -99.00 0.00 525.00 519.00 516.00 525.00 37.31 1003.65 46.41 1 5 4 17 
0:18:20 91.93 18.00034523 -0.00146660 -99.00 -99.00 0.00 525.00 518.00 516.00 525.00 37.37 1003.56 46.66 1 5 4 17 
0:18:20 92.13 18.00034523 -0.00146660 -99.00 -99.00 0.00 525.00 518.00 516.00 525.00 37.46 1003.67 46.84 1 5 4 17 
1:82:3 92.33 18.00034523 -0.00146660 -99.00 -99.00 0.00 525.00 519.00 516.00 525.00 37.49 1003.59 46.88 1 5 4 17 
1:82:3 92.54 18.00034523 -0.00146660 -99.00 -99.00 0.00 525.00 519.00 516.00 525.00 37.55 1003.66 46.92 1 5 4 17 
1:82:3 92.74 18.00034523 -0.00146660 -99.00 -99.00 0.00 525.00 518.00 516.00 525.00 37.61 1003.64 47.07 1 5 4 17 
1:82:3 92.94 18.00034523 -0.00146660 -99.00 -99.00 0.00 525.00 519.00 516.00 525.00 37.65 1003.65 47.17 1 5 4 17 
1:82:3 93.14 18.00034523 -0.00146660 -99.00 -99.00 0.00 525.00 518.00 516.00 525.00 37.73 1003.63 47.30 1 5 4 17 
18:20:38 93.34 0.00050160 88.00001525 -99.00 -99.00 0.00 526.00 519.00 516.00 525.00 37.74 1003.60 47.33 1 5 4 17 
18:20:38 93.54 0.00050160 88.00001525 -99.00 -99.00 0.00 526.00 519.00 516.00 525.00 37.78 1003.64 47.36 1 5 4 17 
18:20:38 93.74 0.00050160 88.00001525 -99.00 -99.00 0.00 525.00 519.00 516.00 525.00 37.82 1003.60 47.35 1 5 4 17 
18:20:38 93.94 0.00050160 88.00001525 -99.00 -99.00 0.00 524.00 519.00 516.00 525.00 37.85 1003.64 47.39 1 5 4 17 
18:20:38 94.14 0.00050160 88.00001525 -99.00 -99.00 0.00 525.00 519.00 516.00 525.00 37.88 1003.67 47.38 1 5 4 17 
18:20:39 94.34 0.00050160 -125.81666564 -99.00 -99.00 0.00 525.00 519.00 516.00 525.00 37.88 1003.64 47.33 1 5 4 17 
18:20:39 94.54 0.00050160 -125.81666564 -99.00 -99.00 0.00 525.00 518.00 516.00 525.00 37.89 1003.65 47.37 1 5 4 17 
18:20:39 94.74 0.00050160 -125.81666564 -99.00 -99.00 0.00 525.00 518.00 516.00 525.00 37.90 1003.67 47.46 1 5 4 17 
18:20:39 94.94 0.00050160 -125.81666564 -99.00 -99.00 0.00 525.00 519.00 516.00 525.00 37.92 1003.63 47.58 1 5 4 17 
18:20:39 95.14 0.00050160 -125.81666564 -99.00 -99.00 0.00 525.00 519.00 516.00 525.00 37.95 1003.59 47.68 1 5 4 17 
18:20:40 95.34 0.00050160 88.00173950 -99.00 -99.00 0.00 525.00 519.00 515.00 525.00 37.96 1003.66 47.76 1 5 4 17 
18:20:40 95.54 0.00050160 88.00173950 -99.00 -99.00 0.00 526.00 518.00 516.00 525.00 37.98 1003.66 47.80 1 5 4 17 
18:20:40 95.75 0.00050160 88.00173950 -99.00 -99.00 0.00 525.00 518.00 516.00 525.00 37.99 1003.66 47.75 1 5 4 17 
18:20:40 95.95 0.00050160 88.00173950 -99.00 -99.00 0.00 525.00 518.00 516.00 525.00 38.00 1003.69 47.70 1 5 4 17 
18:20:40 96.15 0.00050160 88.00173950 -99.00 -99.00 0.00 525.00 519.00 516.00 525.00 38.00 1003.59 47.50 1 5 4 17 
18:20:40 96.35 0.00050160 -88.17460632 -99.00 -99.00 0.00 525.00 519.00 516.00 525.00 38.00 1003.67 47.38 1 5 4 17 
18:20:40 96.55 0.00050160 -88.17460632 -99.00 -99.00 0.00 526.00 518.00 516.00 525.00 38.01 1003.63 47.26 1 5 4 17 
18:20:40 96.75 0.00050160 -88.17460632 -99.00 -99.00 0.00 525.00 519.00 516.00 525.00 38.02 1003.67 47.23 1 5 4 17 
18:20:40 96.95 0.00050160 -88.17460632 -99.00 -99.00 0.00 525.00 519.00 516.00 525.00 38.03 1003.68 47.22 1 5 4 17 
18:20:40 97.15 0.00050160 -88.17460632 -99.00 -99.00 0.00 525.00 519.00 515.00 525.00 38.04 1003.67 47.24 1 5 4 17 
18:20:42 97.35 0.00050160 -88.17460632 -99.00 -99.00 0.00 525.00 519.00 516.00 525.00 38.04 1003.65 47.28 1 5 4 17 
18:20:42 97.55 0.00050160 -88.17460632 -99.00 -99.00 0.00 525.00 519.00 516.00 525.00 38.06 1003.67 47.25 1 5 4 17 
18:20:42 97.75 0.00050160 -88.17460632 -99.00 -99.00 0.00 525.00 519.00 516.00 525.00 38.07 1003.74 47.18 1 5 4 17 
18:20:42 97.95 0.00050160 -88.17460632 -99.00 -99.00 0.00 525.00 519.00 516.00 525.00 38.09 1003.73 47.08 1 5 4 17 
18:20:42 98.15 0.00050160 -88.17460632 -99.00 -99.00 0.00 525.00 519.00 515.00 525.00 38.12 1003.76 47.05 1 5 4 17 
18:20:43 98.36 0.00050160 -88.17460632 -99.00 -99.00 0.00 525.00 519.00 516.00 525.00 38.12 1003.70 46.92 1 5 4 17 
18:20:43 98.56 0.00050160 -88.17460632 -99.00 -99.00 0.00 525.00 519.00 516.00 525.00 38.13 1003.65 46.81 1 5 4 17 
18:20:43 98.76 0.00050160 -88.17460632 -99.00 -99.00 0.00 525.00 519.00 516.00 525.00 38.14 1003.62 46.69 1 5 4 17 
18:20:43 98.96 0.00050160 -88.17460632 -99.00 -99.00 0.00 525.00 519.00 516.00 525.00 38.14 1003.61 46.65 1 5 4 17 
18:20:43 99.16 0.00050160 -88.17460632 -99.00 -99.00 0.00 525.00 519.00 516.00 525.00 38.15 1003.62 46.60 1 5 4 17 
18:20:44 99.36 0.00050160 -88.17460632 -99.00 -99.00 0.00 525.00 519.00 516.00 525.00 38.16 1003.62 46.57 1 5 4 17 
18:20:44 99.56 0.00050160 -88.17460632 -99.00 -99.00 0.00 526.00 518.00 516.00 525.00 38.18 1003.58 46.48 1 5 4 17 
18:20:44 99.76 0.00050160 -88.17460632 -99.00 -99.00 0.00 526.00 518.00 516.00 525.00 38.19 1003.62 46.46 1 5 4 17 
18:20:44 99.96 0.00050160 -88.17460632 -99.00 -99.00 0.00 526.00 519.00 516.00 525.00 38.20 1003.59 46.42 1 5 4 17 
18:20:44 100.16 0.00050160 -88.17460632 -99.00 -99.00 0.00 525.00 519.00 516.00 525.00 38.20 1003.59 46.38 1 5 4 17 
18:20:44 100.36 30.69167900 -88.17460632 -99.00 -99.00 0.00 525.00 519.00 516.00 525.00 38.20 1003.61 46.32 1 0 0 17 
18:20:44 100.56 30.69167900 -88.17460632 -99.00 -99.00 0.00 525.00 519.00 516.00 525.00 38.20 1003.61 46.28 1 0 0 17 
18:20:44 100.76 30.69167900 -88.17460632 -99.00 -99.00 0.00 526.00 519.00 516.00 525.00 38.21 1003.57 46.28 1 0 0 17 
18:20:44 100.96 30.69167900 -88.17460632 -99.00 -99.00 0.00 525.00 519.00 516.00 525.00 38.23 1003.55 46.33 1 0 0 17 
18:20:44 101.16 30.69167900 -88.17460632 -99.00 -99.00 0.00 525.00 519.00 516.00 525.00 38.25 1003.49 46.43 1 0 0 17 
18:20:46 101.37 0.00050160 88.00001525 -99.00 -99.00 0.00 526.00 519.00 516.00 525.00 38.27 1003.50 46.43 1 0 0 17 
18:20:46 101.57 0.00050160 88.00001525 -99.00 -99.00 0.00 525.00 519.00 516.00 525.00 38.28 1003.50 46.43 1 0 0 17 
18:20:46 101.77 0.00050160 88.00001525 -99.00 -99.00 0.00 525.00 518.00 516.00 525.00 38.30 1003.49 46.50 1 0 0 17 
18:20:46 101.97 0.00050160 88.00001525 -99.00 -99.00 0.00 525.00 519.00 516.00 525.00 38.32 1003.50 46.58 1 0 0 17 
18:20:47 102.17 0.00050160 88.00001525 -99.00 -99.00 0.00 526.00 519.00 516.00 525.00 38.36 1003.52 46.77 1 0 0 17 
18:20:47 102.37 0.00050160 88.00001525 -99.00 -99.00 0.00 526.00 518.00 516.00 525.00 38.36 1003.46 46.84 1 0 0 17 
18:20:47 102.57 0.00050160 88.00001525 -99.00 -99.00 0.00 526.00 519.00 516.00 525.00 38.37 1003.48 46.81 1 0 0 17 
18:20:47 102.77 0.00050160 88.00001525 -99.00 -99.00 0.00 525.00 519.00 516.00 525.00 38.37 1003.46 46.75 1 0 0 17 
18:20:47 102.97 0.00050160 88.00001525 -99.00 -99.00 0.00 525.00 518.00 516.00 525.00 38.38 1003.43 46.65 1 0 0 17 
18:20:47 103.18 0.00050160 88.00001525 -99.00 -99.00 0.00 526.00 518.00 516.00 525.00 38.40 1003.47 46.54 1 0 0 17 
18:20:48 103.38 30.69167900 -88.17460632 -99.00 -99.00 0.00 525.00 519.00 516.00 526.00 38.41 1003.46 46.55 1 5 4 17 
