131.868 9.07821
131.881 9.0016
131.894 9.15482
131.907 9.0016
131.92 8.96329
131.933 9.03991
131.946 8.96329
131.959 9.03991
131.972 9.0016
131.985 8.92499
131.998 9.15482
132.011 9.0016
132.024 9.0016
132.037 9.07821
132.05 8.96329
132.063 9.07821
132.076 9.03991
132.089 9.0016
132.102 8.96329
132.115 8.96329
132.128 9.11651
132.141 8.84838
132.154 8.77177
132.167 8.65686
132.18 8.73347
132.193 8.50364
132.206 8.58025
132.219 8.46534
132.232 8.42703
132.245 8.35042
132.258 8.42703
132.274 8.42703
132.287 8.73347
132.3 9.0016
132.313 9.38465
132.326 9.76769
132.339 9.99752
132.352 10.5338
132.365 10.8785
132.378 11.2233
132.391 11.5297
132.404 11.5297
132.417 11.4914
132.43 11.3765
132.443 10.9168
132.456 10.4572
132.469 9.92091
132.482 9.53786
132.495 9.0016
132.508 8.42703
132.521 7.62263
132.534 7.08637
132.547 6.39688
132.56 5.89892
132.573 5.13283
132.586 4.51995
132.599 4.32843
132.612 4.02199
132.625 3.79216
132.638 3.71555
132.651 3.79216
132.664 3.86877
132.677 4.0986
132.69 4.78809
132.703 5.17113
132.716 5.86062
132.729 6.43519
132.742 7.00976
132.755 7.89076
132.768 8.69516
132.781 9.76769
132.794 10.8785
132.807 12.3724
132.82 14.1727
132.833 15.7049
132.846 16.6625
132.859 17.5052
132.872 17.6968
132.885 17.4286
132.898 16.7775
132.911 15.8964
132.924 14.4792
132.937 12.947
132.95 11.8745
132.963 10.5721
132.976 9.8443
132.989 8.96329
133.002 8.23551
133.015 7.81416
133.028 7.58433
133.041 6.93315
133.054 6.47349
133.067 5.89892
133.08 5.20944
133.093 4.48165
133.106 3.52403
133.119 2.94946
133.132 2.4515
133.145 2.41319
133.161 2.56641
133.174 2.91116
133.187 3.56234
133.2 4.0603
133.213 4.9413
133.226 5.66909
133.239 6.20536
133.252 6.70332
133.265 7.31619
133.278 7.96737
133.291 8.65686
133.304 9.65278
133.317 10.6104
133.33 12.4107
133.343 14.1344
133.356 16.0497
133.369 17.4669
133.382 17.3137
133.395 17.8883
133.408 17.1605
133.421 16.3944
133.434 15.8198
133.447 14.9388
133.46 14.1727
133.473 13.0619
133.486 11.7978
133.499 10.2273
133.512 9.26973
133.525 8.31211
133.538 7.58433
133.551 6.89484
133.564 6.28197
133.577 5.59248
133.59 4.78809
133.603 3.83047
133.616 2.60472
133.629 1.95354
133.642 1.41727
133.655 1.30236
133.668 1.37897
133.681 1.87693
133.694 2.14506
133.707 2.4515
133.72 2.75794
133.733 3.21759
133.746 3.75386
133.759 4.36673
133.772 5.13283
133.785 6.32027
133.798 7.27789
133.811 8.31211
133.824 9.23143
133.837 9.76769
133.85 10.6487
133.863 11.4148
133.876 12.5256
133.889 13.6365
133.902 15.5134
133.915 17.2754
133.928 18.731
133.941 19.2673
133.954 19.4205
133.967 18.0798
133.98 16.3944
133.993 14.6324
134.006 13.0619
134.019 11.8745
134.032 10.9934
134.048 10.3806
134.061 9.88261
134.074 9.15482
134.087 8.35042
134.1 7.50772
134.113 6.66501
134.126 6.01384
134.139 5.36266
134.152 4.97961
134.165 4.48165
134.178 4.0986
134.191 3.71555
134.204 3.48573
134.217 3.21759
134.23 3.17929
134.243 3.2942
134.256 3.56234
134.269 3.79216
134.282 4.0603
134.295 4.29012
134.308 4.71148
134.321 5.01791
134.334 5.47757
134.347 5.93723
134.36 6.89484
134.373 7.73755
134.386 8.54194
134.399 9.57617
134.412 10.1507
134.425 10.9934
134.438 11.9511
134.451 12.8704
134.464 14.0578
134.477 15.6283
134.49 16.7391
134.503 17.0456
134.516 16.8158
134.529 15.7815
134.542 14.4026
134.555 13.5982
134.568 12.7555
134.581 12.1426
134.594 11.5297
134.607 10.9934
134.62 10.3423
134.633 9.806
134.646 9.15482
134.659 8.1589
134.672 7.3928
134.685 6.47349
134.698 5.78401
134.711 4.86469
134.724 4.36673
134.737 3.75386
134.75 3.48573
134.763 3.2559
134.776 3.21759
134.789 3.17929
134.802 3.2559
134.815 3.37081
134.828 3.37081
134.841 3.63894
134.854 3.71555
134.867 4.02199
134.88 4.59656
134.893 5.43926
134.906 6.5118
134.919 8.35042
134.935 9.34634
134.948 9.95922
134.961 10.7253
134.974 11.0701
134.987 11.0318
135.0 11.6063
135.013 12.2575
135.026 13.7897
135.039 15.4751
135.052 17.4286
135.065 18.3096
135.078 17.85
135.091 16.3178
135.104 14.211
135.117 12.3724
135.13 11.1084
135.143 10.4955
135.156 10.2273
135.169 10.1124
135.182 9.76769
135.195 9.15482
135.208 8.27381
135.221 7.3545
135.234 6.39688
135.247 5.7457
135.26 5.24774
135.273 4.82639
135.286 4.36673
135.299 4.17521
135.312 4.0986
135.325 3.98369
135.338 4.02199
135.351 3.98369
135.364 3.90708
135.377 4.02199
135.39 4.0603
135.403 4.32843
135.416 4.51995
135.429 4.78809
135.442 5.09452
135.455 5.36266
135.468 6.05214
135.481 6.85654
135.494 7.85246
135.507 8.88668
135.52 9.99752
135.533 10.8019
135.546 11.7978
135.559 12.6405
135.572 13.828
135.585 15.0154
135.598 16.1646
135.611 16.7391
135.624 16.9307
135.637 16.2029
135.65 15.1303
135.663 14.0578
135.676 12.7555
135.689 11.4531
135.702 10.7636
135.715 10.189
135.728 9.88261
135.741 9.69109
135.754 9.30804
135.767 9.15482
135.78 8.61855
135.793 8.1972
135.806 7.54602
135.822 7.04806
135.835 6.43519
135.848 6.01384
135.861 5.51587
135.874 4.9413
135.887 4.48165
135.9 4.0603
135.913 3.63894
135.926 3.56234
135.939 3.71555
135.952 4.25182
135.965 4.71148
135.978 5.28605
135.991 5.55418
136.004 5.78401
136.017 6.09044
136.03 6.5501
136.043 7.12467
136.056 7.81416
136.069 8.88668
136.082 9.92091
136.095 11.7978
136.108 12.9853
136.121 14.1727
136.134 14.709
136.147 14.9771
136.16 15.0537
136.173 15.2453
136.186 15.3219
136.199 15.4368
136.212 15.092
136.225 14.4792
136.238 13.2917
136.251 11.9894
136.264 10.4955
136.277 9.61448
136.29 8.81008
136.303 8.42703
136.316 8.1589
136.329 7.77585
136.342 7.23959
136.355 6.5501
136.368 5.63079
136.381 4.51995
136.394 3.63894
136.407 3.06437
136.42 2.52811
136.433 2.18337
136.446 1.91523
136.459 1.95354
136.472 2.18337
136.485 2.37489
136.498 2.91116
136.511 3.67725
136.524 4.29012
136.537 5.17113
136.55 5.97553
136.563 6.70332
136.576 7.27789
136.589 7.85246
136.602 8.31211
136.615 9.15482
136.628 10.0741
136.641 11.1467
136.654 12.6788
136.667 14.5175
136.68 16.7008
136.693 18.0032
136.709 18.2713
136.722 17.6202
136.735 16.6625
136.748 15.6666
136.761 14.9771
136.774 14.0578
136.787 13.1002
136.8 12.0277
136.813 10.8402
136.826 9.95922
136.839 9.11651
136.852 8.35042
136.865 7.85246
136.878 7.50772
136.891 7.31619
136.904 6.97145
136.917 6.62671
136.93 6.24366
136.943 5.55418
136.956 5.01791
136.969 4.63487
136.982 4.0603
136.995 3.48573
137.008 3.21759
137.021 3.17929
137.034 3.37081
137.047 3.67725
137.06 3.86877
137.073 4.51995
137.086 4.903
137.099 5.40096
137.112 5.97553
137.125 6.35858
137.138 6.97145
137.151 7.50772
137.164 8.04398
137.177 9.07821
137.19 10.1124
137.203 11.568
137.216 12.9087
137.229 14.5558
137.242 15.9347
137.255 16.9307
137.268 17.0456
137.281 16.7391
137.294 15.9731
137.307 15.0154
137.32 14.2876
137.333 13.4833
137.346 12.6022
137.359 11.7978
137.372 10.8019
137.385 9.92091
137.398 9.23143
137.411 8.50364
137.424 7.96737
137.437 7.54602
137.45 7.3545
137.463 6.74162
137.476 5.93723
137.489 5.36266
137.502 4.44334
137.515 3.40912
137.528 2.75794
137.541 2.37489
137.554 2.18337
137.567 2.25998
137.58 2.4898
137.596 2.98777
137.609 3.56234
137.622 4.0986
137.635 4.71148
137.648 5.47757
137.661 5.93723
137.674 6.5118
137.687 7.16298
137.7 7.85246
137.713 8.81008
137.726 9.69109
137.739 10.5721
137.752 11.9128
137.765 13.4833
137.778 14.5941
137.791 15.7815
137.804 16.8541
137.817 17.1988
137.83 17.0839
137.843 16.8924
137.856 16.2029
137.869 15.207
137.882 13.828
137.895 12.5256
137.908 11.3765
137.921 10.2273
137.934 9.49956
137.947 8.73347
137.96 8.00568
137.973 7.43111
137.986 6.81823
137.999 5.93723
138.012 5.32435
138.025 4.29012
138.038 3.63894
138.051 3.06437
138.064 2.64302
138.077 2.37489
138.09 2.33659
138.103 2.41319
138.116 2.71963
138.129 2.87285
138.142 3.2942
138.155 3.79216
138.168 4.36673
138.181 4.9413
138.194 5.63079
138.207 6.66501
138.22 7.43111
138.233 8.50364
138.246 9.23143
138.259 10.0741
138.272 11.1084
138.285 12.5256
138.298 13.7514
138.311 15.1687
138.324 16.5859
138.337 17.3903
138.35 17.6585
138.363 17.1988
138.376 16.088
138.389 14.7473
138.402 13.2917
138.415 12.0277
138.428 11.0701
138.441 10.1507
138.454 9.76769
138.467 9.03991
138.483 8.73347
138.496 8.38873
138.509 7.92907
138.522 7.3928
138.535 6.74162
138.548 6.12875
138.561 5.7074
138.574 5.01791
138.587 4.78809
138.6 4.32843
138.613 3.98369
138.626 3.71555
138.639 3.48573
138.652 3.21759
138.665 3.17929
138.678 3.40912
138.691 3.75386
138.704 4.21351
138.717 4.67317
138.73 5.24774
138.743 5.93723
138.756 6.35858
138.769 6.89484
138.782 7.50772
138.795 8.42703
138.808 9.69109
138.821 10.9551
138.834 12.5639
138.847 14.5558
138.86 16.6625
138.873 18.3862
138.886 19.1906
138.899 19.1523
138.912 18.233
138.925 16.7008
138.938 15.3985
138.951 13.9429
138.964 12.947
138.977 11.4531
138.99 10.5721
139.003 9.92091
139.016 9.23143
139.029 8.77177
139.042 8.04398
139.055 7.46941
139.068 7.20128
139.081 6.5118
139.094 5.82231
139.107 5.13283
139.12 4.40504
139.133 3.94538
139.146 3.14098
139.159 2.87285
139.172 2.4898
139.185 2.37489
139.198 2.4515
139.211 2.79624
139.224 3.40912
139.237 4.02199
139.25 4.82639
139.263 5.7074
139.276 6.47349
139.289 7.08637
139.302 7.73755
139.315 8.31211
139.328 8.96329
139.341 9.61448
139.354 10.3423
139.37 11.4148
139.383 12.4107
139.396 13.2534
139.409 14.0578
139.422 14.709
139.435 15.3219
139.448 15.4751
139.461 15.4368
139.474 14.9388
139.487 14.326
139.5 13.5599
139.513 12.9853
139.526 12.4873
139.539 11.9128
139.552 11.2999
139.565 10.7253
139.578 10.0358
139.591 9.65278
139.604 8.88668
139.617 8.08229
139.63 7.3545
139.643 6.70332
139.656 5.86062
139.669 5.09452
139.682 4.21351
139.695 3.44742
139.708 2.75794
139.721 1.80032
139.734 1.6471
139.747 1.53219
139.76 1.45558
139.773 1.68541
139.786 2.22167
139.799 2.87285
139.812 3.60064
139.825 4.32843
139.838 5.24774
139.851 5.97553
139.864 6.70332
139.877 7.54602
139.89 8.35042
139.903 9.61448
139.916 10.5721
139.929 11.9894
139.942 13.2534
139.955 14.6324
139.968 15.9731
139.981 17.0456
139.994 17.8883
140.007 18.5395
140.02 18.1947
140.033 17.3137
140.046 16.088
140.059 14.7473
140.072 13.0619
140.085 11.7595
140.098 10.5338
140.111 9.8443
140.124 9.30804
140.137 8.81008
140.15 8.50364
140.163 8.35042
140.176 7.89076
140.189 7.31619
140.202 6.77993
140.215 6.09044
140.228 5.47757
140.241 4.36673
140.257 3.71555
140.27 3.14098
140.283 2.71963
140.296 2.52811
140.309 2.41319
140.322 2.37489
140.335 2.4898
140.348 2.60472
140.361 3.10268
140.374 3.40912
140.387 4.02199
140.4 4.97961
140.413 5.86062
140.426 6.62671
140.439 7.3545
140.452 8.31211
140.465 9.57617
140.478 11.3765
140.491 13.7131
140.504 16.088
140.517 18.3479
140.53 19.5354
140.543 18.9608
140.556 17.5435
140.569 16.088
140.582 14.8239
140.595 13.5599
140.608 12.4873
140.621 11.4914
140.634 10.4189
140.647 9.34634
140.66 8.58025
140.673 8.08229
140.686 7.85246
140.699 7.66094
140.712 7.81416
140.725 7.81416
140.738 7.69924
140.751 7.62263
140.764 7.31619
140.777 7.00976
140.79 6.35858
140.803 6.01384
140.816 5.59248
140.829 4.9413
140.842 4.48165
140.855 4.21351
140.868 4.0603
140.881 3.94538
140.894 3.83047
140.907 3.71555
140.92 3.71555
140.933 3.63894
140.946 3.63894
140.959 3.98369
140.972 4.25182
140.985 4.71148
140.998 5.51587
141.011 6.47349
141.024 7.58433
141.037 8.96329
141.05 10.7253
141.063 12.449
141.076 13.8663
141.089 15.2453
141.102 15.8581
141.115 16.3944
141.128 16.7775
141.144 16.8158
141.157 16.2795
141.17 15.7815
141.183 14.6707
141.196 13.1002
141.209 11.7212
141.222 10.2273
141.235 9.38465
141.248 8.84838
141.261 8.46534
141.274 8.38873
141.287 8.42703
141.3 8.38873
141.313 8.12059
141.326 7.77585
141.339 6.81823
141.352 5.89892
141.365 5.17113
141.378 4.48165
141.391 3.94538
141.404 3.75386
141.417 3.67725
141.43 3.67725
141.443 3.98369
141.456 4.48165
141.469 4.903
141.482 5.47757
141.495 6.01384
141.508 6.35858
141.521 6.89484
141.534 7.31619
141.547 8.1972
141.56 9.11651
141.573 10.6104
141.586 12.2192
141.599 14.1344
141.612 15.6666
141.625 16.2795
141.638 16.1646
141.651 15.3219
141.664 14.3643
141.677 13.5982
141.69 12.7938
141.703 12.3724
141.716 11.7212
141.729 11.0701
141.742 9.95922
141.755 9.15482
141.768 8.12059
141.781 7.3545
141.794 6.77993
141.807 6.35858
141.82 6.20536
141.833 6.09044
141.846 5.97553
141.859 5.55418
141.872 5.05622
141.885 4.74978
141.898 4.29012
141.911 3.98369
141.924 3.94538
141.937 3.86877
141.95 3.75386
141.963 4.13691
141.976 4.51995
141.989 4.9413
142.002 5.55418
142.015 6.43519
142.031 7.20128
142.044 8.1972
142.057 8.77177
142.07 9.57617
142.083 9.92091
142.096 10.687
142.109 11.9128
142.122 13.0236
142.135 15.0537
142.148 16.7391
142.161 17.5052
142.174 17.352
142.187 16.3561
142.2 14.4792
142.213 12.7555
142.226 11.5297
142.239 10.3423
142.252 9.88261
142.265 9.23143
142.278 8.69516
142.291 8.00568
142.304 7.16298
142.317 6.09044
142.33 5.05622
142.343 4.25182
142.356 3.60064
142.369 3.21759
142.382 3.2559
142.395 3.37081
142.408 3.67725
142.421 3.94538
142.434 4.55826
142.447 4.78809
142.46 5.13283
142.473 5.55418
142.486 6.20536
142.499 6.66501
142.512 7.08637
142.525 7.69924
142.538 8.31211
142.551 9.26973
142.564 10.7253
142.577 16.0497
142.59 21.0676
142.603 23.5574
142.616 23.4042
142.629 20.11
142.642 16.088
142.655 13.7514
142.668 12.7555
142.681 11.9894
142.694 11.0318
142.707 10.1124
142.72 8.65686
142.733 7.69924
142.746 6.89484
142.759 6.20536
142.772 5.66909
142.785 5.32435
142.798 4.97961
142.811 4.74978
142.824 4.44334
142.837 4.21351
142.85 4.0986
142.863 3.94538
142.876 3.94538
142.889 3.94538
142.902 4.0986
142.918 4.44334
142.931 4.74978
142.944 5.01791
142.957 5.43926
142.97 6.09044
142.983 6.70332
142.996 7.31619
143.009 8.12059
143.022 8.54194
143.035 8.92499
143.048 9.03991
143.061 9.23143
143.074 9.42295
143.087 9.49956
143.1 9.72939
143.113 9.8443
143.126 10.1124
143.139 10.3423
143.152 10.3806
143.165 10.3806
143.178 10.189
143.191 10.0358
143.204 9.8443
143.217 9.46126
143.23 9.26973
143.243 8.65686
143.256 8.31211
143.269 7.73755
143.282 7.46941
143.295 7.69924
143.308 8.50364
143.321 10.9168
143.334 13.1768
143.347 14.3643
143.36 14.9388
143.373 13.6365
143.386 11.0701
143.399 8.81008
143.412 6.5118
143.425 5.47757
143.438 5.47757
143.451 6.24366
143.464 7.62263
143.477 9.19312
143.49 10.189
143.503 10.687
143.516 10.5721
143.529 9.95922
143.542 8.96329
143.555 7.73755
143.568 7.12467
