16.66 8.46534
16.763 7.92907
16.866 8.96329
16.969 9.38465
17.072 8.96329
17.175 9.95922
17.278 11.4914
17.381 7.20128
17.484 3.14098
17.587 5.32435
17.69 12.1043
17.793 15.207
17.896 6.85654
17.999 1.76202
18.102 5.20944
18.205 13.2151
18.308 14.1344
18.411 6.97145
18.514 1.57049
18.617 4.51995
18.72 12.8321
18.823 14.0961
18.926 6.66501
19.029 1.6471
19.132 6.16705
19.235 14.2876
19.338 11.7212
19.441 6.62671
19.544 2.22167
19.647 7.08637
19.75 11.9894
19.853 13.5216
19.956 7.50772
20.059 2.71963
20.162 4.55826
20.265 12.0277
20.368 17.1605
20.471 7.54602
20.574 2.29828
20.677 3.56234
20.78 11.7595
20.883 18.3096
20.989 8.27381
21.092 2.25998
21.195 3.44742
21.298 11.9894
21.401 19.612
21.504 8.31211
21.607 3.63894
21.71 3.52403
21.813 10.4572
21.916 18.5012
22.019 8.77177
22.122 2.4898
22.225 2.4515
22.328 11.6446
22.431 19.6503
22.534 7.62263
22.637 3.2559
22.74 2.56641
22.843 10.4572
22.946 20.7994
23.049 9.42295
23.152 2.94946
23.255 2.94946
23.358 9.53786
23.461 21.1059
23.564 9.65278
23.667 3.71555
23.77 1.07253
23.873 8.04398
23.976 19.2673
24.079 9.76769
24.182 5.01791
24.285 0.0383047
24.388 8.04398
24.491 15.7432
24.594 9.57617
24.697 6.16705
24.8 0.497961
24.903 8.04398
25.006 17.352
25.109 9.57617
25.212 5.78401
25.315 0.536266
25.418 10.4189
25.521 15.0537
25.624 7.20128
25.727 5.59248
25.83 1.68541
25.933 9.92091
26.036 19.4971
26.139 8.27381
26.242 3.79216
26.345 0.689484
26.448 9.92091
26.551 18.8842
26.654 9.34634
26.757 5.43926
26.86 0.536266
26.963 5.93723
27.066 19.5737
27.169 9.8443
27.272 5.55418
27.375 1.11084
27.478 9.46126
27.581 18.9608
27.684 6.70332
27.787 7.08637
27.89 3.71555
27.996 7.20128
28.099 23.2892
28.202 3.90708
