12.381 12.0277
12.484 1.91523
12.587 14.2876
12.69 9.61448
12.793 2.29828
12.896 13.7514
12.999 7.66094
13.102 4.74978
13.205 14.7473
13.308 6.77993
13.414 7.20128
13.517 13.1768
13.62 1.99184
13.723 10.189
13.826 15.59
13.929 1.41727
14.032 13.9046
14.135 11.6446
14.238 1.37897
14.341 15.9347
14.444 7.16298
14.547 7.89076
14.65 16.1646
14.753 0.727789
14.856 13.9812
14.959 10.4572
15.062 3.86877
15.165 13.7514
15.268 0.229828
15.371 14.0578
15.474 12.449
15.577 0.842703
15.68 15.4368
15.783 5.43926
15.886 3.60064
15.989 16.5476
16.092 3.40912
16.195 11.2616
16.298 12.9087
16.401 -0.114914
16.504 17.4286
16.607 7.3928
16.71 9.34634
16.813 11.0318
16.916 -0.0383047
17.019 12.1809
17.122 7.85246
17.225 7.85246
17.328 11.6446
17.431 0.459656
17.534 11.4148
17.637 6.32027
17.74 6.01384
17.843 12.2958
17.946 1.34066
18.049 9.57617
18.152 8.35042
18.255 3.86877
18.358 11.0318
18.461 4.21351
18.564 8.96329
18.667 5.40096
18.77 10.2657
18.873 7.3545
18.976 4.02199
19.079 9.57617
19.182 7.27789
19.285 6.66501
19.388 11.1467
19.491 3.71555
19.594 10.8019
19.697 7.3545
19.8 6.09044
19.903 15.092
20.006 4.78809
20.109 6.70332
20.212 15.5517
20.315 3.06437
20.421 10.5338
20.524 12.9087
20.627 1.87693
20.73 13.9429
20.833 8.96329
20.936 6.39688
21.039 12.6788
21.142 2.25998
21.245 9.88261
21.348 14.4409
21.451 2.71963
21.554 12.449
21.657 13.4449
21.76 0.612875
21.863 12.1426
21.966 13.4449
22.069 1.41727
22.172 13.33
22.275 11.2233
22.378 0.57457
22.481 16.6625
22.584 8.84838
22.687 2.4515
22.79 12.2192
22.893 6.62671
22.996 3.14098
23.099 15.6283
23.202 4.71148
23.305 10.304
23.408 13.5599
23.511 0.612875
23.614 18.5012
23.717 3.60064
23.82 13.7131
23.923 10.6487
24.026 7.62263
24.129 14.3643
24.232 0.306437
24.335 10.1507
24.438 8.58025
24.541 12.6788
