0 -.070
0 -.020
0 0.010
0 0.050
0 0.080
20 7.820
20 7.830
20 7.840
20 7.840
20 7.870
20 7.870
20 7.890
20 7.930
20 7.960
20 7.980
40 15.85
40 15.87
40 15.89
40 15.91
40 15.93
40 15.94
40 15.95
40 15.96
40 15.97
40 16.00
60 24.03
60 24.04
60 24.04
60 24.06
60 24.07
60 24.10
60 24.13
60 24.16
60 24.16
60 24.17
80 32.29
80 32.30
80 32.31
80 32.31
80 32.33
80 32.37
80 32.38
80 32.40
80 32.42
80 32.44
100 40.72
100 40.79
100 40.82
100 40.83
100 40.86

