4.741 -0.497961 8.84838 2.56641
4.844 -0.421352 8.84838 2.64302
4.949 -0.57457 8.92499 2.41319
5.055 -0.842703 8.92499 2.56641
5.159 -0.957617 8.84838 2.83455
5.262 -0.727789 8.77177 2.75794
5.365 -0.421352 8.84838 2.60472
5.47 -0.612875 8.81008 2.83455
5.573 -0.383047 8.84838 2.75794
5.678 -0.689484 8.77177 2.4898
5.783 -0.727789 8.84838 2.79624
5.886 -0.229828 8.73347 2.64302
5.989 -0.727789 8.88668 2.71963
6.092 -0.421352 8.77177 3.17929
6.195 -0.497961 8.73347 2.4898
6.298 -0.306437 8.88668 2.87285
6.401 -0.383047 8.84838 2.60472
6.504 -0.536266 8.84838 2.98777
6.607 -0.421352 8.96329 2.68133
6.71 -0.497961 8.88668 2.75794
6.813 -0.383047 8.73347 2.64302
6.916 -0.536266 8.84838 2.94946
7.019 -0.344742 8.65686 2.71963
7.122 -0.497961 8.84838 2.83455
7.225 -0.459656 8.81008 2.94946
7.328 -0.497961 9.03991 2.64302
7.431 -0.497961 8.81008 2.87285
7.534 -0.612875 8.61855 2.68133
7.637 -0.497961 8.92499 2.83455
7.74 -0.57457 8.77177 2.56641
7.843 -0.497961 8.88668 2.68133
7.946 -0.612875 8.92499 2.75794
8.049 -0.459656 8.88668 2.79624
8.152 -0.344742 8.96329 2.91116
8.255 -0.383047 8.81008 2.71963
8.358 -0.153219 9.0016 2.83455
8.461 -0.344742 8.77177 2.56641
8.564 -0.153219 9.03991 2.79624
8.667 -0.229828 8.92499 2.75794
8.77 -0.497961 9.11651 2.98777
8.873 -0.421352 8.58025 2.56641
8.976 -0.459656 8.92499 2.83455
9.079 -0.612875 8.77177 2.60472
9.182 -0.497961 8.73347 2.52811
9.285 -0.497961 8.77177 2.68133
9.388 -0.268133 8.73347 2.91116
9.491 -0.191523 8.81008 2.60472
9.594 -0.421352 8.84838 2.64302
9.701 -0.459656 8.96329 2.71963
9.804 -0.536266 8.84838 2.56641
9.907 -0.612875 8.77177 2.98777
10.01 -0.344742 8.81008 2.71963
10.113 -0.229828 8.88668 2.83455
10.216 -0.497961 8.65686 2.64302
10.319 -0.229828 9.0016 2.91116
10.422 -0.497961 8.92499 2.71963
10.525 -0.268133 8.92499 2.75794
10.628 -0.536266 8.84838 2.60472
10.731 -0.344742 8.81008 2.64302
10.834 -0.421352 8.88668 2.25998
10.937 -0.536266 9.03991 2.52811
11.04 -0.497961 8.88668 2.18337
11.143 -0.536266 9.0016 2.10676
11.246 -0.383047 8.92499 2.29828
11.349 -0.459656 8.65686 2.33659
11.452 -0.459656 8.88668 2.4898
11.555 -0.804398 9.19312 2.68133
11.658 -0.344742 9.0016 2.37489
11.761 -0.727789 9.07821 2.33659
11.864 -0.229828 9.07821 2.4898
11.967 -0.459656 9.15482 2.56641
12.07 -0.306437 9.03991 2.52811
12.173 -0.689484 8.96329 2.52811
12.276 -0.65118 8.96329 2.64302
12.379 -0.536266 9.0016 2.4515
12.482 -0.65118 8.81008 2.4515
12.585 -0.421352 8.73347 2.25998
12.688 -0.612875 9.03991 2.4515
12.791 -0.114914 9.19312 2.60472
12.894 -0.421352 8.88668 2.41319
12.997 -0.268133 9.03991 2.41319
13.1 -0.268133 8.96329 2.56641
13.203 -0.612875 9.03991 2.60472
13.306 -0.612875 8.61855 2.22167
13.409 -0.421352 8.84838 2.33659
13.512 -0.229828 8.88668 2.29828
13.615 -0.383047 9.11651 2.52811
13.718 -0.344742 8.92499 2.4898
13.821 -0.421352 8.88668 2.37489
13.924 -0.306437 8.96329 2.10676
14.027 -0.268133 9.11651 2.33659
14.13 -0.268133 9.15482 2.33659
14.233 -0.229828 8.73347 2.37489
14.336 -0.383047 8.81008 2.33659
14.439 -0.421352 8.92499 2.41319
14.542 -0.229828 8.77177 2.60472
14.645 -0.229828 8.81008 2.4515
14.748 -0.153219 8.84838 2.37489
14.851 -0.459656 8.77177 2.33659
14.954 -0.268133 8.73347 2.68133
15.057 -0.191523 8.77177 2.60472
15.16 -0.344742 8.96329 2.75794
15.263 -0.153219 8.81008 2.4515
15.366 -0.229828 8.81008 2.87285
15.469 -0.191523 8.84838 2.64302
15.572 -0.421352 8.88668 2.75794
15.675 -0.153219 8.96329 2.68133
15.778 -0.153219 8.92499 2.79624
15.881 -0.229828 8.96329 2.56641
15.984 -0.229828 8.73347 2.56641
16.087 -0.191523 8.92499 2.64302
16.19 -0.383047 9.0016 2.52811
16.293 -0.114914 8.77177 2.64302
16.396 -0.114914 8.58025 2.37489
16.499 -0.229828 9.0016 2.83455
16.602 -0.191523 9.03991 2.4898
16.709 -0.229828 9.11651 2.37489
16.812 -0.191523 9.0016 2.75794
16.915 -0.191523 8.65686 2.4515
17.018 -0.153219 8.88668 2.75794
17.121 -0.0766094 9.0016 2.79624
17.224 -0.306437 8.84838 2.60472
17.327 -0.421352 8.77177 2.60472
17.43 -0.114914 8.77177 2.83455
17.533 -0.0383047 9.0016 2.75794
17.636 -0.421352 8.96329 2.79624
17.739 -0.421352 9.03991 2.71963
17.842 -0.268133 9.03991 2.75794
17.945 -0.0383047 8.61855 2.52811
18.048 -0.0383047 8.69516 2.56641
18.151 -0.114914 9.0016 2.71963
18.254 -0.497961 9.11651 2.68133
18.357 -0.57457 9.03991 3.06437
18.46 -0.383047 8.65686 2.37489
18.563 0.0766094 8.54194 2.75794
18.666 -0.0383047 8.58025 2.68133
18.769 -0.421352 8.96329 2.87285
18.872 -0.536266 8.69516 2.83455
18.975 -0.344742 8.81008 2.75794
19.078 -0.459656 8.61855 2.64302
19.181 -0.344742 8.58025 2.79624
19.284 0.0 9.23143 3.17929
19.387 -0.268133 8.73347 2.79624
19.49 -0.383047 8.69516 2.83455
19.593 -0.306437 8.88668 2.94946
19.696 -0.0766094 9.0016 3.17929
19.799 -0.0766094 8.77177 2.68133
19.902 -0.191523 8.61855 2.98777
20.005 -0.421352 8.73347 2.94946
20.108 -0.114914 8.81008 2.98777
20.211 -0.268133 8.81008 2.83455
20.314 -0.153219 8.77177 3.10268
20.417 -0.268133 8.61855 2.79624
20.52 -0.229828 8.54194 3.06437
20.623 -0.191523 9.11651 3.21759
20.726 -0.191523 8.84838 3.10268
20.829 -0.0383047 8.81008 3.33251
20.932 -0.114914 8.58025 2.91116
21.035 -0.306437 8.88668 3.2559
21.138 0.0383047 8.81008 3.14098
21.241 -0.0383047 8.88668 3.17929
21.344 -0.153219 8.84838 3.33251
21.447 -0.268133 8.88668 3.2942
21.55 -0.344742 8.69516 2.83455
21.653 -0.0383047 8.61855 3.17929
21.756 -0.153219 8.69516 3.02607
21.859 -0.191523 8.77177 2.98777
21.962 -0.191523 8.54194 3.06437
22.065 -0.229828 8.54194 3.10268
22.168 -0.268133 8.50364 3.17929
22.271 -0.153219 8.50364 2.98777
22.374 -0.153219 8.69516 3.2559
22.477 -0.344742 8.58025 2.75794
22.58 -0.268133 8.58025 3.33251
22.683 -0.153219 8.65686 2.79624
22.786 -0.153219 8.65686 3.17929
22.889 -0.383047 8.54194 3.06437
22.992 -0.153219 8.69516 3.33251
23.095 -0.191523 8.81008 3.33251
23.198 -0.0383047 9.03991 3.37081
23.301 -0.421352 8.58025 3.14098
23.404 -0.191523 8.54194 3.17929
23.507 0.0 8.65686 3.06437
23.61 -0.229828 8.73347 3.10268
23.717 -0.229828 9.0016 3.40912
23.82 -0.191523 8.31211 2.79624
23.923 -0.191523 8.88668 3.21759
24.026 -0.153219 8.65686 2.98777
24.129 -0.268133 8.84838 3.10268
24.232 -0.268133 9.0016 3.10268
24.335 -0.383047 8.65686 2.98777
24.438 -0.114914 8.69516 3.14098
24.541 -0.153219 8.65686 3.02607
24.644 -0.306437 8.77177 2.98777
24.747 -0.191523 8.96329 3.33251
24.85 -0.268133 8.81008 3.10268
24.953 -0.383047 8.50364 2.83455
25.056 -0.383047 8.96329 3.10268
25.159 -0.229828 8.73347 3.06437
25.262 -0.191523 8.84838 3.06437
25.365 -0.268133 8.92499 3.10268
25.468 -0.191523 8.65686 3.14098
25.571 -0.268133 8.96329 3.14098
25.674 -0.268133 8.88668 3.17929
25.777 -0.459656 8.65686 2.91116
25.88 -0.383047 8.61855 2.91116
25.983 -0.536266 8.65686 2.71963
26.086 -0.344742 9.11651 3.14098
26.189 -0.383047 9.0016 3.17929
26.292 -0.306437 8.88668 3.06437
26.395 -0.459656 8.65686 2.68133
26.498 -0.191523 8.38873 2.94946
26.601 -0.383047 8.46534 3.02607
26.704 -0.229828 8.73347 2.94946
26.807 -0.0383047 8.77177 2.91116
26.91 -0.229828 8.73347 3.02607
27.013 -0.344742 8.73347 2.83455
27.116 -0.612875 9.03991 3.14098
27.219 -0.65118 8.81008 3.2942
27.322 -0.191523 8.69516 3.06437
27.425 -0.268133 8.73347 3.33251
27.528 -0.344742 8.92499 2.98777
27.631 -0.344742 8.84838 3.10268
27.734 -0.0766094 8.73347 2.87285
27.837 -0.0766094 8.92499 3.14098
27.94 -0.191523 8.81008 2.71963
28.043 -0.153219 8.65686 3.37081
28.146 -0.153219 8.65686 2.68133
28.249 -0.153219 8.58025 2.83455
28.352 0.0766094 8.77177 2.71963
28.455 0.0 8.96329 2.91116
28.558 -0.0766094 8.81008 2.64302
28.661 -0.459656 8.61855 2.68133
28.764 -0.306437 8.58025 2.52811
28.867 -0.268133 8.81008 2.37489
28.97 -0.0383047 9.19312 2.79624
29.073 -0.153219 9.23143 2.60472
29.176 -0.306437 8.77177 2.4515
29.279 -0.497961 8.73347 2.29828
29.382 -0.383047 9.07821 2.4898
29.485 -0.421352 9.0016 2.41319
29.588 -0.229828 9.15482 2.4515
29.691 -0.306437 8.88668 2.10676
29.794 -0.421352 9.11651 2.64302
29.897 -0.459656 8.84838 2.4515
30.0 -0.268133 9.15482 2.4898
30.103 -0.229828 8.42703 1.99184
30.206 -0.383047 8.96329 2.37489
30.309 -0.497961 9.19312 2.18337
30.412 -0.612875 9.26973 2.52811
30.515 -0.727789 9.15482 2.52811
30.618 -0.153219 8.84838 2.41319
30.721 -0.421352 8.96329 2.41319
30.828 -0.65118 9.03991 2.52811
30.931 -0.65118 8.88668 2.71963
31.034 -0.766094 9.07821 2.79624
31.137 -0.497961 8.69516 2.68133
31.24 -0.344742 8.50364 2.68133
31.343 -0.459656 8.96329 2.91116
31.446 -0.689484 8.81008 3.02607
31.549 -0.919312 8.81008 2.91116
31.652 -0.727789 8.65686 2.79624
31.755 -0.383047 8.65686 2.68133
31.858 -0.383047 8.77177 2.94946
31.961 -0.842703 8.58025 2.75794
32.064 -0.57457 8.69516 2.94946
32.167 -0.689484 8.61855 2.68133
32.27 -0.689484 8.88668 2.91116
32.373 -0.65118 8.88668 3.14098
32.476 -0.727789 8.81008 3.33251
32.579 -0.689484 8.69516 2.94946
32.682 -0.344742 8.42703 3.14098
32.785 0.114914 8.1589 2.83455
32.888 -1.14914 9.0016 3.44742
32.991 -1.49388 9.38465 3.40912
33.094 -1.11084 9.03991 3.40912
33.197 -0.191523 8.35042 2.87285
33.3 -0.114914 8.54194 2.94946
33.403 -0.65118 9.07821 3.17929
33.506 -0.957617 9.03991 2.98777
33.609 -1.14914 9.07821 3.2942
33.712 -0.766094 8.61855 3.2559
33.815 -0.306437 8.65686 3.17929
33.918 -0.306437 8.65686 3.06437
34.021 -0.497961 8.69516 3.2559
34.124 -0.727789 8.73347 2.94946
34.227 -0.612875 8.58025 3.02607
34.33 -0.536266 8.65686 3.33251
34.433 -0.459656 8.81008 3.2559
34.536 -0.344742 8.65686 3.2942
34.639 -0.727789 8.73347 3.17929
34.742 -0.727789 8.58025 3.40912
34.845 -0.153219 8.69516 2.91116
34.948 -0.153219 8.73347 3.33251
35.051 -0.153219 8.65686 3.21759
35.154 -0.268133 8.50364 3.37081
35.257 -0.459656 8.81008 3.37081
35.36 -0.229828 8.69516 3.21759
35.463 -0.114914 8.58025 3.17929
35.566 -0.727789 8.96329 3.33251
35.669 -0.344742 8.61855 3.17929
35.772 -0.612875 8.61855 3.33251
35.875 -0.536266 9.30804 3.52403
35.978 -0.344742 8.84838 2.98777
36.081 -0.229828 8.92499 3.33251
36.184 -0.612875 8.61855 3.10268
36.287 -0.114914 8.23551 2.94946
36.39 -0.114914 8.42703 3.02607
36.493 -0.766094 8.77177 3.2942
36.596 -0.306437 9.23143 3.52403
36.699 -0.421352 8.77177 3.2559
36.802 0.0383047 8.46534 3.14098
36.905 -0.0766094 8.31211 2.98777
37.008 -0.344742 8.77177 3.21759
37.111 -0.57457 8.61855 2.91116
37.214 -0.612875 8.77177 3.14098
37.317 -0.727789 8.58025 2.79624
37.42 -0.114914 8.69516 3.06437
37.523 0.0766094 9.07821 3.2559
37.626 -0.229828 9.03991 3.17929
37.729 -0.268133 8.69516 3.2559
37.836 -0.191523 8.42703 2.79624
37.939 -0.766094 8.38873 3.14098
38.042 -1.07253 8.61855 2.83455
38.145 -1.03423 9.03991 3.33251
38.248 -0.383047 8.92499 3.02607
38.351 -0.57457 8.81008 2.75794
38.454 -0.497961 8.77177 2.87285
38.557 -0.344742 8.73347 3.06437
38.66 -0.459656 9.0016 2.94946
38.763 -0.804398 8.61855 2.75794
38.866 -0.344742 8.61855 2.79624
38.969 -0.229828 9.03991 2.94946
39.072 -1.03423 9.46126 3.71555
39.175 -0.383047 8.88668 2.94946
39.278 0.0383047 8.50364 2.56641
39.381 -0.727789 8.77177 2.56641
39.484 -0.306437 8.61855 2.87285
39.587 -0.689484 8.92499 2.91116
39.69 -0.766094 9.19312 3.33251
39.793 -1.03423 9.30804 3.02607
39.896 -0.536266 8.1972 2.41319
39.999 -0.459656 8.84838 2.94946
40.102 -0.57457 8.84838 2.98777
40.205 -0.306437 8.58025 2.83455
40.308 -0.727789 8.84838 2.87285
40.411 -0.612875 8.92499 3.14098
40.514 -0.881008 8.81008 2.94946
40.617 -0.421352 8.73347 3.21759
40.72 -0.612875 8.73347 3.02607
40.823 -0.612875 8.88668 3.02607
40.926 -0.689484 8.58025 3.06437
41.029 -0.153219 8.77177 3.14098
41.132 -0.497961 8.84838 3.10268
41.235 -0.536266 8.69516 3.02607
41.338 -0.497961 8.65686 2.79624
41.441 -0.306437 8.69516 2.98777
41.544 -0.65118 9.0016 3.10268
41.647 -0.804398 8.88668 2.98777
41.75 -0.268133 8.81008 2.91116
41.853 -0.459656 8.61855 2.71963
41.956 -0.612875 8.84838 3.10268
42.059 -0.497961 8.77177 2.68133
42.162 -0.229828 8.69516 2.83455
42.265 -0.689484 8.88668 3.06437
42.368 -0.536266 8.96329 3.06437
42.471 -0.459656 8.65686 2.98777
42.574 -0.344742 8.77177 3.02607
42.677 -0.536266 8.69516 3.06437
42.78 -0.459656 8.84838 3.10268
42.883 -0.459656 8.61855 2.98777
42.986 -0.344742 8.77177 2.94946
43.089 -0.383047 8.73347 2.87285
43.192 -0.421352 8.77177 3.02607
43.295 -0.497961 8.65686 2.87285
43.398 -0.497961 8.58025 3.14098
43.501 -0.65118 8.73347 3.10268
43.604 -0.57457 8.58025 2.87285
43.707 -0.421352 8.73347 2.75794
43.81 -0.689484 8.92499 2.94946
43.913 -0.536266 8.81008 3.06437
44.016 -0.612875 8.73347 2.94946
44.119 -0.383047 8.88668 3.06437
44.222 -0.459656 8.88668 3.10268
44.325 -0.459656 8.81008 3.02607
44.428 -0.612875 8.69516 3.02607
44.531 -0.497961 8.65686 2.87285
44.634 -0.421352 8.69516 2.79624
44.737 -0.57457 8.77177 2.94946
44.844 -0.383047 8.84838 2.91116
44.947 -0.421352 8.73347 2.94946
45.05 -0.459656 8.88668 3.14098
45.153 -0.497961 8.58025 2.83455
45.256 -0.459656 8.61855 2.91116
45.359 -0.344742 8.61855 2.79624
45.462 -0.268133 8.65686 3.02607
45.565 -0.459656 8.61855 2.79624
45.668 -0.65118 8.84838 3.10268
45.771 -0.536266 8.88668 3.06437
45.874 -0.229828 9.07821 3.40912
45.977 -0.727789 8.77177 3.06437
46.08 -0.114914 8.61855 2.94946
46.183 0.0 8.38873 2.75794
46.286 -0.153219 8.50364 2.60472
46.389 -0.344742 8.77177 2.71963
46.492 -0.689484 9.15482 3.17929
46.595 -0.497961 9.19312 3.17929
46.698 -0.344742 9.11651 3.37081
46.801 -0.459656 8.84838 3.06437
46.904 -0.191523 8.58025 3.02607
47.007 0.0383047 8.58025 2.91116
47.11 -0.306437 8.58025 2.71963
47.213 -0.268133 8.96329 2.98777
47.316 -0.383047 8.96329 2.87285
47.419 -0.306437 8.96329 3.06437
47.522 -0.344742 8.69516 2.71963
47.625 -0.229828 8.81008 2.91116
47.728 -0.306437 8.69516 2.83455
47.831 -0.268133 8.77177 2.94946
47.934 0.0383047 8.92499 2.68133
48.037 -0.421352 8.77177 3.02607
48.14 -0.306437 8.69516 2.94946
48.243 -0.229828 8.77177 2.79624
48.346 -0.191523 8.69516 2.60472
48.449 -0.612875 8.77177 3.10268
48.552 -0.612875 8.81008 2.94946
48.655 -0.497961 8.58025 2.98777
48.758 -0.191523 9.0016 3.10268
48.861 -0.612875 8.77177 2.94946
48.964 -0.383047 8.92499 2.79624
49.067 -0.268133 9.03991 2.91116
49.17 -0.383047 8.84838 2.79624
49.273 -0.153219 8.69516 2.79624
49.376 -0.191523 8.84838 2.98777
49.479 -0.306437 8.73347 2.64302
49.582 -0.191523 8.81008 3.2559
49.685 -0.421352 8.84838 2.87285
49.788 -0.229828 8.88668 3.10268
49.891 -0.689484 8.84838 2.98777
49.994 -0.344742 8.92499 3.17929
50.097 -0.344742 8.73347 2.91116
50.2 -0.383047 8.96329 3.21759
50.303 -0.153219 8.77177 3.02607
50.406 -0.114914 8.81008 3.06437
50.509 -0.229828 8.77177 2.83455
50.612 -0.153219 8.69516 2.94946
50.715 -0.421352 8.58025 2.71963
50.818 -0.344742 8.77177 2.98777
50.921 -0.459656 8.77177 3.02607
51.024 -0.459656 8.81008 2.94946
51.127 -0.153219 8.77177 2.98777
51.23 -0.306437 8.84838 2.94946
51.333 -0.268133 8.81008 2.98777
51.436 -0.421352 8.73347 2.87285
51.539 -0.268133 8.77177 2.75794
51.642 -0.536266 8.84838 2.87285
51.745 -0.421352 8.77177 3.21759
51.852 -0.268133 8.69516 2.75794
51.955 -0.229828 8.73347 2.94946
52.058 -0.421352 8.73347 2.98777
52.161 -0.459656 8.69516 3.21759
52.264 -0.383047 8.88668 2.87285
52.367 -0.459656 8.77177 3.02607
52.47 -0.344742 8.96329 2.68133
52.573 -0.421352 8.84838 2.94946
52.676 -0.383047 8.84838 3.06437
52.779 -0.306437 8.73347 2.83455
52.882 -0.268133 8.81008 2.87285
52.985 -0.229828 8.92499 2.94946
53.088 -0.306437 8.88668 3.02607
53.191 -0.383047 8.92499 2.94946
53.294 -0.268133 9.07821 3.02607
53.397 -0.268133 8.69516 2.71963
53.5 -0.268133 8.92499 2.98777
53.603 -0.306437 8.81008 2.91116
53.706 -0.191523 8.84838 2.98777
53.809 -0.191523 8.92499 2.83455
53.912 -0.114914 8.77177 2.98777
54.015 -0.153219 8.88668 2.68133
54.118 -0.153219 8.81008 2.94946
54.221 -0.306437 8.65686 2.64302
54.324 -0.459656 8.92499 2.94946
54.427 -0.153219 8.88668 2.79624
54.53 -0.153219 8.88668 2.79624
54.633 -0.191523 8.77177 2.94946
54.736 -0.114914 8.84838 2.79624
54.839 -0.344742 8.84838 2.91116
54.942 -0.344742 8.69516 2.83455
55.045 -0.0383047 8.84838 2.91116
55.148 -0.459656 8.84838 2.68133
55.251 -0.383047 9.07821 2.98777
55.354 -0.612875 8.77177 2.71963
55.457 -0.268133 8.84838 2.87285
55.56 -0.421352 9.0016 2.68133
55.663 -0.421352 8.88668 2.79624
55.766 -0.229828 8.96329 2.83455
55.869 -0.383047 8.69516 2.75794
55.972 -0.421352 8.84838 2.75794
56.075 -0.421352 9.07821 2.79624
56.178 -0.497961 8.96329 2.75794
56.281 -0.306437 8.96329 2.60472
56.384 -0.421352 8.73347 2.71963
56.487 -0.306437 8.84838 2.56641
56.59 -0.306437 9.11651 2.83455
56.693 -0.383047 8.81008 2.64302
56.796 -0.421352 8.69516 2.68133
56.899 -0.727789 8.69516 2.79624
57.002 -0.65118 9.0016 3.10268
57.105 -0.229828 9.0016 2.4515
57.208 -0.268133 8.77177 2.64302
57.311 -0.536266 8.73347 2.4898
57.414 -0.612875 8.77177 2.60472
57.517 -0.57457 8.92499 2.4898
57.62 -0.344742 9.03991 2.75794
57.723 -0.344742 8.77177 2.33659
57.826 -0.57457 8.84838 2.64302
57.929 -0.421352 9.0016 2.79624
58.032 -0.421352 8.88668 2.68133
58.135 -0.229828 8.92499 2.75794
58.238 -0.229828 9.07821 2.41319
58.341 -0.421352 8.92499 2.64302
58.444 -0.57457 8.92499 2.22167
58.547 -0.306437 9.23143 2.68133
58.65 -0.459656 9.0016 2.14506
58.753 -0.612875 8.54194 2.22167
58.856 -0.383047 9.26973 2.68133
58.963 -0.459656 9.0016 2.18337
59.066 -0.421352 8.88668 2.64302
59.169 -0.57457 8.96329 2.22167
59.272 -0.612875 8.81008 2.52811
59.376 -0.727789 9.15482 2.41319
59.479 -0.57457 9.07821 2.79624
59.582 -0.229828 9.26973 2.37489
59.685 -0.229828 8.88668 2.03015
59.788 -0.612875 8.96329 1.87693
59.891 -0.65118 9.15482 1.80032
59.994 -0.804398 9.42295 1.87693
60.097 -0.306437 9.03991 1.45558
60.2 -0.153219 9.42295 1.49388
60.303 -0.421352 8.96329 1.6088
60.406 -0.766094 9.46126 1.83862
60.509 -0.497961 9.19312 1.72371
60.612 -0.536266 9.19312 1.80032
60.715 -0.65118 9.30804 1.83862
60.818 -0.344742 9.03991 1.76202
60.921 -0.268133 9.34634 1.87693
61.024 -0.229828 9.11651 1.87693
61.127 -0.344742 8.96329 1.95354
61.23 -0.804398 9.0016 1.83862
61.333 -0.459656 9.03991 1.99184
61.436 -0.766094 8.84838 2.10676
61.539 -0.766094 9.0016 2.68133
61.642 -0.727789 8.81008 2.4515
61.745 -0.842703 8.88668 3.06437
61.848 -0.995922 8.88668 3.06437
61.951 -0.881008 8.69516 3.60064
62.054 -0.612875 8.77177 3.10268
62.157 -0.689484 8.46534 3.60064
62.26 -0.727789 8.54194 3.2559
62.363 -0.57457 8.69516 3.33251
62.466 -0.383047 8.61855 3.21759
62.569 -0.766094 8.69516 3.37081
62.672 -0.65118 8.54194 3.52403
62.775 -0.612875 8.23551 3.33251
62.878 -0.306437 8.42703 3.56234
62.981 -0.919312 8.61855 3.71555
63.084 -0.612875 8.46534 3.48573
63.187 -0.689484 8.54194 3.94538
63.29 -0.65118 8.61855 3.44742
63.393 -0.842703 8.54194 3.67725
63.496 -0.612875 8.54194 3.63894
63.599 -0.919312 8.77177 3.52403
63.702 -0.65118 8.65686 3.37081
63.805 -0.919312 8.46534 3.06437
63.908 -1.18745 8.61855 3.06437
64.011 -0.881008 8.84838 3.10268
64.114 -1.22575 8.92499 3.2559
64.217 -0.727789 8.73347 2.60472
64.32 -0.727789 8.61855 2.64302
64.423 -1.26405 8.65686 2.4898
64.526 -1.49388 9.49956 2.56641
64.629 -1.49388 9.15482 2.52811
64.732 -0.766094 8.84838 2.52811
64.835 -0.766094 8.58025 2.25998
64.938 -1.30236 9.07821 2.71963
65.041 -1.07253 9.46126 2.60472
65.144 -1.07253 8.73347 2.71963
65.247 -1.07253 8.69516 2.25998
65.35 -1.22575 8.96329 2.29828
65.453 -1.03423 9.03991 2.71963
65.556 -1.22575 8.96329 2.71963
65.659 -0.727789 8.77177 2.37489
65.762 -1.14914 8.84838 2.4898
65.865 -0.727789 8.84838 2.52811
65.972 -1.07253 8.81008 2.14506
66.075 -0.995922 9.23143 2.56641
66.178 -0.57457 8.65686 2.25998
66.281 -1.57049 8.65686 2.29828
66.384 -0.766094 9.03991 2.68133
66.487 -0.497961 9.23143 2.83455
66.59 -0.995922 8.46534 2.33659
66.693 -1.6471 9.26973 2.75794
66.796 -1.68541 8.77177 2.64302
66.899 -0.421352 8.84838 2.68133
67.002 -0.57457 9.26973 2.87285
67.105 -0.689484 9.46126 2.75794
67.208 -1.30236 8.69516 2.4515
67.311 -0.881008 8.81008 2.56641
67.414 -0.689484 8.88668 2.68133
67.517 -0.727789 8.84838 2.4898
67.62 -0.842703 8.92499 2.60472
67.723 -1.14914 8.69516 2.52811
67.826 -0.804398 9.03991 2.68133
67.929 -1.07253 8.92499 2.37489
68.032 -0.842703 8.84838 3.02607
68.135 -0.689484 8.69516 2.41319
68.238 -0.842703 8.84838 2.52811
68.341 -1.03423 8.88668 2.56641
68.444 -0.804398 9.0016 2.75794
68.547 -0.804398 8.69516 2.4515
68.65 -0.842703 8.58025 2.94946
68.753 -0.804398 9.15482 2.60472
68.856 -0.881008 9.11651 2.98777
68.959 -0.766094 9.07821 2.83455
69.062 -0.689484 8.73347 2.79624
69.165 -0.57457 8.92499 2.91116
69.268 -0.995922 8.96329 2.94946
69.371 -0.727789 9.15482 3.17929
69.474 -0.919312 9.07821 3.33251
69.577 -0.689484 8.61855 2.79624
69.68 -1.11084 8.96329 2.4898
69.783 -0.957617 8.69516 2.60472
69.886 -0.842703 8.69516 2.18337
69.989 -1.07253 9.0016 2.75794
70.092 -1.11084 8.88668 2.4515
70.195 -1.07253 8.92499 2.79624
70.298 -0.459656 8.73347 2.60472
70.401 -0.612875 8.96329 2.71963
70.504 -0.65118 8.81008 2.4898
70.607 -1.18745 8.65686 2.4515
70.71 -0.995922 8.77177 2.33659
70.813 -0.842703 8.65686 2.37489
70.916 -0.383047 8.69516 2.68133
71.019 -0.766094 8.61855 2.64302
71.122 -1.14914 8.46534 2.41319
71.225 -0.421352 8.58025 2.60472
71.328 -0.421352 8.84838 2.64302
71.431 -0.766094 8.96329 2.68133
71.534 -0.497961 8.65686 2.52811
71.637 -0.536266 8.96329 2.79624
71.74 -0.727789 9.11651 2.71963
71.843 -0.689484 9.19312 2.87285
71.946 -0.612875 9.11651 2.71963
72.049 -0.344742 9.19312 3.10268
72.152 -0.344742 9.34634 2.75794
72.255 -0.919312 8.65686 2.71963
72.358 -0.881008 8.35042 2.60472
72.461 -0.306437 8.77177 3.21759
72.564 -0.268133 8.88668 2.87285
72.667 -1.14914 9.30804 3.2559
72.77 -0.421352 9.0016 2.68133
72.873 0.0 8.73347 2.64302
72.98 -0.842703 9.42295 2.68133
73.083 -0.919312 9.15482 2.98777
73.186 -0.268133 8.65686 2.64302
73.289 -0.842703 9.11651 2.91116
73.392 -0.957617 9.19312 2.75794
73.495 -0.881008 8.69516 2.56641
73.598 -0.536266 8.65686 2.4515
73.701 -0.536266 8.84838 2.87285
73.804 -0.881008 8.81008 2.60472
73.907 -0.383047 8.81008 2.71963
74.01 -0.766094 8.69516 2.71963
74.113 -0.766094 8.92499 2.98777
74.216 -0.536266 8.92499 2.71963
74.319 -0.421352 9.07821 2.91116
74.422 -0.612875 9.34634 3.02607
74.525 -0.268133 9.07821 3.06437
74.628 -0.497961 8.77177 2.60472
74.731 -0.497961 8.58025 3.2942
74.834 -0.689484 8.77177 2.91116
74.937 -0.766094 9.03991 3.06437
75.04 -0.919312 8.92499 2.75794
75.143 -0.881008 8.69516 2.91116
75.246 -0.995922 8.73347 2.71963
75.349 -1.03423 8.88668 2.98777
75.452 -1.14914 8.61855 2.71963
75.555 -1.03423 8.88668 2.98777
75.658 -0.842703 8.81008 3.06437
75.761 -1.14914 8.69516 2.98777
75.864 -0.919312 8.69516 2.87285
75.967 -1.18745 8.84838 2.94946
76.07 -1.11084 8.96329 2.94946
76.173 -1.34066 8.73347 2.79624
76.276 -1.07253 8.73347 2.79624
76.379 -1.26405 9.0016 2.79624
76.482 -1.11084 8.58025 2.68133
76.585 -1.34066 8.65686 2.83455
76.688 -1.34066 9.07821 2.94946
76.791 -1.30236 8.81008 3.10268
76.894 -0.995922 8.81008 2.87285
76.997 -1.14914 9.07821 3.02607
77.1 -1.26405 8.77177 3.10268
77.203 -1.41727 8.77177 2.71963
77.306 -1.26405 8.81008 2.71963
77.409 -1.07253 8.73347 3.14098
77.512 -1.07253 8.84838 2.68133
77.615 -1.34066 9.03991 3.06437
77.718 -1.14914 8.77177 2.87285
77.821 -0.919312 8.73347 3.10268
77.924 -1.18745 8.58025 2.71963
78.027 -1.07253 8.73347 3.2559
78.13 -1.07253 8.73347 2.83455
78.233 -0.766094 8.65686 2.94946
78.336 -1.03423 8.88668 2.87285
78.439 -1.03423 9.0016 3.14098
78.542 -0.842703 8.88668 2.79624
78.645 -1.34066 8.81008 2.87285
78.748 -0.957617 8.69516 2.91116
78.851 -0.995922 9.0016 2.83455
78.954 -1.30236 8.92499 3.02607
79.057 -1.30236 8.61855 2.98777
79.16 -1.03423 9.15482 3.52403
79.263 -0.919312 9.19312 3.17929
79.366 -0.612875 9.07821 3.14098
79.469 -0.804398 8.84838 3.14098
79.572 -0.881008 8.58025 2.94946
79.675 -0.804398 8.54194 2.75794
79.778 -0.766094 8.65686 2.79624
79.881 -0.995922 9.0016 3.06437
79.988 -1.22575 8.69516 2.79624
80.091 -0.881008 8.61855 2.98777
80.194 -0.995922 8.96329 2.98777
80.297 -1.14914 9.07821 2.71963
80.4 -1.14914 8.73347 2.91116
80.503 -0.881008 8.69516 3.17929
80.606 -0.881008 8.54194 2.98777
80.709 -0.766094 9.03991 3.40912
80.812 -0.689484 9.19312 3.40912
80.915 -0.65118 8.69516 3.44742
81.018 -0.344742 8.73347 3.40912
81.121 -0.689484 8.81008 3.06437
81.224 -0.804398 8.69516 3.17929
81.327 -0.306437 8.69516 3.21759
81.43 -0.804398 8.84838 3.52403
81.533 -0.536266 8.50364 3.2942
81.636 -0.536266 8.77177 4.0603
81.739 -0.497961 8.27381 3.75386
81.842 -0.306437 8.65686 4.36673
81.945 -0.421352 8.38873 4.17521
82.048 -0.497961 8.1589 4.17521
82.151 -0.268133 8.50364 4.13691
82.254 -0.536266 8.35042 4.32843
82.357 -0.65118 8.27381 4.21351
82.46 -0.536266 8.42703 4.59656
82.563 -0.536266 8.38873 4.32843
82.666 -0.344742 8.12059 4.32843
82.769 -0.421352 8.08229 4.40504
82.872 -0.344742 8.54194 4.82639
82.975 -0.612875 8.31211 4.63487
83.078 -0.421352 7.96737 4.82639
83.181 -0.421352 8.12059 4.36673
83.284 -0.497961 8.31211 4.86469
83.387 -0.383047 8.23551 4.51995
83.49 -0.306437 8.27381 4.86469
83.593 -0.421352 8.00568 4.32843
83.696 -0.229828 8.1589 4.74978
83.799 -0.306437 8.00568 4.71148
83.902 -0.268133 8.12059 4.78809
84.005 -0.229828 8.1589 4.55826
84.108 -0.383047 8.38873 4.97961
84.211 -0.344742 7.92907 4.40504
84.314 -0.268133 8.31211 5.13283
84.417 -0.306437 8.08229 4.59656
84.52 -0.344742 8.08229 4.78809
84.623 -0.344742 8.1972 4.78809
84.726 -0.268133 8.31211 4.97961
84.829 -0.268133 8.08229 4.44334
84.932 -0.268133 8.04398 4.9413
85.035 -0.421352 8.1972 4.9413
85.138 -0.268133 8.1589 5.05622
85.241 -0.268133 8.04398 4.78809
85.344 -0.229828 8.1972 4.9413
85.447 -0.268133 8.12059 4.903
85.55 -0.306437 8.08229 4.86469
85.653 -0.268133 8.27381 4.0986
85.756 -0.383047 8.61855 4.0603
85.859 -0.229828 8.69516 3.37081
85.962 -0.344742 8.96329 2.60472
86.065 -0.344742 9.11651 2.25998
86.168 -0.268133 8.58025 2.60472
86.271 -0.421352 8.88668 2.25998
86.374 -0.344742 9.0016 2.18337
86.477 -0.268133 9.07821 2.18337
86.58 -0.153219 8.96329 2.41319
86.683 -0.383047 9.03991 2.29828
86.786 -0.383047 9.03991 2.37489
86.889 -0.497961 9.07821 2.22167
86.992 -0.459656 8.92499 2.52811
87.099 -0.114914 9.07821 2.22167
87.202 -0.536266 8.88668 2.18337
87.305 -0.191523 9.19312 2.4515
87.408 -0.191523 9.15482 2.18337
87.511 -0.191523 9.30804 2.25998
87.614 -0.344742 9.15482 2.22167
87.717 -0.459656 9.07821 2.25998
87.82 -0.344742 9.26973 1.83862
87.923 -0.344742 9.26973 1.91523
88.026 -0.268133 9.19312 1.41727
88.129 -0.383047 9.19312 1.72371
88.232 -0.383047 9.15482 1.49388
88.335 -0.268133 9.34634 1.80032
88.438 -0.229828 9.07821 1.95354
88.541 -0.191523 9.15482 2.22167
88.644 -0.191523 8.92499 1.91523
88.747 -0.268133 9.0016 2.06845
88.85 -0.153219 8.96329 1.99184
88.953 -0.0766094 9.03991 2.25998
89.056 -0.0383047 8.92499 2.25998
89.159 -0.0383047 8.92499 2.41319
89.262 -0.0766094 8.88668 2.25998
89.365 -0.153219 8.96329 2.37489
89.468 -0.0766094 8.96329 2.37489
89.571 -0.229828 8.96329 2.41319
89.674 0.0 8.88668 2.52811
89.777 -0.0766094 8.88668 2.4515
89.88 0.0 8.84838 2.98777
89.983 0.0 8.77177 2.75794
90.086 0.0 8.92499 2.87285
90.189 -0.0383047 8.81008 2.87285
90.292 0.0766094 8.84838 2.75794
90.395 0.0766094 8.92499 2.79624
90.498 0.191523 8.92499 3.10268
90.601 0.229828 8.96329 2.75794
90.704 0.229828 8.96329 2.4515
90.807 0.153219 9.15482 2.37489
90.91 0.191523 8.92499 2.41319
91.013 0.268133 8.96329 2.41319
91.116 0.459656 9.42295 2.60472
91.219 0.804398 9.0016 2.14506
91.322 0.804398 8.92499 2.37489
91.425 0.57457 8.88668 2.14506
91.528 0.881008 9.38465 2.68133
91.631 0.995922 8.73347 2.22167
91.734 1.49388 8.88668 2.52811
91.837 1.6088 9.0016 2.37489
91.94 0.766094 9.07821 2.56641
92.043 0.65118 9.15482 2.4515
92.146 1.14914 9.03991 2.94946
92.249 1.07253 8.69516 2.56641
92.352 1.34066 8.69516 2.03015
92.455 1.11084 8.84838 2.18337
92.558 1.07253 9.11651 2.56641
92.661 1.18745 9.03991 2.4898
92.764 1.18745 9.19312 2.52811
92.867 1.45558 8.92499 2.79624
92.97 1.6088 8.54194 2.56641
93.073 1.57049 9.23143 2.4898
93.176 1.11084 8.77177 2.25998
93.279 0.727789 8.84838 2.37489
93.382 0.65118 9.49956 2.52811
93.485 0.536266 9.23143 2.33659
93.588 0.421352 9.15482 1.95354
93.691 0.421352 8.96329 1.68541
93.794 0.0383047 8.88668 1.6088
93.897 0.0766094 9.07821 1.6088
94.0 0.0383047 9.49956 1.95354
94.107 0.881008 9.72939 2.03015
94.21 0.191523 9.46126 1.6471
94.313 0.0 8.96329 2.10676
94.416 0.0 8.92499 1.87693
94.519 0.268133 9.03991 1.87693
94.622 0.421352 9.53786 1.80032
94.725 0.229828 9.34634 1.6471
94.828 0.0 9.42295 1.6088
94.931 0.114914 9.07821 1.83862
95.034 0.0383047 9.15482 1.49388
95.137 -0.0383047 9.19312 1.49388
95.24 0.0 9.30804 1.53219
95.343 0.268133 9.11651 1.91523
95.446 0.0766094 9.30804 1.49388
95.549 0.191523 9.15482 1.53219
95.652 0.383047 9.72939 1.68541
95.755 0.268133 9.23143 1.53219
95.858 0.191523 9.57617 1.53219
95.961 0.0383047 9.42295 1.6088
96.064 0.114914 9.0016 1.6471
96.167 0.114914 9.30804 1.53219
96.27 0.229828 9.38465 1.53219
96.373 0.0766094 9.38465 1.6471
96.476 0.0383047 9.26973 1.83862
96.579 0.114914 9.49956 2.18337
96.682 0.229828 9.26973 1.22575
96.785 0.612875 9.15482 1.87693
96.888 0.383047 9.03991 1.6088
96.991 0.191523 9.07821 1.80032
97.094 0.497961 9.23143 1.80032
97.197 0.497961 9.57617 1.80032
97.3 0.727789 9.26973 1.6471
97.403 0.727789 9.26973 1.91523
97.506 0.421352 9.46126 1.83862
97.609 0.268133 8.84838 0.995922
97.712 0.306437 9.23143 1.49388
97.815 0.612875 9.42295 1.72371
97.918 0.229828 8.96329 2.03015
98.021 0.114914 9.11651 1.68541
98.124 0.191523 9.38465 1.91523
98.227 0.0766094 9.38465 2.10676
98.33 0.57457 8.88668 2.18337
98.433 0.57457 9.03991 2.18337
98.536 0.689484 9.07821 2.41319
98.639 0.344742 8.69516 2.64302
98.742 0.497961 9.23143 2.83455
98.845 0.536266 8.77177 2.94946
98.948 0.727789 8.88668 2.94946
99.051 0.459656 8.61855 2.94946
99.154 0.766094 8.96329 2.56641
99.257 0.497961 9.07821 2.37489
99.36 0.57457 8.77177 2.64302
99.463 0.306437 8.96329 2.18337
99.566 0.344742 8.77177 2.4898
99.669 0.344742 9.03991 2.18337
99.772 0.65118 8.61855 2.56641
99.875 0.689484 8.69516 2.64302
99.978 0.65118 8.65686 2.60472
100.081 0.689484 9.03991 2.52811
100.184 0.804398 8.81008 2.60472
100.287 0.727789 8.73347 2.52811
100.39 0.612875 9.03991 2.64302
100.493 0.612875 9.0016 2.71963
100.596 0.536266 9.03991 2.64302
100.699 0.727789 8.88668 2.83455
100.802 0.612875 8.61855 2.71963
100.905 0.65118 8.84838 2.71963
101.008 0.995922 8.61855 2.87285
101.115 0.65118 8.69516 2.71963
101.218 0.268133 8.84838 2.75794
101.321 0.383047 8.73347 2.83455
101.424 0.57457 8.92499 3.06437
101.527 0.383047 8.77177 2.83455
101.63 0.689484 9.11651 2.79624
101.733 0.689484 8.84838 2.71963
101.836 0.65118 8.84838 2.75794
101.939 0.766094 8.77177 2.79624
102.042 0.65118 9.07821 2.79624
102.145 0.612875 9.0016 2.71963
102.248 0.881008 8.65686 2.64302
102.351 1.03423 8.73347 2.83455
102.454 0.919312 8.65686 2.64302
102.557 0.689484 9.03991 2.98777
102.66 0.881008 8.77177 2.71963
102.763 0.957617 8.73347 2.94946
102.866 0.881008 8.96329 2.64302
102.969 0.842703 8.81008 2.79624
103.072 0.766094 9.26973 2.75794
103.175 0.842703 8.65686 3.02607
103.278 0.536266 9.03991 2.64302
103.381 0.957617 8.96329 2.83455
103.484 0.689484 8.77177 2.41319
103.587 0.65118 8.69516 2.33659
103.69 1.18745 9.19312 2.64302
103.793 1.07253 8.61855 2.60472
103.896 0.919312 9.65278 2.68133
103.999 0.766094 9.03991 2.56641
104.102 0.612875 9.26973 2.64302
104.205 0.536266 8.92499 2.37489
104.308 0.995922 9.23143 2.37489
104.411 0.881008 8.73347 2.18337
104.514 0.766094 8.92499 2.60472
104.617 0.344742 8.69516 2.37489
104.72 1.03423 9.19312 2.64302
104.823 1.11084 9.0016 2.33659
104.926 1.14914 9.38465 2.68133
105.029 0.57457 9.19312 2.60472
105.132 0.842703 9.23143 2.4898
105.235 1.26405 8.84838 2.37489
105.338 1.45558 9.46126 2.94946
105.441 0.842703 8.61855 2.60472
105.544 1.41727 9.0016 2.64302
105.647 1.18745 8.84838 2.87285
105.75 1.6088 9.26973 2.87285
105.853 1.18745 9.03991 2.33659
105.956 1.07253 9.53786 2.94946
106.059 1.11084 9.49956 2.75794
106.162 1.18745 8.96329 2.91116
106.265 1.11084 9.23143 2.71963
106.368 1.22575 8.69516 2.33659
106.471 0.957617 8.58025 2.41319
106.574 0.919312 9.23143 2.75794
106.677 0.881008 9.34634 2.71963
106.78 1.03423 9.23143 2.64302
106.883 0.804398 9.0016 2.33659
106.986 0.689484 8.88668 2.52811
107.089 0.306437 8.65686 2.4515
107.192 0.459656 9.11651 2.87285
107.295 0.57457 8.96329 3.02607
107.398 0.306437 9.0016 2.98777
107.501 0.114914 9.15482 2.94946
107.604 -0.306437 8.96329 2.75794
107.707 -0.153219 8.92499 2.91116
107.81 -0.689484 9.11651 3.2559
107.913 -0.65118 8.92499 3.21759
108.016 -0.421352 9.07821 3.10268
108.123 -0.612875 8.88668 3.37081
108.226 -1.34066 8.65686 2.91116
108.329 -1.14914 8.1972 2.91116
108.432 -1.68541 8.42703 3.02607
108.535 -1.53219 8.88668 3.44742
108.638 -1.95354 8.84838 3.21759
108.741 -1.87693 8.46534 3.06437
108.844 -2.18337 8.54194 2.91116
108.947 -2.25998 8.35042 3.14098
109.05 -1.99184 8.61855 3.14098
109.153 -2.14506 8.92499 3.2942
109.256 -2.33659 8.65686 3.14098
109.359 -2.60472 8.73347 3.21759
109.462 -2.22167 8.77177 3.56234
109.565 -2.06845 8.08229 3.44742
109.668 -2.4515 8.69516 3.63894
109.771 -2.37489 8.50364 3.52403
109.874 -2.37489 8.46534 3.48573
109.977 -2.4515 8.58025 3.60064
110.08 -2.60472 8.69516 3.63894
110.183 -2.60472 8.61855 3.52403
110.286 -2.60472 8.81008 3.75386
110.389 -2.98777 8.84838 3.71555
110.492 -2.37489 8.46534 3.10268
110.595 -2.68133 8.50364 3.14098
110.698 -2.14506 8.58025 3.48573
110.801 -2.98777 8.38873 2.87285
110.904 -2.4898 8.31211 3.48573
111.007 -1.80032 9.11651 3.67725
111.11 -2.37489 8.73347 3.52403
111.213 -2.64302 8.46534 3.33251
111.316 -2.56641 8.88668 3.60064
111.419 -2.71963 9.03991 3.44742
111.522 -2.71963 8.65686 2.87285
111.625 -2.14506 8.96329 3.37081
111.728 -2.4898 8.65686 3.2559
111.831 -2.56641 8.81008 2.94946
111.934 -2.71963 8.77177 3.33251
112.037 -2.4898 8.54194 3.21759
112.14 -2.56641 8.88668 3.06437
112.243 -2.64302 8.31211 3.02607
112.346 -2.64302 8.54194 2.94946
112.449 -2.14506 8.58025 3.17929
112.552 -2.4898 8.42703 3.10268
112.655 -2.4898 8.81008 3.2942
112.758 -2.68133 8.81008 3.2942
112.861 -2.33659 8.54194 3.14098
112.964 -2.60472 8.54194 3.06437
113.067 -2.29828 8.61855 3.10268
113.17 -2.56641 8.54194 2.4898
113.273 -2.03015 8.61855 3.21759
113.376 -1.83862 9.03991 2.94946
113.479 -1.83862 8.50364 2.91116
113.582 -1.76202 8.50364 2.79624
113.685 -2.10676 8.65686 3.2942
113.788 -2.22167 8.61855 2.91116
113.891 -2.10676 8.61855 2.94946
113.994 -2.06845 8.73347 3.17929
114.097 -2.18337 8.38873 3.02607
114.2 -1.91523 8.88668 3.10268
114.303 -1.95354 8.77177 2.71963
114.406 -1.91523 8.92499 2.91116
114.509 -2.10676 8.65686 2.87285
114.612 -1.91523 8.54194 2.75794
114.715 -2.03015 8.61855 3.33251
114.818 -2.4515 8.54194 3.17929
114.921 -2.4898 8.65686 2.98777
115.024 -2.25998 8.65686 3.02607
115.127 -2.41319 8.61855 2.75794
115.234 -2.06845 8.61855 2.87285
115.337 -2.14506 8.88668 3.06437
115.44 -2.29828 8.50364 2.83455
115.543 -2.52811 8.81008 2.94946
115.646 -2.4515 8.61855 3.02607
115.749 -2.75794 8.61855 2.60472
115.852 -2.37489 8.69516 2.60472
115.955 -2.22167 8.81008 2.56641
116.058 -1.83862 8.61855 2.4898
116.161 -2.22167 8.65686 2.83455
116.264 -2.52811 8.69516 2.64302
116.367 -2.25998 8.81008 3.10268
116.47 -1.6088 8.81008 2.56641
116.573 -1.37897 8.54194 2.83455
116.676 -1.45558 8.81008 2.87285
116.779 -1.37897 8.92499 2.91116
116.882 -0.995922 8.73347 2.52811
116.985 -0.689484 8.69516 2.98777
117.088 -0.766094 8.92499 3.14098
117.191 -0.766094 8.58025 3.21759
117.294 -0.344742 8.88668 2.94946
117.397 -0.612875 8.69516 3.10268
117.5 -0.344742 8.65686 3.06437
117.603 -0.268133 8.69516 3.44742
117.706 -0.191523 8.61855 2.79624
117.809 -0.306437 8.92499 3.2942
117.912 -0.268133 8.88668 2.71963
118.015 -0.114914 8.77177 3.17929
118.118 -0.268133 8.38873 2.79624
118.221 -0.268133 8.69516 3.2559
118.324 0.0766094 8.84838 3.10268
118.427 0.114914 9.19312 3.2559
118.53 0.0383047 8.92499 2.91116
118.633 0.383047 9.15482 2.98777
118.736 0.459656 8.81008 2.91116
118.839 0.383047 9.19312 2.98777
118.942 0.766094 8.65686 2.91116
119.045 0.0766094 9.0016 3.37081
119.148 0.612875 9.07821 2.83455
119.251 0.383047 8.77177 2.94946
119.354 0.229828 9.07821 2.75794
119.457 0.306437 8.77177 2.91116
119.56 0.766094 8.61855 2.60472
119.663 0.57457 8.77177 2.91116
119.766 0.306437 8.84838 2.52811
119.869 0.57457 8.61855 2.56641
119.972 0.881008 8.88668 2.87285
120.075 0.268133 9.30804 2.64302
120.178 0.306437 9.11651 2.87285
120.281 0.344742 8.77177 2.52811
120.384 0.114914 8.73347 2.33659
120.487 0.65118 8.61855 2.06845
120.59 0.421352 8.73347 2.64302
120.693 0.459656 8.77177 2.4898
120.796 0.459656 8.73347 2.41319
120.899 0.383047 9.15482 2.68133
121.002 0.57457 9.19312 2.79624
121.105 0.229828 9.0016 2.75794
121.208 0.0766094 9.11651 2.33659
121.311 0.191523 9.0016 2.4898
121.414 0.421352 8.69516 2.71963
121.517 0.804398 8.73347 2.25998
121.62 0.727789 9.11651 2.83455
121.723 0.612875 8.96329 2.4898
121.826 0.65118 9.19312 2.83455
121.929 0.459656 9.03991 2.79624
122.032 0.57457 9.19312 3.02607
122.135 0.766094 8.73347 2.06845
122.242 0.766094 9.26973 2.60472
122.345 0.766094 9.23143 2.52811
122.448 0.766094 9.0016 2.4898
122.551 0.536266 9.03991 2.4898
122.654 0.421352 9.15482 2.64302
122.757 0.804398 9.23143 2.94946
122.86 0.881008 9.0016 2.37489
122.963 1.14914 9.07821 2.64302
123.066 1.07253 9.23143 2.33659
123.169 0.842703 8.96329 2.37489
123.272 1.03423 8.96329 2.41319
123.375 1.07253 8.88668 2.91116
123.478 0.766094 8.88668 2.52811
123.581 0.689484 9.03991 2.56641
123.684 0.612875 8.81008 2.22167
123.787 1.26405 8.69516 2.33659
123.89 0.804398 9.0016 2.56641
123.993 0.842703 9.03991 2.75794
124.096 0.57457 8.61855 2.4515
124.199 1.03423 9.11651 2.4898
124.302 0.344742 9.07821 2.33659
124.405 0.689484 9.0016 2.79624
124.508 0.689484 8.77177 2.25998
124.611 0.957617 9.0016 2.52811
124.714 0.689484 8.81008 2.25998
124.817 0.536266 9.26973 3.17929
124.92 0.727789 9.11651 2.56641
125.023 0.804398 9.19312 2.56641
125.126 0.612875 9.34634 2.68133
125.229 0.57457 8.92499 2.79624
125.332 0.57457 8.73347 2.41319
125.435 0.766094 9.23143 2.79624
125.538 0.804398 9.34634 2.71963
125.641 0.919312 8.69516 2.60472
125.744 0.612875 9.0016 2.68133
125.847 0.842703 9.0016 2.75794
125.95 0.919312 8.84838 2.64302
126.053 0.65118 8.96329 2.68133
126.156 0.842703 8.69516 2.83455
126.259 0.842703 8.96329 2.98777
126.362 0.842703 8.92499 2.79624
126.465 0.766094 9.11651 2.4898
126.568 1.03423 8.88668 2.83455
126.671 0.459656 8.58025 2.79624
126.774 1.11084 9.30804 3.14098
126.877 0.842703 8.81008 2.98777
126.98 0.842703 9.23143 3.10268
127.083 0.842703 9.15482 3.14098
127.186 0.995922 8.96329 3.2942
127.289 0.612875 8.81008 3.14098
127.392 0.766094 8.65686 3.06437
127.495 0.766094 9.11651 3.14098
127.598 0.919312 8.96329 3.37081
127.701 0.881008 8.65686 2.98777
127.804 1.34066 8.54194 2.94946
127.907 0.842703 8.96329 3.2942
128.01 0.881008 8.73347 3.37081
128.113 0.881008 8.73347 3.10268
128.216 0.957617 8.96329 2.83455
128.319 1.22575 9.0016 2.98777
128.422 0.842703 8.81008 3.2942
128.525 0.995922 8.84838 3.06437
128.628 0.919312 8.92499 3.37081
128.731 1.37897 9.34634 3.56234
128.834 0.804398 8.58025 2.79624
128.937 1.03423 8.54194 2.94946
129.04 1.87693 8.81008 3.21759
129.143 1.53219 8.92499 3.17929
129.25 1.18745 8.54194 2.98777
129.353 1.03423 8.58025 2.79624
129.456 0.804398 9.23143 3.48573
129.559 1.53219 9.23143 3.71555
129.662 1.76202 9.03991 3.02607
129.765 1.26405 8.73347 2.98777
129.868 0.804398 8.69516 3.10268
129.971 1.03423 8.65686 3.06437
130.074 1.18745 8.38873 2.87285
130.177 1.41727 8.84838 3.37081
130.28 1.18745 9.23143 2.94946
130.383 1.34066 9.19312 3.44742
130.486 0.995922 8.88668 2.98777
130.589 1.11084 9.38465 3.2559
130.692 1.45558 9.42295 3.33251
130.795 1.18745 9.15482 3.2942
130.898 1.6471 9.30804 3.2559
131.001 1.37897 9.0016 3.17929
131.104 1.37897 8.54194 2.91116
131.207 0.65118 8.54194 3.14098
131.31 0.689484 8.84838 3.2559
131.413 0.766094 9.0016 3.06437
131.516 0.804398 8.88668 2.64302
131.619 0.612875 8.84838 2.91116
131.722 0.689484 9.03991 3.33251
131.825 0.421352 8.73347 2.98777
131.928 0.344742 8.77177 3.10268
132.031 0.383047 9.15482 2.83455
132.134 0.114914 9.19312 3.10268
132.237 0.0766094 9.30804 3.2559
132.34 0.0383047 8.69516 2.91116
132.443 -0.0383047 9.34634 3.17929
132.546 -0.114914 8.92499 2.98777
132.649 -0.612875 8.50364 2.75794
132.752 -0.268133 8.77177 2.94946
132.855 -0.229828 8.35042 2.94946
132.958 -0.383047 8.23551 2.79624
133.061 -0.727789 8.1589 3.06437
133.164 -0.689484 8.61855 3.37081
133.267 -1.07253 8.65686 3.75386
133.37 -1.26405 8.77177 3.75386
133.473 -1.07253 8.12059 3.63894
133.576 -1.07253 8.31211 3.71555
133.679 -1.07253 8.00568 3.79216
133.782 -0.957617 8.1589 4.17521
133.885 -1.03423 8.54194 4.25182
133.988 -1.11084 8.08229 4.48165
134.091 -1.34066 8.1589 4.02199
134.194 -1.14914 8.35042 4.48165
134.297 -0.919312 8.31211 4.21351
134.4 -0.727789 8.50364 4.51995
134.503 -0.766094 7.77585 3.90708
134.606 -1.26405 8.38873 4.21351
134.709 -1.18745 7.89076 3.94538
134.812 -1.30236 8.38873 4.29012
134.915 -1.22575 8.27381 4.17521
135.018 -1.14914 8.12059 4.59656
135.121 -1.30236 7.96737 4.13691
135.224 -1.03423 8.46534 4.78809
135.327 -1.45558 8.1972 4.44334
135.43 -1.37897 8.04398 5.24774
135.533 -0.842703 7.89076 4.74978
135.636 -1.11084 7.92907 4.78809
135.739 -0.957617 8.08229 4.67317
135.842 -1.14914 8.08229 5.05622
135.945 -1.22575 8.00568 4.86469
136.048 -0.689484 7.85246 5.05622
136.151 -0.804398 8.04398 4.903
136.258 -0.727789 8.1589 4.67317
136.361 -0.383047 8.27381 4.74978
136.464 -0.536266 8.27381 4.86469
136.567 -0.57457 8.23551 4.71148
136.67 -0.536266 8.12059 4.78809
136.773 -0.612875 8.12059 4.74978
136.876 -0.57457 8.1589 4.903
136.979 -0.612875 8.08229 4.86469
137.082 -0.383047 8.27381 4.82639
137.185 -0.306437 8.27381 4.74978
137.288 -0.612875 7.89076 4.67317
137.391 -0.191523 8.35042 4.903
137.494 -0.612875 8.31211 4.74978
137.597 -0.689484 8.27381 4.78809
137.7 -0.727789 8.1589 4.63487
137.803 -0.153219 8.27381 4.903
137.906 -0.191523 8.38873 4.97961
138.009 -0.191523 8.08229 4.71148
138.112 -0.383047 8.00568 4.51995
138.215 -0.229828 8.23551 5.17113
138.318 -0.153219 8.27381 4.9413
138.421 -0.0383047 8.1589 4.97961
138.524 -0.0383047 8.04398 4.86469
138.627 -0.191523 8.35042 4.78809
138.73 -0.153219 8.35042 4.13691
138.833 -0.191523 8.35042 4.44334
138.936 -0.114914 8.42703 4.13691
139.039 -2.56641 8.12059 4.0986
139.142 -2.60472 7.92907 3.98369
139.245 -2.71963 8.1589 4.21351
139.348 -2.79624 8.81008 3.90708
139.451 -1.6471 8.35042 3.71555
139.554 -0.957617 8.81008 2.87285
139.657 -0.804398 8.73347 2.75794
139.76 -0.459656 9.15482 2.4898
139.863 -0.0766094 10.9168 0.766094
139.966 -0.0383047 7.85246 0.919312
140.069 0.459656 9.76769 0.0383047
140.172 1.18745 7.50772 1.68541
140.275 -0.344742 9.30804 0.191523
140.378 0.727789 9.8443 -0.421352
140.481 0.153219 9.69109 0.0
140.584 0.689484 8.69516 0.153219
140.687 0.0 9.65278 -0.114914
140.79 0.0 9.34634 0.229828
140.893 0.0383047 9.07821 0.191523
140.996 0.0383047 9.34634 0.153219
141.099 -0.344742 10.189 -12.2575
141.202 0.0 9.49956 0.57457
141.305 0.0383047 9.03991 0.612875
141.408 0.0383047 9.42295 0.842703
141.511 -0.0766094 9.61448 0.727789
141.614 0.0 9.30804 0.65118
141.717 0.0766094 9.11651 0.612875
141.82 0.0766094 9.19312 0.536266
141.923 0.0383047 9.34634 0.881008
142.026 0.0383047 9.26973 0.344742
142.129 0.0 9.46126 1.14914
142.232 -0.881008 19.8035 -13.6748
142.335 2.98777 4.02199 6.70332
142.438 1.34066 8.23551 1.72371
142.541 1.72371 9.0016 2.64302
142.644 1.6471 8.65686 2.41319
142.747 2.71963 9.15482 2.60472
142.85 0.689484 7.73755 2.94946
142.953 0.536266 8.92499 2.06845
143.056 0.344742 8.92499 2.06845
143.159 0.0383047 9.11651 2.25998
143.262 -0.0383047 9.11651 2.18337
143.369 -0.114914 8.1972 1.95354
143.472 -0.0383047 9.07821 1.91523
143.575 -0.0766094 9.11651 1.53219
143.678 -0.0383047 9.26973 1.72371
143.782 -0.0766094 9.15482 1.41727
143.885 0.0383047 9.38465 1.83862
143.988 0.383047 9.61448 1.26405
144.091 0.0 9.46126 1.80032
144.194 0.191523 9.0016 2.14506
144.297 0.153219 9.03991 2.68133
144.4 0.229828 8.81008 2.37489
144.503 0.65118 9.26973 2.4515
144.606 0.804398 8.92499 2.52811
144.709 0.57457 9.19312 2.37489
144.812 0.383047 9.19312 2.18337
144.915 0.421352 8.73347 1.87693
145.018 0.191523 9.07821 1.72371
145.121 0.153219 8.92499 1.6088
145.224 0.383047 8.65686 0.766094
145.327 -0.114914 9.07821 1.37897
145.43 -0.0766094 9.46126 0.804398
145.533 -0.536266 9.34634 1.34066
145.636 -0.191523 8.96329 1.26405
145.739 0.536266 8.38873 1.53219
145.842 -0.344742 9.95922 0.497961
145.945 -0.114914 9.42295 0.497961
146.048 -0.153219 9.38465 -0.191523
146.151 -0.306437 10.0358 1.14914
146.254 0.114914 9.92091 1.11084
146.357 0.268133 10.4955 -0.804398
146.46 -0.766094 9.46126 0.344742
146.563 -0.727789 8.50364 0.957617
146.666 0.114914 9.88261 0.804398
146.769 -0.0766094 8.23551 -1.91523
146.872 0.0 8.54194 1.26405
146.975 0.191523 9.0016 0.842703
147.078 0.306437 9.11651 0.689484
147.181 0.268133 10.1124 0.766094
147.284 0.268133 9.806 -0.0383047
147.387 0.421352 9.34634 0.383047
147.49 0.383047 9.61448 0.0
147.593 0.383047 9.30804 0.268133
147.696 0.153219 9.26973 0.459656
147.799 0.383047 9.19312 0.57457
147.902 0.57457 9.46126 -0.191523
148.005 0.229828 9.11651 0.842703
148.108 0.229828 9.38465 1.03423
148.211 0.114914 9.19312 0.842703
148.314 0.306437 9.42295 1.14914
148.417 0.57457 9.23143 1.14914
148.52 0.612875 9.11651 1.14914
148.623 0.536266 9.23143 1.11084
148.726 0.727789 9.07821 1.14914
148.829 0.497961 9.23143 1.41727
148.932 0.497961 8.88668 0.957617
149.035 0.0766094 9.49956 1.22575
149.138 0.383047 9.15482 1.14914
149.241 0.306437 9.38465 0.957617
149.344 0.383047 9.30804 1.26405
149.447 0.459656 9.19312 0.919312
149.55 0.344742 9.34634 1.34066
149.653 0.383047 9.11651 1.26405
149.756 0.459656 9.46126 1.11084
149.859 0.268133 9.34634 1.26405
149.962 0.383047 9.11651 0.957617
150.065 0.153219 9.26973 1.30236
150.168 0.957617 9.11651 0.995922
150.271 0.842703 8.1972 1.83862
150.378 0.114914 8.92499 0.459656
150.481 0.689484 9.07821 1.26405
150.584 0.383047 9.34634 1.11084
150.687 0.344742 9.11651 1.14914
150.79 0.344742 9.30804 1.57049
150.893 0.612875 8.84838 1.03423
150.996 0.306437 9.46126 1.45558
151.099 0.57457 9.19312 1.26405
151.202 0.727789 9.26973 1.37897
151.305 0.65118 8.88668 1.11084
151.408 0.383047 9.38465 1.34066
151.511 0.306437 9.15482 1.14914
151.614 0.497961 9.53786 1.45558
151.717 0.536266 9.0016 1.30236
151.82 0.57457 9.46126 1.57049
151.923 0.459656 9.15482 2.10676
152.026 0.65118 9.11651 1.80032
152.129 0.421352 9.26973 1.76202
152.232 0.65118 8.81008 1.6088
152.335 0.459656 9.46126 1.6471
152.438 0.383047 9.26973 1.87693
152.541 0.727789 9.34634 1.80032
152.644 0.383047 9.07821 1.87693
152.747 0.497961 8.96329 1.30236
152.85 0.268133 9.23143 1.72371
152.953 0.612875 9.11651 1.49388
153.056 0.497961 9.46126 1.83862
153.159 0.536266 9.11651 1.41727
153.262 0.344742 9.03991 1.34066
153.365 0.421352 9.46126 0.919312
153.468 0.57457 9.30804 0.919312
153.571 0.229828 9.15482 0.995922
153.674 0.65118 9.11651 1.03423
153.777 0.268133 9.30804 0.957617
153.88 0.344742 9.38465 1.07253
153.983 0.306437 9.26973 1.07253
154.086 0.459656 9.26973 0.957617
154.189 0.344742 9.26973 0.842703
154.292 0.497961 9.38465 1.22575
154.395 0.497961 9.26973 0.881008
154.498 0.306437 9.46126 1.03423
154.601 0.497961 9.03991 1.18745
154.704 0.191523 9.38465 1.14914
154.807 0.268133 9.23143 1.03423
154.91 0.306437 9.26973 1.03423
155.013 0.114914 9.0016 1.03423
155.116 0.191523 9.38465 1.11084
155.219 0.383047 9.19312 1.07253
155.322 0.421352 9.30804 1.07253
155.425 0.421352 9.38465 0.995922
155.528 0.229828 9.30804 0.919312
155.631 0.153219 9.34634 1.14914
155.734 0.114914 9.42295 0.689484
155.837 0.306437 9.26973 0.881008
155.94 0.229828 9.34634 0.497961
156.043 0.153219 9.34634 0.191523
156.146 0.191523 9.38465 0.268133
156.249 0.0383047 9.26973 -0.0766094
156.352 0.114914 9.49956 0.0383047
156.455 0.268133 9.65278 0.268133
156.558 -0.0766094 9.49956 0.229828
156.661 -0.0383047 9.46126 0.268133
156.764 -0.229828 9.53786 0.268133
156.867 -0.229828 9.42295 0.344742
156.97 -0.0766094 9.34634 0.57457
157.073 -0.0383047 9.53786 0.689484
157.176 -0.0383047 9.42295 0.766094
157.279 -0.612875 9.34634 0.57457
157.386 -0.421352 9.26973 0.421352
157.489 -0.344742 9.61448 0.612875
157.592 -0.497961 9.19312 0.536266
157.695 -0.229828 9.19312 0.536266
157.798 -0.306437 9.38465 0.689484
157.902 -0.344742 9.38465 0.727789
158.005 -0.229828 9.53786 0.689484
158.108 -0.459656 9.53786 0.65118
158.211 -0.268133 9.0016 0.804398
158.314 -0.153219 9.46126 0.881008
158.417 -0.612875 9.19312 0.842703
158.52 -0.612875 9.23143 0.957617
158.623 -0.0766094 9.19312 0.727789
158.726 -0.191523 9.30804 0.612875
158.829 -0.344742 9.46126 0.536266
158.932 -0.536266 9.65278 0.344742
159.035 -0.421352 9.53786 0.766094
159.138 -0.421352 9.30804 0.689484
159.241 -0.65118 9.30804 1.14914
159.344 -0.766094 9.72939 0.881008
159.447 -0.957617 9.49956 0.919312
159.55 -0.995922 9.42295 0.689484
159.653 -0.612875 9.46126 0.804398
159.756 -0.344742 9.03991 0.536266
159.859 -0.0766094 9.38465 0.995922
159.962 -0.153219 9.26973 0.689484
160.065 0.459656 9.42295 0.766094
160.168 0.153219 9.15482 0.804398
160.271 0.191523 9.19312 0.612875
160.374 0.0383047 9.23143 0.497961
160.477 0.268133 9.46126 0.57457
160.58 0.153219 9.38465 0.689484
160.683 0.0383047 9.42295 0.536266
160.786 -0.0383047 9.19312 0.383047
160.889 0.0 9.34634 0.65118
160.992 -0.191523 9.57617 0.842703
161.095 0.0766094 9.11651 0.612875
161.198 0.383047 9.53786 0.881008
161.301 0.114914 9.46126 0.65118
161.404 -0.536266 9.69109 0.804398
161.507 -0.229828 9.57617 0.57457
161.61 -0.153219 9.26973 0.919312
161.713 0.0 9.0016 0.65118
161.816 -0.421352 9.26973 0.57457
161.919 -0.689484 9.69109 0.842703
162.022 -0.268133 9.11651 0.766094
162.125 -0.727789 8.92499 0.57457
162.228 -0.766094 9.0016 0.957617
162.331 -0.229828 9.72939 0.804398
162.434 -0.421352 9.72939 1.03423
162.537 -0.421352 9.03991 0.957617
162.64 -0.0766094 9.46126 1.11084
162.743 -0.497961 9.806 0.459656
162.846 -1.45558 9.30804 0.536266
162.949 -1.22575 9.03991 0.727789
163.052 -0.344742 9.19312 0.766094
163.155 -0.57457 8.73347 0.57457
163.258 -1.26405 9.42295 0.459656
163.361 -1.14914 9.69109 0.995922
163.464 -0.612875 9.61448 0.881008
163.567 -0.57457 9.07821 1.41727
163.67 -0.766094 9.61448 1.30236
163.773 -0.459656 9.26973 1.26405
163.876 -0.383047 8.50364 1.03423
163.979 -0.191523 8.96329 1.14914
164.082 -0.383047 9.42295 0.804398
164.185 0.229828 9.42295 1.03423
164.288 -0.306437 9.15482 0.612875
164.395 -0.536266 9.34634 0.995922
164.498 0.191523 9.65278 0.881008
164.601 0.229828 8.92499 0.995922
164.704 0.0383047 8.92499 0.842703
164.807 0.0383047 9.49956 0.766094
164.911 0.268133 9.46126 0.804398
165.014 0.229828 9.03991 0.842703
165.117 0.0766094 9.23143 0.689484
165.22 0.114914 9.42295 0.919312
165.323 0.65118 9.34634 0.766094
165.426 0.153219 9.49956 0.995922
165.529 0.114914 8.88668 0.497961
165.632 0.612875 9.30804 0.804398
165.735 0.0766094 9.19312 0.842703
165.838 0.881008 9.49956 0.957617
165.941 0.268133 9.23143 0.497961
166.044 0.421352 9.19312 0.766094
166.147 0.689484 9.19312 0.727789
166.25 0.65118 9.49956 0.804398
166.353 0.881008 8.92499 0.65118
166.456 1.26405 9.19312 0.689484
166.559 0.995922 9.15482 0.766094
166.662 1.03423 9.57617 0.842703
166.765 0.842703 9.49956 0.727789
166.868 1.49388 9.42295 0.804398
166.971 0.842703 8.84838 0.995922
167.074 0.536266 9.19312 0.766094
167.177 0.306437 9.19312 0.727789
167.28 0.612875 9.46126 1.14914
167.383 1.18745 9.46126 1.07253
167.486 1.30236 9.0016 0.727789
167.589 1.49388 9.15482 0.842703
167.692 1.18745 8.77177 0.497961
167.795 1.72371 9.0016 0.766094
167.898 1.76202 9.38465 0.689484
168.001 1.91523 8.81008 0.536266
168.104 1.83862 9.34634 0.689484
168.207 1.14914 9.34634 0.766094
168.31 0.881008 9.38465 0.766094
168.413 1.76202 9.49956 0.881008
168.516 1.14914 9.69109 0.766094
168.619 0.842703 9.53786 0.995922
168.722 0.612875 9.0016 0.612875
168.825 1.11084 9.65278 1.14914
168.928 0.842703 9.34634 1.11084
169.031 1.49388 9.46126 1.14914
169.134 1.68541 9.07821 0.995922
169.237 1.18745 9.26973 1.18745
169.34 1.57049 9.23143 0.881008
169.443 1.22575 9.46126 1.11084
169.546 1.30236 9.69109 1.03423
169.649 1.11084 9.11651 0.842703
169.752 0.842703 9.03991 0.459656
169.855 1.72371 9.806 1.11084
169.958 1.03423 9.0016 0.919312
170.061 1.37897 9.76769 1.22575
170.164 1.14914 9.38465 1.03423
170.267 0.459656 9.19312 0.919312
170.37 1.03423 9.11651 0.995922
170.473 1.45558 9.23143 1.03423
170.576 1.53219 9.15482 0.727789
170.679 1.07253 9.57617 0.957617
170.782 0.919312 9.65278 0.842703
170.885 1.30236 9.72939 1.22575
170.988 1.22575 9.69109 0.957617
171.091 1.30236 9.38465 1.07253
171.194 0.919312 9.23143 0.919312
171.297 1.11084 9.15482 1.11084
171.4 1.26405 9.30804 0.881008
171.507 1.26405 9.19312 1.34066
171.61 1.41727 9.49956 1.30236
171.713 1.6088 9.76769 1.53219
171.816 2.03015 9.65278 1.34066
171.919 1.14914 9.57617 1.68541
172.022 0.957617 9.46126 1.30236
172.125 1.14914 8.73347 1.37897
172.228 0.995922 8.92499 1.11084
172.331 1.87693 9.26973 0.881008
172.434 1.6088 8.96329 1.18745
172.537 1.68541 8.50364 1.14914
172.64 1.22575 8.92499 0.881008
172.743 1.57049 8.81008 1.07253
172.846 1.6471 8.81008 1.03423
172.949 2.52811 9.76769 1.57049
173.052 1.68541 9.30804 1.14914
173.155 1.37897 9.07821 1.49388
173.258 1.6088 9.19312 1.41727
173.361 1.34066 9.30804 1.26405
173.464 1.91523 9.15482 1.72371
173.567 1.87693 9.30804 1.37897
173.67 1.76202 9.34634 1.6471
173.773 0.804398 9.61448 1.30236
173.876 0.842703 9.8443 1.83862
173.979 0.727789 9.57617 1.26405
174.082 1.53219 9.65278 1.49388
174.185 1.03423 9.30804 1.22575
174.288 1.07253 8.88668 1.30236
174.391 0.536266 8.69516 1.03423
174.494 0.57457 9.0016 1.26405
174.597 1.07253 9.65278 1.34066
174.7 1.6471 9.53786 1.18745
174.803 1.6088 9.38465 1.37897
174.906 1.6088 9.34634 1.18745
175.009 0.727789 9.11651 1.53219
175.112 1.22575 8.77177 1.22575
175.215 1.03423 9.11651 1.41727
175.318 0.536266 8.65686 1.49388
175.421 0.306437 8.88668 1.14914
175.524 0.421352 9.03991 1.22575
175.627 0.65118 8.96329 1.11084
175.73 1.14914 9.65278 1.30236
175.833 0.153219 9.42295 1.30236
175.936 0.114914 9.11651 1.03423
176.039 0.0383047 9.57617 1.14914
176.142 0.421352 9.26973 1.68541
176.245 0.804398 9.07821 1.26405
176.348 0.919312 9.15482 0.727789
176.451 0.153219 9.03991 1.03423
176.554 0.421352 9.38465 1.18745
176.657 0.421352 9.23143 1.80032
176.76 0.306437 9.42295 1.07253
176.863 0.459656 8.84838 1.45558
176.966 0.804398 9.26973 1.41727
177.069 0.421352 9.57617 1.91523
177.172 0.229828 9.38465 1.6088
177.275 1.22575 9.61448 2.03015
177.378 0.65118 8.88668 1.11084
177.481 0.229828 9.19312 1.6088
177.584 -0.0383047 9.42295 1.49388
177.687 0.114914 9.76769 1.80032
177.79 0.0383047 9.72939 1.49388
177.893 -0.153219 9.34634 1.30236
177.996 -0.191523 8.73347 0.957617
178.099 -0.306437 9.23143 1.26405
178.202 -0.229828 9.30804 1.49388
178.305 -0.383047 9.57617 0.919312
178.408 -0.536266 9.57617 1.57049
178.515 -0.0766094 9.15482 1.30236
178.618 0.727789 9.03991 0.881008
178.721 0.881008 9.76769 1.14914
178.824 0.268133 9.34634 1.03423
178.927 0.153219 9.46126 0.766094
179.03 0.114914 8.81008 0.995922
179.133 0.612875 9.03991 0.957617
179.236 0.153219 9.07821 1.30236
179.339 0.344742 9.15482 1.14914
179.442 0.229828 9.03991 1.37897
179.545 0.881008 9.65278 1.37897
179.648 0.0766094 8.73347 0.727789
179.751 1.07253 9.61448 1.57049
179.854 0.268133 9.806 1.45558
179.957 -0.612875 9.26973 0.612875
180.06 0.0 9.69109 1.11084
180.163 0.268133 8.81008 1.14914
180.266 1.37897 9.0016 1.26405
180.369 0.65118 8.65686 1.30236
180.472 0.306437 9.61448 1.57049
180.575 0.0 9.34634 1.11084
180.678 0.191523 9.57617 1.37897
180.781 0.268133 9.53786 1.30236
180.884 0.421352 9.806 1.22575
180.987 -0.306437 9.34634 1.49388
181.09 -0.612875 9.30804 1.14914
181.193 -0.804398 8.69516 0.689484
181.296 -0.995922 8.88668 1.30236
181.399 -0.766094 9.57617 1.18745
181.502 -0.191523 9.49956 1.30236
181.605 -0.995922 9.23143 1.49388
181.708 -0.229828 9.23143 1.22575
181.811 0.153219 9.61448 1.41727
181.914 0.0766094 9.53786 1.22575
182.017 -0.114914 9.30804 1.07253
182.12 0.0383047 9.61448 1.80032
182.223 -0.0766094 9.53786 1.41727
182.326 0.0766094 9.69109 1.37897
182.429 0.114914 9.65278 1.53219
182.532 0.0383047 9.38465 1.14914
182.635 0.0383047 9.23143 1.14914
182.738 0.268133 9.0016 1.22575
182.841 0.0766094 9.53786 1.6088
182.944 -0.0383047 9.57617 1.22575
183.047 0.421352 9.76769 1.03423
183.15 0.268133 9.19312 0.306437
183.253 0.191523 8.73347 0.995922
183.356 0.191523 8.38873 0.536266
183.459 -0.114914 9.38465 0.995922
183.562 -0.0383047 9.8443 0.957617
183.665 0.497961 9.69109 0.804398
183.768 -0.0383047 9.38465 0.919312
183.871 0.727789 9.46126 1.18745
183.974 -0.229828 9.8443 0.995922
184.077 0.804398 9.69109 1.6088
184.18 0.0383047 10.0741 1.41727
184.283 -0.344742 9.38465 1.18745
184.386 -0.689484 8.92499 0.919312
184.489 -0.459656 9.03991 0.919312
184.592 -0.383047 9.49956 1.14914
184.695 -0.153219 9.76769 1.26405
184.798 -0.344742 9.61448 1.11084
184.901 0.421352 9.38465 1.07253
185.004 -0.153219 9.19312 1.26405
185.107 -0.0766094 9.65278 1.11084
185.21 0.268133 9.03991 0.957617
185.313 0.191523 9.11651 0.842703
185.416 0.536266 9.34634 1.07253
185.523 -0.229828 8.77177 0.766094
185.626 -0.114914 9.0016 1.30236
185.729 0.344742 9.34634 1.53219
185.832 0.153219 9.69109 2.03015
185.935 1.53219 9.76769 1.95354
186.038 0.153219 9.49956 1.76202
186.141 0.497961 9.53786 1.80032
186.244 0.727789 9.26973 2.10676
186.347 0.421352 9.0016 1.49388
186.45 0.536266 9.03991 1.95354
186.553 0.57457 9.49956 1.76202
186.656 0.459656 9.72939 2.25998
186.759 0.344742 9.11651 1.95354
186.862 1.53219 9.42295 1.57049
186.965 0.229828 8.65686 1.95354
187.068 0.727789 8.81008 1.87693
187.171 0.536266 9.26973 1.95354
187.274 1.72371 8.88668 2.03015
187.377 1.37897 8.77177 2.03015
187.48 0.689484 8.92499 1.72371
187.583 0.957617 9.11651 1.99184
187.686 0.766094 9.03991 1.72371
187.789 1.91523 8.92499 2.22167
187.892 0.65118 9.38465 1.83862
187.995 0.383047 8.84838 1.57049
188.098 1.14914 9.806 2.4898
188.201 1.30236 8.96329 1.83862
188.304 1.22575 8.50364 2.14506
188.407 1.22575 8.23551 1.6088
188.51 1.18745 9.11651 1.91523
188.613 1.34066 8.58025 1.91523
188.716 0.881008 9.30804 1.95354
188.819 1.18745 9.34634 2.41319
188.922 0.957617 9.30804 1.6088
189.025 1.22575 9.57617 1.76202
189.128 2.06845 9.0016 1.95354
189.231 2.14506 9.19312 1.41727
189.334 0.919312 8.81008 1.41727
189.437 0.804398 8.54194 1.76202
189.54 1.34066 8.69516 1.34066
189.643 1.76202 8.50364 0.919312
189.746 1.49388 9.26973 1.91523
189.849 0.766094 9.15482 1.57049
189.952 2.14506 9.34634 1.91523
190.055 1.49388 9.11651 1.95354
190.158 1.6088 9.19312 1.30236
190.261 2.18337 9.15482 1.6471
190.364 1.6088 8.84838 1.45558
190.467 1.80032 9.53786 1.22575
190.57 1.30236 8.92499 1.53219
190.673 0.612875 8.88668 1.14914
190.776 1.03423 8.61855 1.34066
190.879 1.41727 8.58025 1.41727
190.982 1.72371 9.19312 1.45558
191.085 1.11084 9.03991 1.49388
191.188 1.6088 9.38465 0.804398
191.291 1.26405 8.77177 1.18745
191.394 1.18745 8.92499 1.26405
191.497 1.18745 8.77177 1.37897
191.6 1.6471 9.49956 1.14914
191.703 1.49388 9.57617 1.53219
191.806 1.26405 9.0016 0.842703
191.909 0.995922 8.88668 1.41727
192.012 1.41727 8.88668 1.6088
192.115 1.49388 9.11651 1.26405
192.218 1.45558 9.26973 1.91523
192.321 1.18745 8.92499 1.45558
192.424 1.34066 8.73347 1.45558
192.531 1.45558 9.34634 1.72371
192.634 1.49388 9.0016 1.18745
192.737 1.53219 9.23143 1.80032
192.84 1.14914 8.65686 1.30236
192.943 1.57049 8.77177 1.14914
193.046 1.22575 8.50364 1.49388
193.149 1.03423 9.11651 1.91523
193.252 0.766094 8.84838 1.6088
193.355 1.37897 9.30804 1.91523
193.458 1.45558 8.96329 1.34066
193.561 1.68541 8.84838 1.34066
193.664 1.57049 8.96329 1.57049
193.767 1.18745 9.34634 1.53219
193.87 1.18745 9.03991 1.34066
193.973 0.957617 9.15482 1.30236
194.076 1.53219 8.92499 1.49388
194.179 1.41727 8.92499 1.53219
194.282 0.497961 9.65278 1.6471
194.385 0.766094 9.53786 1.91523
194.488 1.30236 9.57617 1.49388
194.591 1.57049 9.46126 2.03015
194.694 1.18745 8.92499 1.6471
194.797 1.14914 8.61855 1.41727
194.9 0.689484 8.69516 1.34066
195.003 1.83862 8.88668 1.45558
195.106 1.72371 9.38465 1.76202
195.209 2.03015 9.46126 1.91523
195.312 1.95354 9.23143 1.57049
195.415 1.45558 9.46126 1.57049
195.518 0.919312 9.38465 1.76202
195.621 1.45558 9.57617 1.99184
195.724 1.45558 9.30804 1.26405
195.827 1.14914 9.26973 1.6088
195.93 0.919312 9.11651 1.76202
196.033 1.41727 8.61855 1.80032
196.136 0.842703 8.92499 1.68541
196.239 2.60472 10.2273 2.4898
196.342 0.766094 9.11651 1.83862
196.445 1.45558 8.61855 1.80032
196.548 1.76202 9.11651 1.34066
196.651 1.26405 8.73347 1.18745
196.754 0.881008 8.88668 1.49388
196.857 0.689484 8.65686 1.91523
196.96 1.80032 9.0016 1.41727
197.063 1.07253 9.26973 1.91523
197.166 0.689484 8.69516 1.41727
197.269 1.34066 9.76769 1.49388
197.372 1.37897 9.0016 1.53219
197.475 1.41727 9.0016 1.95354
197.578 0.919312 9.57617 1.45558
197.681 0.421352 9.49956 1.49388
197.784 0.612875 9.49956 1.6088
197.887 0.229828 9.57617 1.80032
197.99 1.11084 9.72939 1.83862
198.093 1.07253 9.42295 2.14506
198.196 1.07253 8.77177 1.76202
198.299 1.11084 8.69516 1.68541
198.402 0.612875 7.73755 1.6471
198.505 0.153219 9.34634 1.76202
198.608 1.11084 9.76769 1.76202
198.711 0.842703 9.88261 1.80032
198.814 0.383047 9.61448 2.14506
198.917 0.612875 9.11651 1.45558
199.02 0.881008 9.49956 2.03015
199.123 0.268133 8.50364 1.26405
199.226 0.612875 9.49956 2.18337
199.329 0.689484 9.0016 1.99184
199.432 0.191523 9.11651 1.14914
199.535 1.83862 9.34634 1.37897
199.642 0.957617 9.19312 1.45558
199.745 0.421352 9.53786 1.14914
199.848 0.65118 9.11651 1.6471
199.951 0.383047 9.11651 1.6088
200.054 0.421352 9.07821 1.41727
200.157 1.03423 8.92499 0.842703
200.26 1.30236 9.23143 1.26405
200.363 0.689484 9.26973 1.34066
200.466 1.14914 9.42295 1.45558
200.569 0.459656 9.19312 1.26405
200.672 0.612875 8.92499 1.49388
200.775 0.689484 9.26973 0.919312
200.878 0.536266 9.30804 1.53219
200.981 0.421352 9.0016 1.45558
201.084 0.612875 9.23143 1.34066
201.187 0.536266 8.92499 1.11084
201.29 0.344742 8.61855 0.995922
201.393 0.459656 8.69516 1.26405
201.496 0.727789 8.46534 1.26405
201.599 0.459656 9.19312 1.45558
201.702 0.766094 8.69516 1.87693
201.805 1.11084 9.65278 1.87693
201.908 1.34066 9.34634 1.6088
202.011 0.766094 9.95922 1.87693
202.114 0.689484 9.42295 1.76202
202.217 0.536266 9.19312 1.18745
202.32 0.689484 8.84838 1.45558
202.423 0.804398 7.92907 1.07253
202.526 0.306437 8.1972 1.53219
202.629 0.727789 8.88668 1.41727
202.732 0.383047 8.77177 1.6471
202.835 0.766094 9.30804 1.6471
202.938 0.459656 9.46126 1.45558
203.041 0.65118 9.30804 1.49388
203.144 0.612875 9.57617 1.80032
203.247 0.268133 9.03991 1.45558
203.35 0.459656 9.42295 1.95354
203.453 0.191523 9.65278 1.49388
203.556 0.191523 9.49956 1.72371
203.659 0.421352 9.30804 1.80032
203.762 0.191523 9.61448 1.14914
203.865 0.0383047 9.42295 1.6471
203.968 -0.383047 8.96329 1.34066
204.071 0.0383047 9.38465 1.6471
204.174 0.153219 8.77177 1.6471
204.277 0.153219 9.34634 1.49388
204.38 0.0 8.61855 1.72371
204.483 0.153219 8.58025 0.804398
204.586 -0.114914 8.54194 1.72371
204.689 0.919312 9.19312 1.22575
204.792 0.344742 9.76769 1.30236
204.895 0.421352 9.76769 1.99184
204.998 0.268133 9.69109 1.11084
205.101 1.07253 9.30804 1.83862
205.204 0.0766094 9.806 1.53219
205.307 0.383047 9.53786 1.6088
205.41 0.191523 9.38465 1.37897
205.513 0.383047 8.69516 1.87693
205.616 0.57457 8.54194 1.99184
205.719 0.65118 8.88668 2.56641
205.822 0.306437 9.03991 2.4515
205.925 0.0 9.15482 2.98777
206.028 0.612875 8.69516 2.83455
206.131 1.03423 9.07821 3.14098
206.234 0.919312 8.77177 2.91116
206.337 0.65118 8.92499 3.14098
206.44 0.57457 8.92499 2.87285
206.543 0.919312 8.92499 3.21759
206.65 0.459656 8.50364 3.02607
206.753 0.612875 8.58025 2.87285
206.856 0.919312 9.11651 3.02607
206.959 0.842703 8.65686 2.75794
207.062 0.842703 8.81008 2.94946
207.165 0.727789 9.11651 2.79624
207.268 1.26405 9.19312 2.87285
207.371 1.11084 9.49956 3.06437
207.474 0.65118 8.96329 3.37081
207.577 0.919312 8.81008 2.60472
207.68 1.11084 9.0016 3.2942
207.783 1.14914 8.84838 3.14098
207.886 1.18745 8.96329 3.37081
207.989 1.18745 9.38465 3.33251
208.092 1.80032 8.61855 3.14098
208.195 2.25998 8.23551 2.75794
208.298 2.56641 8.88668 2.75794
208.401 2.4898 8.35042 2.41319
208.504 2.79624 8.27381 2.71963
208.607 2.4515 8.84838 2.71963
208.71 2.52811 9.38465 2.87285
208.813 2.56641 9.0016 2.52811
208.916 2.33659 8.54194 2.68133
209.019 2.03015 8.96329 2.33659
209.122 2.41319 8.88668 2.29828
209.225 2.25998 8.69516 2.22167
209.328 2.14506 9.23143 2.29828
209.431 2.22167 8.54194 1.68541
209.534 2.71963 8.65686 1.72371
209.637 3.21759 8.69516 1.80032
209.74 3.06437 8.81008 2.03015
209.843 2.4515 8.54194 1.6088
209.946 3.06437 8.69516 2.14506
210.049 2.56641 9.19312 1.95354
210.152 2.56641 9.49956 2.03015
210.255 3.2559 8.69516 1.34066
210.358 2.71963 8.73347 1.72371
210.461 2.4898 8.58025 1.37897
210.564 2.68133 8.54194 1.6471
210.667 2.68133 8.38873 1.41727
210.77 2.68133 8.65686 1.80032
210.873 2.60472 9.15482 1.76202
210.976 2.64302 8.61855 1.76202
211.079 2.52811 9.15482 1.34066
211.182 1.76202 9.11651 1.53219
211.285 1.95354 8.65686 1.87693
211.388 1.95354 9.07821 1.87693
211.491 1.18745 8.96329 1.87693
211.594 1.76202 9.07821 1.72371
211.697 0.804398 8.96329 1.80032
211.8 1.22575 9.11651 2.25998
211.903 0.804398 9.42295 2.68133
212.006 0.383047 9.15482 2.56641
212.109 0.459656 9.49956 2.68133
212.212 0.0383047 9.61448 2.64302
212.315 0.0 9.42295 2.75794
212.418 0.0 8.84838 2.37489
212.521 -0.114914 9.38465 2.75794
212.624 -0.612875 9.26973 2.14506
212.727 -0.153219 9.07821 2.41319
212.83 -0.57457 9.26973 2.18337
212.933 -0.229828 9.03991 2.10676
213.036 -0.229828 9.03991 1.99184
213.139 -0.57457 8.96329 1.80032
213.242 -0.612875 9.07821 1.72371
213.345 -0.344742 9.11651 2.18337
213.448 -0.421352 9.11651 1.68541
213.551 -0.919312 9.23143 1.83862
213.658 -0.727789 9.19312 1.68541
213.761 -0.727789 9.19312 1.83862
213.864 -0.842703 9.11651 1.45558
213.967 -0.114914 9.61448 1.68541
214.07 -0.497961 9.15482 1.41727
214.173 -0.689484 9.26973 1.87693
214.276 -0.383047 8.96329 1.34066
214.379 -0.383047 9.57617 1.76202
214.482 -0.727789 9.11651 1.99184
214.585 -0.612875 9.72939 1.95354
214.688 0.0 9.03991 1.53219
214.791 -0.57457 9.03991 1.68541
214.894 -0.536266 8.92499 1.68541
214.997 -0.536266 9.42295 1.95354
215.1 -0.612875 9.34634 1.72371
215.203 -0.153219 9.19312 1.53219
215.306 -1.11084 9.03991 1.6088
215.409 -1.30236 9.15482 1.07253
215.512 -0.459656 9.15482 1.53219
215.615 -0.497961 9.61448 1.6088
215.718 -0.995922 9.61448 1.87693
215.821 -0.344742 9.0016 1.6471
215.924 -0.727789 8.73347 1.49388
216.027 -0.919312 9.19312 1.30236
216.13 -0.383047 9.23143 1.76202
216.233 -0.0383047 9.38465 1.26405
216.336 -0.689484 9.38465 1.41727
216.439 -0.842703 9.46126 1.41727
216.542 -0.689484 9.57617 1.26405
216.645 -0.65118 9.69109 1.80032
216.748 -0.536266 9.07821 1.18745
216.851 -1.03423 8.96329 1.49388
216.954 -0.957617 9.11651 1.6088
217.057 -1.14914 9.15482 1.45558
217.16 -0.995922 9.53786 1.45558
217.263 -0.919312 9.15482 1.37897
217.366 -0.919312 9.53786 1.07253
217.469 -0.766094 9.61448 1.72371
217.572 -0.881008 9.23143 1.22575
217.675 -0.995922 9.0016 1.37897
217.778 -1.03423 9.15482 1.49388
217.881 -1.18745 9.26973 1.07253
217.984 -1.03423 9.76769 1.18745
218.087 -0.957617 9.34634 0.804398
218.19 -1.11084 9.53786 0.804398
218.293 -1.11084 9.61448 1.37897
218.396 -0.957617 9.26973 1.14914
218.499 -1.22575 8.92499 0.957617
218.602 -1.22575 9.34634 1.18745
218.705 -1.14914 9.65278 0.957617
218.808 -0.881008 9.19312 1.14914
218.911 -1.22575 9.03991 1.07253
219.014 -1.49388 9.49956 1.34066
219.117 -1.45558 9.42295 0.57457
219.22 -0.957617 9.23143 1.14914
219.323 -0.421352 9.65278 0.957617
219.426 -1.14914 9.15482 0.995922
219.529 -1.07253 9.69109 1.45558
219.632 -1.14914 9.26973 0.995922
219.735 -1.14914 9.57617 0.919312
219.838 -0.612875 9.53786 0.957617
219.941 -0.804398 9.72939 0.881008
220.044 -0.497961 9.61448 0.957617
220.147 -0.114914 9.53786 1.22575
220.25 -0.268133 9.42295 0.727789
220.353 0.0 9.46126 0.689484
220.456 0.804398 7.69924 0.65118
220.559 -0.153219 7.43111 0.0383047
220.666 0.766094 8.92499 0.804398
220.769 0.766094 8.84838 0.957617
220.872 -0.344742 9.76769 0.65118
220.975 0.612875 9.57617 0.689484
221.078 0.383047 9.26973 0.65118
221.181 0.995922 9.11651 0.957617
221.284 0.65118 9.11651 0.995922
221.387 0.842703 9.07821 0.995922
221.49 0.957617 9.19312 0.919312
221.593 1.18745 8.84838 1.07253
221.696 0.881008 9.30804 1.03423
221.799 1.53219 9.57617 1.34066
221.902 1.95354 9.26973 1.41727
222.005 2.4898 9.34634 1.07253
222.108 2.22167 8.61855 1.30236
222.211 2.4898 8.81008 1.18745
222.314 2.91116 8.31211 1.37897
222.417 2.41319 8.88668 1.22575
222.52 2.83455 9.07821 1.41727
222.623 2.75794 8.92499 1.22575
222.726 3.2559 9.0016 1.57049
222.829 2.98777 9.07821 1.30236
222.932 2.64302 9.19312 1.87693
223.035 3.2559 8.69516 1.18745
223.138 2.83455 9.38465 1.41727
223.241 2.41319 9.30804 1.45558
223.344 2.98777 8.84838 1.37897
223.447 2.94946 9.11651 1.68541
223.55 2.75794 9.72939 1.07253
223.653 2.75794 8.65686 1.18745
223.756 2.75794 9.46126 0.919312
223.859 2.98777 9.61448 0.957617
223.962 3.06437 8.42703 0.881008
224.065 2.91116 9.19312 0.919312
224.168 2.41319 9.19312 1.14914
224.271 3.02607 8.61855 1.03423
224.374 2.75794 8.73347 0.957617
224.477 2.41319 8.81008 0.804398
224.58 2.52811 8.92499 0.957617
224.683 2.60472 8.92499 0.459656
224.786 1.95354 9.19312 0.919312
224.889 1.72371 9.38465 1.26405
224.992 1.80032 8.96329 1.07253
225.095 1.37897 9.34634 0.689484
225.198 0.881008 9.11651 0.995922
225.301 1.41727 9.26973 0.766094
225.404 1.53219 9.11651 0.957617
225.507 1.11084 9.07821 0.957617
225.61 1.07253 9.42295 0.804398
225.713 0.919312 9.15482 0.957617
225.816 0.957617 9.42295 0.919312
225.919 0.881008 9.26973 1.07253
226.022 0.766094 9.07821 0.957617
226.125 0.727789 9.19312 0.995922
226.228 0.65118 9.11651 1.11084
226.331 0.957617 9.34634 0.766094
226.434 0.689484 9.49956 0.766094
226.537 0.842703 9.65278 1.30236
226.64 0.57457 9.49956 0.766094
226.743 0.689484 9.23143 0.881008
226.846 0.766094 9.53786 0.689484
226.949 1.03423 9.23143 0.766094
227.052 0.804398 9.03991 0.842703
227.155 0.727789 9.11651 0.957617
227.258 1.07253 9.53786 0.957617
227.361 0.536266 9.53786 0.804398
227.464 0.804398 9.49956 1.03423
227.567 0.383047 9.19312 0.727789
227.67 0.612875 9.46126 0.766094
227.777 0.421352 9.0016 0.995922
227.88 0.57457 9.26973 0.727789
227.983 0.842703 9.11651 0.919312
228.086 0.536266 9.0016 1.22575
228.189 0.766094 9.11651 1.03423
228.292 0.727789 9.23143 1.22575
228.395 1.03423 9.53786 0.995922
228.498 0.919312 9.46126 1.26405
228.601 0.766094 9.03991 0.995922
228.704 0.919312 9.26973 1.49388
228.807 0.881008 9.0016 1.30236
228.91 0.881008 9.19312 1.41727
229.013 0.995922 9.38465 1.03423
229.116 0.612875 9.11651 1.11084
229.219 0.459656 9.11651 1.03423
229.322 0.57457 9.53786 1.14914
229.425 0.919312 9.76769 1.22575
229.528 0.919312 9.57617 1.41727
229.631 0.689484 9.15482 0.995922
229.734 0.536266 8.81008 1.07253
229.837 0.612875 9.19312 1.22575
229.94 0.727789 8.96329 1.22575
230.043 0.919312 9.42295 1.30236
230.146 0.65118 9.34634 1.03423
230.249 0.689484 9.42295 1.53219
230.352 0.65118 9.0016 1.22575
230.455 0.689484 9.26973 1.41727
230.558 0.497961 9.07821 1.22575
230.661 0.689484 9.19312 1.45558
230.764 0.881008 9.49956 1.18745
230.867 0.727789 8.92499 1.30236
230.97 1.03423 9.03991 1.18745
231.073 0.957617 9.26973 1.37897
231.176 0.383047 8.65686 1.26405
231.279 0.881008 9.0016 1.49388
231.382 0.0766094 9.38465 1.6471
231.485 1.18745 9.46126 1.30236
231.588 1.34066 9.19312 1.53219
231.691 0.919312 9.15482 1.30236
231.794 1.07253 9.03991 1.18745
231.897 0.766094 9.15482 1.76202
232.0 0.689484 9.07821 1.30236
232.103 0.612875 9.34634 1.49388
232.206 0.536266 8.84838 1.45558
232.309 0.804398 8.84838 1.53219
232.412 1.11084 9.19312 1.68541
232.515 0.804398 8.84838 1.95354
232.618 1.22575 9.23143 1.6471
232.721 0.957617 9.23143 1.6088
232.824 0.957617 9.46126 1.57049
232.927 0.919312 9.11651 1.72371
233.03 0.153219 8.96329 1.6088
233.133 0.497961 9.15482 1.6088
233.236 0.536266 8.81008 1.41727
233.339 1.03423 8.84838 1.68541
233.442 1.34066 9.0016 1.49388
233.545 0.919312 9.46126 1.91523
233.648 0.995922 8.88668 1.53219
233.751 0.804398 9.07821 1.6088
233.854 0.57457 9.19312 1.53219
233.957 1.07253 9.03991 1.53219
234.06 0.727789 8.96329 2.06845
234.163 1.14914 8.77177 1.6088
234.266 0.421352 8.88668 1.91523
234.369 0.689484 9.26973 1.87693
234.472 0.421352 8.84838 1.99184
234.575 0.57457 9.0016 1.83862
234.678 0.804398 8.96329 2.03015
234.785 1.07253 8.81008 1.99184
234.888 1.07253 8.61855 1.6088
234.991 0.995922 8.81008 1.72371
235.094 0.842703 9.07821 2.06845
235.197 0.995922 9.23143 1.6471
235.3 0.727789 8.88668 1.72371
235.403 1.07253 9.23143 1.80032
235.506 1.03423 9.26973 2.06845
235.609 0.919312 9.19312 1.6088
235.712 0.881008 9.19312 2.06845
235.815 0.881008 9.07821 1.72371
235.918 0.881008 9.11651 1.83862
236.021 0.881008 9.0016 1.99184
236.124 0.689484 8.88668 1.45558
236.227 0.957617 8.96329 1.83862
236.33 1.11084 9.15482 1.95354
236.433 0.842703 8.65686 1.57049
236.536 0.689484 9.26973 1.99184
236.639 0.65118 9.23143 1.83862
236.742 0.727789 9.23143 1.83862
236.845 0.727789 9.0016 1.76202
236.948 0.689484 9.07821 1.87693
237.051 0.919312 9.07821 1.68541
237.154 0.957617 9.15482 2.06845
237.257 0.842703 8.77177 1.45558
237.36 1.11084 9.30804 1.80032
237.463 1.07253 9.19312 2.10676
237.566 0.766094 9.42295 2.33659
237.669 0.995922 9.0016 2.41319
237.772 1.03423 8.88668 2.56641
237.875 0.919312 8.77177 2.41319
237.978 1.14914 9.07821 2.4515
238.081 1.18745 8.50364 2.4515
238.184 0.919312 8.73347 2.4515
238.287 0.65118 9.23143 2.52811
238.39 0.65118 8.88668 2.68133
238.493 0.804398 9.0016 2.71963
238.596 0.689484 8.92499 2.18337
238.699 1.22575 8.92499 2.98777
238.802 0.65118 9.03991 2.56641
238.905 0.459656 9.19312 3.21759
239.008 0.421352 9.15482 2.79624
239.111 0.957617 8.61855 3.14098
239.214 0.804398 8.81008 3.14098
239.317 1.03423 8.69516 3.33251
239.42 0.536266 8.77177 3.37081
239.523 0.842703 9.07821 3.33251
239.626 0.766094 8.69516 2.91116
239.729 0.881008 8.84838 3.2559
239.832 0.229828 8.73347 3.33251
239.935 0.842703 8.77177 2.91116
240.038 0.766094 8.58025 3.2559
240.141 0.804398 8.88668 3.2942
240.244 1.11084 9.15482 3.2559
240.347 0.881008 8.65686 2.83455
240.45 0.881008 8.81008 3.37081
240.553 0.842703 9.03991 3.02607
240.656 0.766094 9.0016 3.17929
240.759 0.727789 8.92499 3.06437
240.862 0.727789 8.77177 2.98777
240.965 0.727789 9.0016 3.17929
241.068 0.727789 8.84838 3.40912
241.171 0.881008 8.88668 3.14098
241.274 0.995922 8.92499 3.21759
241.377 0.65118 8.69516 3.40912
241.48 1.18745 8.65686 3.2559
241.583 1.41727 8.77177 3.2559
241.686 0.766094 8.77177 2.75794
241.793 0.766094 8.96329 2.94946
241.896 0.957617 9.03991 2.87285
241.999 0.727789 8.69516 2.71963
242.102 1.03423 8.96329 2.71963
242.205 0.766094 8.61855 3.02607
242.308 0.881008 7.77585 1.99184
242.411 1.6088 8.84838 3.44742
242.514 1.6088 9.42295 3.37081
242.617 0.995922 8.92499 3.33251
242.72 0.881008 8.50364 3.33251
242.823 0.919312 8.61855 3.48573
242.926 0.689484 8.46534 3.21759
243.029 0.612875 9.11651 3.79216
243.132 1.11084 9.15482 3.33251
243.235 1.03423 8.88668 3.33251
243.338 1.22575 8.73347 3.63894
243.441 0.65118 8.42703 3.17929
243.544 0.727789 8.73347 3.33251
243.647 1.18745 8.81008 3.02607
243.75 1.34066 9.15482 3.63894
243.853 1.14914 8.77177 3.2942
243.956 0.919312 8.84838 3.63894
244.059 0.727789 8.50364 3.02607
244.162 1.22575 8.46534 2.91116
244.265 1.18745 8.84838 3.17929
244.368 0.995922 9.23143 3.48573
244.471 1.14914 9.38465 3.44742
244.574 1.14914 8.65686 2.94946
244.677 1.11084 8.50364 2.52811
244.78 1.03423 8.88668 2.33659
244.883 1.03423 8.88668 2.52811
244.986 1.07253 9.11651 2.33659
245.089 1.03423 9.03991 2.22167
245.192 0.995922 8.92499 2.25998
245.295 0.995922 9.23143 1.76202
245.398 1.11084 9.26973 0.842703
245.501 1.11084 9.26973 1.34066
245.604 1.11084 9.15482 1.53219
245.707 1.14914 9.07821 1.30236
245.81 0.842703 9.38465 1.30236
245.913 1.14914 9.26973 1.34066
246.016 1.07253 9.30804 1.11084
246.119 1.18745 9.07821 1.14914
246.222 0.995922 9.30804 1.6088
246.325 1.11084 9.11651 1.45558
246.428 0.995922 9.23143 1.45558
246.531 0.995922 9.07821 1.30236
246.634 1.03423 9.03991 1.37897
246.737 0.995922 9.03991 1.30236
246.84 1.14914 9.42295 1.18745
246.943 1.07253 9.19312 1.37897
247.046 1.07253 9.03991 1.11084
247.149 1.03423 9.26973 1.53219
247.252 0.881008 9.07821 1.26405
247.355 1.03423 9.11651 1.26405
247.458 1.03423 9.23143 1.41727
247.561 1.07253 9.23143 1.53219
247.664 0.995922 9.11651 1.03423
247.767 1.22575 9.19312 1.53219
247.87 0.995922 9.11651 1.22575
247.973 1.03423 9.03991 1.22575
248.076 0.919312 9.26973 1.37897
248.179 1.11084 9.11651 1.26405
248.282 1.11084 9.07821 1.30236
248.385 0.957617 9.26973 1.37897
248.488 1.07253 9.0016 1.26405
248.591 0.995922 9.15482 1.11084
248.694 1.14914 9.26973 1.45558
248.801 1.11084 9.11651 1.30236
248.904 1.07253 9.03991 1.30236
249.007 0.957617 9.19312 1.22575
249.11 1.22575 9.15482 1.41727
249.213 0.957617 9.0016 1.03423
249.316 1.18745 9.38465 1.45558
249.419 0.957617 9.19312 1.30236
249.522 1.03423 9.07821 1.26405
249.625 0.995922 9.15482 1.37897
249.728 1.14914 9.23143 0.842703
249.831 1.03423 9.23143 0.497961
249.934 1.11084 9.42295 0.766094
250.037 1.22575 9.46126 0.689484
250.14 0.995922 9.03991 0.268133
250.243 1.03423 9.19312 0.65118
250.346 1.14914 9.46126 0.191523
250.449 1.11084 9.57617 -0.0383047
250.552 1.03423 9.53786 -0.536266
250.655 1.11084 9.72939 -0.459656
250.758 1.14914 9.42295 -0.995922
250.861 0.957617 9.42295 -0.919312
250.964 1.34066 9.26973 -1.83862
251.067 1.18745 9.65278 -1.68541
251.17 1.14914 9.49956 -1.76202
251.273 1.22575 9.72939 -1.99184
251.376 1.18745 9.46126 -1.76202
251.479 0.421352 9.03991 -1.6471
251.582 1.07253 9.88261 -0.459656
251.685 1.14914 10.7636 -1.03423
251.788 1.37897 9.46126 -1.34066
251.891 0.804398 9.19312 -1.68541
251.994 1.34066 9.65278 -1.6471
252.097 0.766094 9.61448 -1.41727
252.2 0.612875 9.8443 -1.22575
252.303 1.26405 10.4572 -1.6088
252.406 0.727789 9.806 -1.37897
252.509 0.804398 9.49956 -2.03015
252.612 1.6471 9.92091 -2.14506
252.715 1.37897 9.30804 -1.99184
252.818 0.766094 9.92091 -1.83862
252.921 0.57457 9.72939 -2.03015
253.024 1.34066 9.19312 -1.99184
253.127 0.957617 9.806 -2.03015
253.23 1.03423 9.8443 -2.22167
253.333 1.07253 9.46126 -2.18337
253.436 0.919312 9.03991 -1.99184
253.539 0.804398 9.07821 -1.57049
253.642 1.34066 9.57617 -1.91523
253.745 1.49388 9.0016 -1.49388
253.848 0.995922 9.72939 -1.6088
253.951 0.881008 9.69109 -0.727789
254.054 1.07253 9.46126 -1.45558
254.157 0.612875 9.53786 -0.57457
254.26 1.57049 9.8443 -1.07253
254.363 1.07253 9.03991 -1.07253
254.466 1.14914 8.92499 -1.87693
254.569 2.33659 11.7595 0.57457
254.672 0.191523 8.84838 -0.689484
254.775 0.727789 8.08229 -1.07253
254.878 1.26405 8.69516 -0.727789
254.981 2.10676 10.0741 0.383047
255.084 1.37897 8.92499 -0.383047
255.187 1.87693 9.65278 -0.421352
255.29 0.689484 8.35042 -1.22575
255.393 1.18745 9.88261 -0.65118
255.496 1.83862 9.11651 -0.842703
255.599 1.14914 9.88261 -0.689484
255.702 1.6088 9.65278 -0.65118
255.805 0.995922 9.11651 -0.497961
255.912 0.65118 9.11651 -0.421352
256.015 0.727789 9.30804 -0.727789
256.118 0.881008 9.65278 -0.804398
256.221 0.919312 9.806 -0.842703
256.324 0.881008 9.26973 -0.421352
256.427 1.07253 9.30804 -0.229828
256.53 0.881008 9.23143 0.497961
256.633 0.57457 9.46126 -0.383047
256.736 0.459656 9.806 -0.536266
256.839 0.383047 9.65278 -0.459656
256.942 0.57457 9.92091 -0.114914
257.045 0.766094 9.53786 -0.153219
257.148 0.536266 9.8443 0.114914
257.251 0.689484 9.95922 0.0
257.354 0.919312 10.4572 -0.114914
257.457 1.11084 10.6104 -0.191523
257.56 1.11084 10.2657 0.0766094
257.663 0.957617 9.806 -0.229828
257.766 0.957617 8.88668 -0.459656
257.869 0.804398 8.81008 -0.0766094
257.972 0.229828 9.76769 0.229828
258.075 0.536266 9.53786 -0.114914
258.178 0.383047 9.42295 -0.268133
258.281 0.804398 9.65278 -0.191523
258.384 0.536266 9.34634 -0.268133
258.487 0.497961 9.806 0.153219
258.59 0.612875 9.61448 -0.114914
258.693 0.459656 9.26973 -0.114914
258.796 0.65118 8.73347 0.191523
258.899 0.57457 8.73347 0.842703
259.002 0.842703 9.11651 1.03423
259.105 0.497961 9.0016 1.14914
259.208 0.689484 9.0016 0.57457
259.311 0.689484 8.92499 0.344742
259.414 0.881008 9.07821 0.153219
259.517 1.11084 8.92499 0.421352
259.62 1.22575 8.84838 0.497961
259.723 0.957617 8.54194 0.229828
259.826 1.37897 9.42295 0.65118
259.929 1.11084 8.96329 0.229828
260.032 0.881008 9.15482 0.421352
260.135 0.57457 9.65278 0.497961
260.238 0.306437 9.03991 0.842703
260.341 0.306437 9.0016 0.344742
260.444 0.57457 9.38465 0.804398
260.547 0.65118 9.23143 1.07253
260.65 0.766094 9.34634 1.80032
260.753 0.689484 8.77177 1.80032
260.856 0.842703 9.03991 2.03015
260.959 0.804398 9.0016 2.25998
261.062 0.804398 9.19312 2.71963
261.165 0.919312 8.73347 3.75386
261.268 0.804398 10.0358 3.98369
261.371 0.536266 9.61448 4.13691
261.474 0.612875 9.8443 3.79216
261.577 0.727789 7.85246 4.44334
261.68 0.804398 7.3928 4.0986
261.783 0.344742 7.96737 4.48165
261.886 0.153219 9.0016 4.32843
261.989 1.18745 9.30804 4.97961
262.092 0.995922 9.53786 4.63487
262.195 0.727789 9.23143 4.55826
262.298 0.766094 9.92091 5.32435
262.401 1.14914 9.0016 4.21351
262.504 1.83862 8.73347 4.71148
262.607 -0.153219 8.08229 4.86469
262.71 0.65118 9.53786 5.36266
262.813 0.689484 9.03991 5.01791
262.92 2.03015 8.81008 4.71148
263.023 1.6088 8.35042 5.43926
263.126 1.91523 7.92907 4.97961
263.229 1.18745 9.11651 6.43519
263.332 1.6088 7.54602 4.86469
263.435 0.268133 8.58025 4.29012
263.538 0.766094 7.69924 4.903
263.641 1.07253 6.85654 7.3545
263.744 1.07253 8.46534 4.63487
263.847 1.18745 8.00568 6.97145
263.95 0.612875 10.0741 4.51995
264.053 0.421352 8.88668 4.13691
264.156 1.11084 8.35042 4.9413
264.259 0.0383047 8.12059 3.48573
264.362 0.459656 8.69516 3.33251
264.465 1.30236 9.65278 4.82639
264.568 1.34066 8.88668 4.21351
264.671 0.689484 7.46941 5.32435
264.774 0.842703 7.81416 4.51995
264.877 1.99184 7.92907 4.86469
264.98 0.421352 7.50772 4.63487
265.083 0.536266 8.61855 4.78809
265.186 0.881008 8.31211 4.9413
265.289 0.536266 8.42703 4.63487
265.392 0.459656 8.61855 5.20944
265.495 0.459656 8.54194 4.86469
265.598 0.497961 8.04398 4.78809
265.701 0.497961 8.50364 4.86469
265.804 0.65118 9.0016 5.32435
265.907 0.766094 8.61855 4.903
266.01 0.919312 8.27381 5.01791
266.113 0.612875 8.50364 5.09452
266.216 0.383047 8.61855 5.17113
266.319 0.191523 8.50364 5.01791
266.422 0.689484 8.69516 5.13283
266.525 0.268133 8.46534 4.74978
266.628 0.766094 8.73347 5.09452
266.731 0.804398 8.88668 5.01791
266.834 0.766094 8.92499 5.01791
266.937 0.995922 8.73347 4.67317
267.04 0.459656 8.65686 4.25182
267.143 0.57457 8.46534 4.02199
267.246 0.727789 8.88668 3.86877
267.349 0.957617 8.73347 4.0986
267.452 0.727789 8.65686 3.94538
267.555 0.536266 8.84838 4.0986
267.658 0.689484 8.88668 3.79216
267.761 0.727789 8.77177 4.02199
267.864 0.881008 8.81008 4.0986
267.967 0.842703 8.58025 3.63894
268.07 0.57457 8.65686 3.56234
268.173 0.881008 8.84838 3.71555
268.276 0.881008 8.77177 3.21759
268.379 0.842703 9.03991 2.25998
268.482 0.766094 9.65278 0.842703
268.585 0.804398 9.19312 0.65118
268.688 0.766094 8.81008 1.45558
268.791 0.65118 8.96329 1.6471
268.894 0.57457 9.34634 1.49388
268.997 0.804398 9.42295 1.6471
269.1 0.919312 9.0016 1.57049
269.203 0.766094 9.07821 1.37897
269.306 0.842703 9.15482 1.57049
269.409 0.881008 9.34634 1.49388
269.512 1.03423 9.0016 1.49388
269.615 0.766094 8.96329 1.37897
269.718 0.612875 9.15482 1.49388
269.821 0.65118 9.38465 1.72371
269.928 0.766094 9.19312 1.30236
270.031 0.842703 9.23143 1.45558
