   0.            0.           27.71490425
    0.            2.5          27.60556859
    0.            5.          101.8801483 
    0.            7.5         406.19995797
    0.           10.          809.07312199
    2.5           0.          140.39303641
    2.5           2.5         -32.03164479
    2.5           5.          144.83903553
    2.5           7.5         648.06523813
    2.5          10.          848.65167745
    5.            0.           93.1628823 
    5.            2.5          35.95292208
    5.            5.          316.6108476 
    5.            7.5         599.8345739 
    5.           10.          949.95835515
    7.5           0.          187.40205095
    7.5           2.5         133.37675722
    7.5           5.          320.79207307
    7.5           7.5         748.35013361
    7.5          10.         1146.95059988
   10.            0.          328.74163765
   10.            2.5         391.6272152 
   10.            5.          557.20578949
   10.            7.5         942.02935094
   10.           10.         1266.99690334