0.114914 1.68541 9.65278 76.6042
0.114914 1.72371 9.72939 76.5647
0.383047 1.72371 9.57617 76.5647
0.344742 1.72371 9.65278 76.5251
0.306437 1.72371 9.72939 76.5647
0.153219 1.72371 9.65278 76.6042
0.114914 1.80032 9.69109 76.6438
0.344742 1.68541 9.61448 76.5647
0.191523 1.68541 9.69109 76.5647
0.114914 1.72371 9.61448 76.5647
0.497961 1.72371 9.72939 76.6042
0.114914 1.76202 9.65278 76.6042
0.114914 1.72371 9.65278 76.6042
0.229828 1.76202 9.57617 76.5251
0.191523 1.87693 9.57617 76.5647
0.383047 1.68541 9.61448 76.6833
0.153219 1.87693 9.53786 76.6042
0.191523 1.80032 9.806 76.6438
0.191523 1.76202 9.76769 76.5647
0.191523 1.80032 9.65278 76.6438
0.191523 1.68541 9.53786 76.6042
0.191523 1.68541 9.49956 76.6438
0.191523 1.76202 9.69109 76.6438
0.229828 1.72371 9.57617 76.7229
0.229828 1.72371 9.69109 76.6438
0.306437 1.72371 9.61448 76.6833
0.153219 1.76202 9.69109 76.6042
0.0766094 1.76202 9.65278 76.7229
0.268133 1.72371 9.65278 76.6042
0.191523 1.72371 9.57617 76.6833
0.153219 1.83862 9.65278 76.7229
0.268133 1.76202 9.65278 76.6438
0.306437 1.80032 9.69109 76.6833
0.153219 1.6471 9.65278 76.7229
0.229828 1.72371 9.72939 76.6833
0.153219 1.87693 9.57617 76.6833
0.114914 1.6471 9.65278 76.802
0.191523 1.72371 9.69109 76.6833
0.0383047 1.72371 9.65278 76.7229
0.191523 1.80032 9.65278 76.7625
0.114914 1.76202 9.65278 76.6438
0.268133 1.87693 9.65278 76.802
0.229828 1.76202 9.65278 76.6833
0.153219 1.76202 9.61448 76.7229
0.612875 1.68541 9.53786 76.6833
0.114914 1.87693 9.61448 76.7625
0.153219 1.76202 9.69109 76.7229
0.153219 1.76202 9.72939 76.7229
0.153219 1.80032 9.92091 76.7229
0.268133 1.87693 9.61448 76.7625
0.229828 1.83862 9.57617 76.7625
0.306437 1.76202 9.57617 76.7229
0.153219 1.76202 9.65278 76.802
0.114914 1.72371 9.76769 76.6438
0.191523 1.72371 9.65278 76.7229
0.191523 1.72371 9.65278 76.7625
0.191523 1.68541 9.65278 76.7229
0.153219 1.72371 9.65278 76.7229
0.229828 1.68541 9.65278 76.7229
0.153219 1.87693 9.69109 76.7625
0.114914 1.68541 9.57617 76.802
0.191523 1.76202 9.65278 76.7625
0.306437 1.80032 9.65278 76.6833
0.153219 1.6471 9.65278 76.8418
0.153219 1.76202 9.65278 76.8418
0.191523 1.6471 9.65278 76.7625
0.191523 1.80032 9.65278 76.802
0.191523 1.6471 9.65278 76.8418
0.153219 1.83862 9.65278 76.802
0.306437 1.76202 9.49956 76.8811
0.268133 1.83862 9.61448 76.7625
0.191523 1.87693 9.49956 76.7229
0.153219 1.76202 9.65278 76.802
0.268133 1.76202 9.49956 76.7229
0.191523 1.72371 9.65278 76.802
0.191523 1.72371 9.53786 76.7625
0.191523 1.80032 9.65278 76.8418
0.114914 1.72371 9.69109 76.7229
0.229828 1.83862 9.69109 76.802
0.268133 1.83862 9.65278 76.802
0.0766094 1.6088 9.8443 76.7625
0.191523 1.76202 9.57617 76.802
0.153219 1.68541 9.61448 76.7229
0.306437 1.72371 9.53786 76.8418
0.191523 1.76202 9.49956 76.802
0.268133 1.68541 9.57617 76.8418
0.191523 1.72371 9.53786 76.7229
0.191523 1.76202 9.57617 76.7625
0.153219 1.72371 9.72939 76.7229
0.229828 1.80032 9.72939 76.7229
0.191523 1.83862 9.65278 76.7625
0.191523 1.80032 9.72939 76.6833
0.191523 1.76202 9.49956 76.6833
0.191523 1.76202 9.69109 76.7625
0.306437 1.80032 9.76769 76.802
0.229828 1.72371 9.72939 76.7229
0.191523 1.68541 9.61448 76.7229
0.153219 1.80032 9.61448 76.6042
0.229828 1.83862 9.72939 76.7625
0.153219 1.76202 9.65278 76.6438
0.191523 1.72371 9.76769 76.7229
0.229828 1.68541 9.61448 76.6833
0.268133 1.80032 9.57617 76.6833
0.191523 1.83862 9.72939 76.7229
0.0766094 1.76202 9.61448 76.7229
0.306437 1.6471 9.72939 76.6833
0.306437 1.76202 9.65278 76.7625
0.268133 1.87693 9.65278 76.6042
0.191523 1.76202 9.53786 76.6833
0.191523 1.72371 9.65278 76.6438
0.229828 1.72371 9.57617 76.6833
0.153219 1.76202 9.61448 76.6438
0.191523 1.80032 9.61448 76.6833
0.153219 1.80032 9.57617 76.6833
0.268133 1.6088 9.65278 76.7229
0.191523 1.80032 9.46126 76.7229
0.229828 1.76202 9.806 76.6833
0.229828 1.80032 9.65278 76.7229
0.229828 1.72371 9.61448 76.7229
0.0766094 1.76202 9.76769 76.802
