0:0:0 0.78 0.00000000 0.00000000 -99.00 -99.00 0.00 528.00 520.00 518.00 527.00 37.43 1010.95 57.08 0 0 0 17 
0:0:0 0.99 0.00000000 0.00000000 -99.00 -99.00 0.00 528.00 520.00 518.00 526.00 37.44 1010.97 57.09 0 0 0 17 
18:51:29 1.19 0.00000000 0.00000000 -99.00 -99.00 0.00 528.00 520.00 518.00 526.00 37.45 1010.99 57.17 0 0 0 17 
18:51:29 1.39 0.00000000 0.00000000 -99.00 -99.00 0.00 527.00 520.00 517.00 526.00 37.47 1010.96 57.01 0 0 0 17 
18:51:29 1.59 0.00000000 0.00000000 -99.00 -99.00 0.00 528.00 519.00 518.00 526.00 37.47 1011.02 56.72 0 0 0 17 
18:51:29 1.79 0.00000000 0.00000000 -99.00 -99.00 0.00 527.00 519.00 518.00 526.00 37.48 1011.00 56.41 0 0 0 17 
18:51:30 2.00 0.00000000 0.00000000 -99.00 -99.00 0.00 527.00 520.00 517.00 526.00 37.48 1011.00 55.91 0 17 5 17 
18:51:30 2.20 0.00000000 0.00000000 -99.00 -99.00 0.00 527.00 520.00 517.00 526.00 37.47 1010.94 55.41 0 17 5 17 
18:51:30 2.40 0.00000000 0.00000000 -99.00 -99.00 0.00 527.00 519.00 517.00 527.00 37.47 1010.95 55.11 0 17 5 17 
18:51:30 2.60 0.00000000 0.00000000 -99.00 -99.00 0.00 528.00 520.00 517.00 526.00 37.49 1010.99 54.82 0 17 5 17 
18:51:30 2.80 0.00000000 0.00000000 -99.00 -99.00 0.00 527.00 520.00 517.00 526.00 37.49 1010.99 54.58 0 17 5 17 
18:51:31 3.00 0.00000000 0.00000000 -99.00 -99.00 0.00 527.00 519.00 517.00 526.00 37.50 1010.93 54.24 0 17 5 17 
18:51:31 3.20 0.00000000 0.00000000 -99.00 -99.00 0.00 527.00 520.00 517.00 526.00 37.50 1010.95 54.03 0 17 5 17 
18:51:31 3.40 0.00000000 0.00000000 -99.00 -99.00 0.00 527.00 520.00 517.00 526.00 37.49 1010.93 53.94 0 17 5 17 
18:51:31 3.60 0.00000000 0.00000000 -99.00 -99.00 0.00 527.00 519.00 517.00 526.00 37.47 1011.01 53.82 0 17 5 17 
18:51:31 3.81 0.00000000 0.00000000 -99.00 -99.00 0.00 527.00 520.00 517.00 525.00 37.45 1010.95 53.77 0 17 5 17 
18:51:32 4.01 0.00000000 0.00000000 -99.00 -99.00 0.00 527.00 519.00 517.00 525.00 37.45 1010.99 53.74 0 17 5 17 
18:51:32 4.21 0.00000000 0.00000000 -99.00 -99.00 0.00 527.00 519.00 517.00 526.00 37.45 1011.01 53.62 0 17 5 17 
18:51:32 4.41 0.00000000 0.00000000 -99.00 -99.00 0.00 527.00 519.00 517.00 526.00 37.46 1010.96 53.65 0 17 5 17 
18:51:32 4.61 0.00000000 0.00000000 -99.00 -99.00 0.00 527.00 519.00 517.00 526.00 37.47 1010.98 53.61 0 17 5 17 
18:51:32 4.81 0.00000000 0.00000000 -99.00 -99.00 0.00 527.00 519.00 517.00 526.00 37.46 1011.02 53.63 0 17 5 17 
18:51:33 5.01 0.00000000 0.00000000 -99.00 -99.00 0.00 527.00 519.00 517.00 525.00 37.45 1011.00 53.61 0 17 5 17 
18:51:33 5.21 0.00000000 0.00000000 -99.00 -99.00 0.00 527.00 519.00 517.00 526.00 37.44 1011.02 53.56 0 17 5 17 
18:51:33 5.41 0.00000000 0.00000000 -99.00 -99.00 0.00 527.00 519.00 517.00 526.00 37.42 1011.00 53.59 0 17 5 17 
18:51:33 5.61 0.00000000 0.00000000 -99.00 -99.00 0.00 527.00 520.00 517.00 525.00 37.40 1010.94 53.63 0 17 5 17 
18:51:33 5.81 0.00000000 0.00000000 -99.00 -99.00 0.00 527.00 519.00 516.00 526.00 37.40 1011.00 53.72 0 17 5 17 
18:51:34 6.01 0.00000000 0.00000000 -99.00 -99.00 0.00 527.00 519.00 517.00 525.00 37.41 1010.96 53.93 0 17 5 17 
18:51:34 6.21 0.00000000 0.00000000 -99.00 -99.00 0.00 527.00 519.00 516.00 525.00 37.42 1010.99 54.04 0 17 5 17 
18:51:34 6.41 0.00000000 0.00000000 -99.00 -99.00 0.00 527.00 519.00 516.00 526.00 37.45 1010.95 54.10 0 17 5 17 
18:51:34 6.61 0.00000000 0.00000000 -99.00 -99.00 0.00 526.00 519.00 517.00 526.00 37.46 1010.98 54.00 0 17 5 17 
18:51:34 6.81 0.00000000 0.00000000 -99.00 -99.00 0.00 527.00 519.00 517.00 525.00 37.45 1011.03 53.83 0 17 5 17 
18:51:35 7.01 0.00000000 0.00000000 -99.00 -99.00 0.00 527.00 519.00 516.00 526.00 37.45 1010.94 53.67 0 17 5 17 
18:51:35 7.22 0.00000000 0.00000000 -99.00 -99.00 0.00 527.00 519.00 516.00 525.00 37.45 1010.96 53.60 0 17 5 17 
18:51:35 7.42 0.00000000 0.00000000 -99.00 -99.00 0.00 527.00 519.00 517.00 526.00 37.44 1010.99 53.52 0 17 5 17 
18:51:35 7.62 0.00000000 0.00000000 -99.00 -99.00 0.00 527.00 519.00 517.00 526.00 37.44 1011.01 53.47 0 17 5 17 
18:51:36 7.82 0.00000000 0.00000000 -99.00 -99.00 0.00 527.00 519.00 516.00 526.00 37.45 1010.95 53.46 0 17 5 17 
18:51:36 8.02 0.00000000 0.00000000 -99.00 -99.00 0.00 527.00 519.00 516.00 526.00 37.45 1010.98 53.43 0 17 5 17 
18:51:36 8.22 0.00000000 0.00000000 -99.00 -99.00 0.00 527.00 519.00 516.00 526.00 37.45 1010.96 53.40 0 17 5 17 
18:51:36 8.42 0.00000000 0.00000000 -99.00 -99.00 0.00 527.00 519.00 516.00 525.00 37.46 1010.94 53.45 0 17 5 17 
18:51:36 8.62 0.00000000 0.00000000 -99.00 -99.00 0.00 526.00 520.00 516.00 526.00 37.46 1011.01 53.69 0 17 5 17 
18:51:37 8.82 0.00000000 0.00000000 -99.00 -99.00 0.00 527.00 519.00 516.00 525.00 37.46 1011.00 53.81 0 17 5 17 
18:51:37 9.02 0.00000000 0.00000000 -99.00 -99.00 0.00 526.00 519.00 516.00 525.00 37.46 1010.99 54.09 0 17 5 17 
18:51:37 9.22 0.00000000 0.00000000 -99.00 -99.00 0.00 527.00 519.00 516.00 525.00 37.48 1011.00 54.36 0 17 5 17 
18:51:37 9.42 0.00000000 0.00000000 -99.00 -99.00 0.00 527.00 519.00 516.00 525.00 37.49 1011.02 54.50 0 17 5 17 
18:51:37 9.62 0.00000000 0.00000000 -99.00 -99.00 0.00 527.00 519.00 516.00 525.00 37.50 1011.01 54.54 0 17 5 17 
18:51:38 9.82 0.00000000 0.00000000 -99.00 -99.00 0.00 526.00 519.00 516.00 526.00 37.51 1011.00 54.47 0 17 5 17 
18:51:38 10.02 0.00000000 0.00000000 -99.00 -99.00 0.00 526.00 519.00 516.00 526.00 37.52 1011.00 54.38 0 17 5 17 
18:51:38 10.23 0.00000000 0.00000000 -99.00 -99.00 0.00 527.00 519.00 516.00 525.00 37.53 1010.95 54.28 0 17 5 17 
18:51:38 10.43 0.00000000 0.00000000 -99.00 -99.00 0.00 526.00 519.00 516.00 525.00 37.55 1011.00 54.01 0 17 5 17 
18:51:38 10.63 0.00000000 0.00000000 -99.00 -99.00 0.00 526.00 519.00 516.00 525.00 37.57 1010.98 53.67 0 17 5 17 
18:51:39 10.83 0.00000000 0.00000000 -99.00 -99.00 0.00 527.00 519.00 516.00 525.00 37.58 1011.00 53.33 0 17 5 17 
18:51:39 11.03 0.00000000 0.00000000 -99.00 -99.00 0.00 526.00 519.00 516.00 525.00 37.60 1010.97 52.96 0 17 5 17 
18:51:39 11.23 0.00000000 0.00000000 -99.00 -99.00 0.00 527.00 519.00 516.00 526.00 37.62 1011.00 52.54 0 17 5 17 
18:51:39 11.43 0.00000000 0.00000000 -99.00 -99.00 0.00 526.00 519.00 516.00 525.00 37.63 1010.98 52.18 0 17 5 17 
18:51:39 11.63 0.00000000 0.00000000 -99.00 -99.00 0.00 527.00 519.00 516.00 525.00 37.65 1010.95 51.83 0 17 5 17 
18:51:40 11.83 0.00000000 0.00000000 -99.00 -99.00 0.00 527.00 519.00 516.00 526.00 37.66 1010.97 51.80 0 17 5 17 
18:51:40 12.03 0.00000000 0.00000000 -99.00 -99.00 0.00 527.00 519.00 516.00 525.00 37.69 1010.95 51.78 0 17 5 17 
18:51:40 12.23 0.00000000 0.00000000 -99.00 -99.00 0.00 526.00 519.00 516.00 525.00 37.71 1011.01 51.94 0 17 5 17 
18:51:40 12.43 0.00000000 0.00000000 -99.00 -99.00 0.00 526.00 519.00 516.00 525.00 37.74 1010.97 52.03 0 17 5 17 
18:51:40 12.63 0.00000000 0.00000000 -99.00 -99.00 0.00 527.00 519.00 516.00 525.00 37.77 1011.00 52.09 0 17 5 17 
18:51:41 12.83 0.00000000 0.00000000 -99.00 -99.00 0.00 527.00 519.00 516.00 525.00 37.79 1010.97 52.16 0 17 5 17 
18:51:41 13.03 0.00000000 0.00000000 -99.00 -99.00 0.00 527.00 519.00 516.00 525.00 37.83 1010.98 52.08 0 17 5 17 
18:51:41 13.23 0.00000000 0.00000000 -99.00 -99.00 0.00 526.00 519.00 516.00 525.00 37.84 1010.98 51.96 0 17 5 17 
18:51:41 13.44 0.00000000 0.00000000 -99.00 -99.00 0.00 527.00 519.00 516.00 525.00 37.88 1010.99 51.83 0 17 5 17 
18:51:41 13.64 0.00000000 0.00000000 -99.00 -99.00 0.00 527.00 519.00 516.00 525.00 37.90 1010.96 51.68 0 17 5 17 
18:51:42 13.84 0.00000000 0.00000000 -99.00 -99.00 0.00 526.00 519.00 516.00 525.00 37.92 1010.97 51.58 0 17 5 17 
18:51:42 14.04 0.00000000 0.00000000 -99.00 -99.00 0.00 526.00 519.00 516.00 525.00 37.94 1010.98 51.61 0 17 5 17 
18:51:42 14.24 0.00000000 0.00000000 -99.00 -99.00 0.00 527.00 519.00 516.00 525.00 37.96 1010.99 51.65 0 17 5 17 
18:51:42 14.44 0.00000000 0.00000000 -99.00 -99.00 0.00 527.00 519.00 516.00 525.00 37.98 1011.01 51.59 0 17 5 17 
18:51:42 14.64 0.00000000 0.00000000 -99.00 -99.00 0.00 527.00 519.00 516.00 526.00 37.99 1010.99 51.55 0 17 5 17 
18:51:42 14.84 0.00000000 0.00000000 -99.00 -99.00 0.00 526.00 519.00 516.00 525.00 38.00 1010.99 51.54 0 17 5 17 
18:51:43 15.04 0.00000000 0.00000000 -99.00 -99.00 0.00 527.00 519.00 516.00 525.00 37.99 1011.04 51.66 0 17 5 17 
18:51:43 15.24 0.00000000 0.00000000 -99.00 -99.00 0.00 527.00 519.00 516.00 525.00 37.96 1011.00 51.46 0 17 5 17 
18:51:43 15.44 0.00000000 0.00000000 -99.00 -99.00 0.00 527.00 519.00 516.00 525.00 37.93 1010.99 51.32 0 17 5 17 
18:51:43 15.64 0.00000000 0.00000000 -99.00 -99.00 0.00 526.00 519.00 516.00 525.00 37.91 1010.98 50.98 0 17 5 17 
18:51:43 15.84 0.00000000 0.00000000 -99.00 -99.00 0.00 526.00 519.00 516.00 525.00 37.90 1010.96 50.77 0 17 5 17 
18:51:44 16.04 0.00000000 0.00000000 -99.00 -99.00 0.00 526.00 519.00 516.00 525.00 37.89 1010.96 50.56 0 17 5 17 
18:51:44 16.25 0.00000000 0.00000000 -99.00 -99.00 0.00 527.00 519.00 516.00 525.00 37.90 1011.00 50.48 0 17 5 17 
18:51:44 16.45 0.00000000 0.00000000 -99.00 -99.00 0.00 526.00 519.00 516.00 525.00 37.90 1010.98 50.35 0 17 5 17 
18:51:44 16.65 0.00000000 0.00000000 -99.00 -99.00 0.00 526.00 519.00 516.00 526.00 37.91 1010.97 50.06 0 17 5 17 
18:51:44 16.85 0.00000000 0.00000000 -99.00 -99.00 0.00 526.00 519.00 516.00 525.00 37.91 1010.99 49.83 0 17 5 17 
18:51:45 17.05 0.00000000 0.00000000 -99.00 -99.00 0.00 526.00 519.00 516.00 525.00 37.93 1010.99 49.75 0 17 5 17 
18:51:45 17.25 0.00000000 0.00000000 -99.00 -99.00 0.00 526.00 519.00 516.00 525.00 37.96 1011.00 49.57 0 17 5 17 
18:51:45 17.45 0.00000000 0.00000000 -99.00 -99.00 0.00 526.00 519.00 516.00 525.00 37.99 1011.00 49.39 0 17 5 17 
18:51:45 17.65 0.00000000 0.00000000 -99.00 -99.00 0.00 526.00 519.00 516.00 525.00 38.00 1010.96 49.18 0 17 5 17 
18:51:45 17.85 0.00000000 0.00000000 -99.00 -99.00 0.00 527.00 519.00 516.00 525.00 38.02 1010.98 49.01 0 17 5 17 
18:51:46 18.05 0.00000000 0.00000000 -99.00 -99.00 0.00 527.00 519.00 516.00 525.00 38.04 1010.96 48.78 0 17 5 17 
18:51:46 18.25 0.00000000 0.00000000 -99.00 -99.00 0.00 527.00 519.00 516.00 525.00 38.05 1011.02 48.55 0 17 5 17 
18:51:46 18.46 0.00000000 0.00000000 -99.00 -99.00 0.00 526.00 519.00 516.00 526.00 38.06 1010.97 48.34 0 17 5 17 
18:51:46 18.66 0.00000000 0.00000000 -99.00 -99.00 0.00 527.00 519.00 516.00 525.00 38.09 1011.02 48.20 0 17 5 17 
18:51:46 18.86 0.00000000 0.00000000 -99.00 -99.00 0.00 526.00 519.00 516.00 526.00 38.11 1011.00 48.10 0 17 5 17 
18:51:47 19.06 0.00000000 0.00000000 -99.00 -99.00 0.00 526.00 519.00 516.00 525.00 38.11 1010.97 48.07 0 17 5 17 
18:51:47 19.26 0.00000000 0.00000000 -99.00 -99.00 0.00 527.00 519.00 516.00 526.00 38.10 1010.89 48.04 0 17 5 17 
18:51:47 19.46 0.00000000 0.00000000 -99.00 -99.00 0.00 527.00 519.00 516.00 526.00 38.07 1010.91 48.01 0 17 5 17 
18:51:47 19.66 0.00000000 0.00000000 -99.00 -99.00 0.00 527.00 519.00 516.00 525.00 38.03 1010.91 47.99 0 17 5 17 
18:51:48 19.86 0.00000000 0.00000000 -99.00 -99.00 0.00 527.00 519.00 516.00 525.00 38.00 1010.93 48.06 0 17 5 17 
18:51:48 20.06 0.00000000 0.00000000 -99.00 -99.00 0.00 527.00 519.00 516.00 525.00 37.96 1010.93 48.20 0 17 5 17 
18:51:48 20.27 0.00000000 0.00000000 -99.00 -99.00 0.00 527.00 519.00 516.00 525.00 37.91 1010.90 48.39 0 17 5 17 
18:51:48 20.47 0.00000000 0.00000000 -99.00 -99.00 0.00 527.00 519.00 516.00 525.00 37.89 1010.93 48.63 0 17 5 17 
18:51:48 20.67 0.00000000 0.00000000 -99.00 -99.00 0.00 527.00 519.00 516.00 525.00 37.87 1010.91 48.94 0 17 5 17 
18:51:49 20.87 0.00000000 0.00000000 -99.00 -99.00 0.00 526.00 519.00 516.00 526.00 37.86 1010.96 49.19 0 17 5 17 
18:51:49 21.07 0.00000000 0.00000000 -99.00 -99.00 0.00 527.00 519.00 516.00 525.00 37.84 1010.95 49.51 0 17 5 17 
18:51:49 21.27 0.00000000 0.00000000 -99.00 -99.00 0.00 527.00 519.00 516.00 525.00 37.83 1010.90 49.81 0 17 5 17 
18:51:49 21.47 0.00000000 0.00000000 -99.00 -99.00 0.00 526.00 519.00 516.00 525.00 37.81 1010.89 50.05 0 17 5 17 
18:51:49 21.67 0.00000000 0.00000000 -99.00 -99.00 0.00 527.00 519.00 516.00 525.00 37.78 1010.96 50.21 0 17 5 17 
18:51:50 21.88 0.00000000 0.00000000 -99.00 -99.00 0.00 527.00 519.00 516.00 525.00 37.75 1010.91 50.33 0 17 5 17 
18:51:50 22.08 0.00000000 0.00000000 -99.00 -99.00 0.00 526.00 519.00 516.00 525.00 37.73 1010.92 50.57 0 17 5 17 
18:51:50 22.28 0.00000000 0.00000000 -99.00 -99.00 0.00 527.00 519.00 516.00 525.00 37.72 1010.96 50.86 0 17 5 17 
18:51:50 22.48 0.00000000 0.00000000 -99.00 -99.00 0.00 526.00 519.00 516.00 526.00 37.71 1010.93 51.08 0 17 5 17 
18:51:50 22.68 0.00000000 0.00000000 -99.00 -99.00 0.00 527.00 519.00 516.00 526.00 37.71 1010.95 51.45 0 17 5 17 
18:51:51 22.88 0.00000000 0.00000000 -99.00 -99.00 0.00 527.00 519.00 516.00 526.00 37.70 1010.92 51.73 0 17 5 17 
18:51:51 23.08 0.00000000 0.00000000 -99.00 -99.00 0.00 527.00 519.00 516.00 526.00 37.72 1010.93 51.98 0 17 5 17 
18:51:51 23.28 0.00000000 0.00000000 -99.00 -99.00 0.00 527.00 519.00 517.00 525.00 37.75 1010.96 52.21 0 17 5 17 
18:51:51 23.48 0.00000000 0.00000000 -99.00 -99.00 0.00 527.00 519.00 516.00 525.00 37.78 1010.98 52.32 0 17 5 17 
18:51:51 23.69 0.00000000 0.00000000 -99.00 -99.00 0.00 527.00 519.00 516.00 525.00 37.80 1010.91 52.12 0 17 5 17 
18:51:52 23.89 0.00000000 0.00000000 -99.00 -99.00 0.00 526.00 519.00 516.00 525.00 37.81 1010.96 51.91 0 17 5 17 
18:51:52 24.09 0.00000000 0.00000000 -99.00 -99.00 0.00 527.00 519.00 516.00 525.00 37.81 1010.96 51.86 0 17 5 17 
18:51:52 24.29 0.00000000 0.00000000 -99.00 -99.00 0.00 527.00 519.00 516.00 525.00 37.81 1011.08 51.86 0 17 5 17 
18:51:52 24.49 0.00000000 0.00000000 -99.00 -99.00 0.00 526.00 519.00 516.00 525.00 37.82 1011.08 52.01 0 17 5 17 
