17.592, 0.0806084, 0.287481
17.696, 0.272133, 0.284412
17.799, 0.540264, 0.335582
17.903, 0.42535, 0.353536
18.006, -0.0726089, 0.268307
18.11, -0.0726089, 0.200123
18.212, 1.6511, 0.490319
18.316, -0.187523, 0.35475
18.4189, -0.570572, 0.169686
18.5229, 0.0806084, 0.15187
18.625, -1.87293, -0.25309
18.729, -0.340744, -0.27062
18.832, -1.03023, -0.422542
18.936, -1.10684, -0.559401
19.04, 0.233826, -0.400755
19.1429, -0.455658, -0.411736
19.2469, 0.310436, -0.267301
19.35, 0.731789, -0.0674832
19.454, 0.42535, 0.0310835
19.557, 0.387047, 0.102276
19.661, -0.302437, 0.0213335
19.764, -0.417351, -0.0664033
19.868, -0.608875, -0.174898
19.9709, -1.18344, -0.376607
20.075, -0.762096, -0.453705
20.178, -1.26006, -0.614975
20.282, -0.647179, -0.621416
20.385, -0.22583, -0.542298
20.489, -0.22583, -0.479005
20.592, -0.0343056, -0.390065
20.696, 0.616875, -0.188677
20.799, 0.195522, -0.111837
20.903, 0.157219, -0.0580257
21.006, -0.187523, -0.0839251
21.11, -0.417351, -0.15061
21.213, -0.379047, -0.196298
21.317, -0.8004, -0.317118
21.42, -0.608875, -0.375469
21.5239, -0.838703, -0.468116
21.627, -0.455658, -0.465624
21.731, -0.22583, -0.417665
21.834, -0.14922, -0.363976
21.938, 0.272133, -0.236754
22.041, 0.233826, -0.142638
22.145, 0.655178, 0.0169252
22.2479, 0.157219, 0.0449839
22.3519, -0.0343056, 0.029126
22.4559, -0.302437, -0.0371866
22.559, -0.570572, -0.143864
22.663, -0.838703, -0.282831
22.765, -0.608875, -0.34804
22.869, -0.647179, -0.407868
22.972, -0.762096, -0.478713
23.0759, -0.187523, -0.420475
23.179, 0.233826, -0.289615
23.283, 0.233826, -0.184927
23.386, 0.310436, -0.085854
23.49, 0.387047, 0.00872615
23.593, 0.0806084, 0.0231026
23.697, 0.0039978, 0.0192816
23.7999, -0.302437, -0.0450621
23.9039, -0.379047, -0.111859
24.007, -0.455658, -0.180619
24.11, -0.8004, -0.304575
24.213, -0.570572, -0.357774
24.317, -0.455658, -0.377351
24.42, -0.110916, -0.324064
24.523, 0.0806084, -0.243129
24.626, 0.233826, -0.147738
24.73, 0.233826, -0.0714255
24.833, 0.233826, -0.0103752
24.937, 0.195522, 0.0308043
25.04, -0.0726089, 0.0101216
25.144, -0.187523, -0.0294073
25.2479, -0.340744, -0.0916746
25.351, -0.87701, -0.248742
25.455, -0.570572, -0.313108
25.558, -0.379047, -0.326296
25.662, -0.379047, -0.336846
25.765, -0.0343056, -0.276338
25.869, 0.233826, -0.174305
25.972, 0.0806084, -0.123322
26.075, 0.272133, -0.0442312
26.178, 0.578571, 0.0803293
26.282, 0.118912, 0.0880458
26.385, -0.455658, -0.020695
26.489, -0.493961, -0.115348
26.592, -0.417351, -0.175749
26.696, -0.532265, -0.247052
26.799, -0.302437, -0.258129
26.902, -0.417351, -0.289973
27.005, -0.264133, -0.284805
27.109, -0.264133, -0.280671
27.212, 0.157219, -0.193093
27.3149, 0.195522, -0.11537
27.418, 0.540264, 0.0157571
27.522, 0.157219, 0.0440494
27.625, 0.157219, 0.0666833
27.728, 0.0806084, 0.0694683
27.832, 0.0806084, 0.0716963
27.9349, -0.379047, -0.0184524
28.0389, -0.570572, -0.128876
28.141, -0.379047, -0.17891
28.245, -0.417351, -0.226599
28.348, -0.0343056, -0.18814
28.452, -0.0343056, -0.157373
28.5549, 0.0039978, -0.125099
28.6589, 0.272133, -0.0456524
28.762, 0.0039978, -0.0357223
28.866, 0.0806084, -0.0124562
28.969, 0.118912, 0.0138174
29.073, -0.110916, -0.0111293
29.176, -0.110916, -0.0310867
29.28, -0.187523, -0.0623739
29.3829, -0.493961, -0.148691
29.4869, -0.608875, -0.240728
29.59, -0.417351, -0.276053
29.694, -0.187523, -0.258347
29.797, -0.14922, -0.236521
29.901, 0.042305, -0.180756
30.004, -0.0726089, -0.159126
30.108, 0.157219, -0.0958573
30.2109, 0.118912, -0.0529035
30.314, -0.14922, -0.0721667
30.417, -0.14922, -0.0875772
30.521, -0.340744, -0.138211
30.624, -0.340744, -0.178717
30.728, -0.264133, -0.1958
30.832, -0.264133, -0.209467
30.9349, -0.340744, -0.235722
31.0389, -0.14922, -0.218422
31.142, -0.0343056, -0.181598
31.246, 0.157219, -0.113835
31.349, 0.0806084, -0.0749462
31.453, -0.110916, -0.0821402
31.556, 0.272133, -0.0112855
31.66, 0.042305, -0.000567432
31.7629, -0.110916, -0.0226372
31.8669, -0.302437, -0.0785971
31.97, -0.22583, -0.108044
32.073, -0.187523, -0.12394
32.176, -0.340744, -0.1673
32.28, -0.22583, -0.179006
32.382, -0.417351, -0.226675
32.486, -0.110916, -0.203523
32.589, 0.0806084, -0.146697
32.693, 0.0039978, -0.116558
32.796, 0.042305, -0.0847853
32.9, 0.42535, 0.0172418
33.0029, -0.110916, -0.00838981
33.1069, -0.187523, -0.0442164
33.21, -0.647179, -0.164809
33.314, -0.302437, -0.192334
33.417, -0.532265, -0.26032
33.5229, -0.302437, -0.268744
33.626, -0.22583, -0.260161
33.73, -0.22583, -0.253295
33.833, -0.0343056, -0.209497
33.937, 0.157219, -0.136154
34.04, 0.310436, -0.0468356
34.144, 0.195522, 0.00163603
34.2479, 0.233826, 0.048074
34.351, 0.0039978, 0.0392587
34.455, -0.302437, -0.0290804
34.557, -0.493961, -0.122057
34.66, -0.14922, -0.127489
34.762, -0.264133, -0.154818
34.866, -0.417351, -0.207325
34.969, -0.264133, -0.218686
35.073, -0.264133, -0.227776
35.176, -0.14922, -0.212064
35.28, -0.0343056, -0.176513
35.3829, 0.195522, -0.102106
35.4869, -0.14922, -0.111528
35.59, 0.118912, -0.0654403
35.694, -0.0343056, -0.0592133
35.797, -0.14922, -0.0772145
35.901, -0.264133, -0.114598
36.004, -0.264133, -0.144505
36.108, -0.379047, -0.191414
36.2109, -0.302437, -0.213618
36.3149, -0.14922, -0.200738
36.418, -0.187523, -0.198095
36.522, -0.0726089, -0.172998
36.625, 0.387047, -0.060989
36.729, 0.0806084, -0.0326695
36.832, 0.042305, -0.0176746
36.936, -0.379047, -0.0899491
37.04, 0.0039978, -0.0711597
37.1429, -0.14922, -0.0867717
37.2469, -0.187523, -0.106922
37.35, -0.264133, -0.138364
37.454, -0.302437, -0.171179
37.557, -0.264133, -0.18977
37.661, -0.340744, -0.219964
37.764, -0.0343056, -0.182833
37.868, 0.157219, -0.114822
37.9709, 0.0806084, -0.0757361
38.075, 0.042305, -0.0521278
38.178, 0.0806084, -0.0255806
38.282, 0.272133, 0.0339621
38.385, 0.118912, 0.050952
38.489, -0.187523, 0.00325702
38.592, 0.0039978, 0.00340518
38.696, -0.379047, -0.0730853
38.799, -0.22583, -0.103634
38.902, -0.22583, -0.128073
39.005, -0.0343056, -0.10932
39.109, 0.0806084, -0.0713341
39.212, 0.118912, -0.0332849
39.3149, 0.157219, 0.00481585
39.418, 0.118912, 0.027635
39.522, 0.118912, 0.0458904
39.625, 0.0039978, 0.0375118
39.729, -0.187523, -0.00749513
39.832, 0.195522, 0.0331084
39.936, -0.22583, -0.0186793
40.04, 0.157219, 0.0165003
40.1429, -0.187523, -0.0243043
40.2469, -0.14922, -0.0492873
40.349, 0.042305, -0.0309689
40.453, 0.0806084, -0.00865342
40.556, 0.042305, 0.00153827
40.66, 0.0039978, 0.00203017
40.7629, 0.042305, 0.0100851
40.8669, -0.110916, -0.0141151
40.97, 0.0039978, -0.0104925
41.074, 0.0039978, -0.00759446
41.177, 0.0039978, -0.00527601
41.281, -0.22583, -0.0493868
41.384, -0.187523, -0.077014
41.488, -0.14922, -0.0914551
41.5909, -0.379047, -0.148974
41.694, -0.455658, -0.21031
41.797, 0.157219, -0.136804
41.901, 0.578571, 0.00627074
42.004, 0.042305, 0.0134776
42.108, 0.118912, 0.0345644
42.2109, -0.110916, 0.00546829
42.3149, 0.042305, 0.0128356
42.418, -0.0726089, -0.00425329
42.522, 0.042305, 0.00505836
42.625, -0.187523, -0.0334579
42.729, -0.187523, -0.0642709
42.832, -0.22583, -0.0965827
42.936, -0.532265, -0.183719
43.04, -0.0726089, -0.161497
43.1429, -0.22583, -0.174364
43.247, 0.118912, -0.115708
43.349, -0.14922, -0.122411
43.453, 0.118912, -0.0741461
43.556, -0.0726089, -0.0738387
43.66, 0.0039978, -0.0582714
43.762, 0.042305, -0.0381561
43.866, -0.22583, -0.0756909
43.969, -0.187523, -0.0980573
44.073, -0.0343056, -0.0853069
44.176, -0.187523, -0.10575
44.28, -0.14922, -0.114444
44.3829, 0.157219, -0.0601114
44.4869, 0.0039978, -0.0472895
44.59, 0.195522, 0.00127287
44.694, 0.118912, 0.0248006
44.797, 0.233826, 0.0666057
44.901, -0.0726089, 0.0387627
45.004, -0.14922, 0.00116627
45.108, -0.22583, -0.044233
45.2109, -0.0726089, -0.0499082
45.3149, -0.532265, -0.146379
45.418, -0.302437, -0.177591
45.522, -0.22583, -0.187239
45.625, 0.0039978, -0.148991
45.729, 0.042305, -0.110732
45.832, -0.0343056, -0.0954467
45.936, 0.042305, -0.0678963
46.0389, 0.118912, -0.0305347
46.142, 0.042305, -0.0159668
46.246, 0.0039978, -0.0119738
46.349, -0.0343056, -0.0164402
46.453, -0.14922, -0.042996
46.556, -0.0726089, -0.0489186
46.66, 0.0039978, -0.0383353
46.7629, -0.187523, -0.0681728
46.8669, -0.379047, -0.130348
46.97, -0.110916, -0.126461
47.074, -0.264133, -0.153996
47.177, -0.187523, -0.160701
47.281, 0.0039978, -0.127761
47.384, 0.0039978, -0.101409
47.488, 0.0806084, -0.0650059
47.5909, 0.387047, 0.0254047
47.6949, 0.0039978, 0.0211233
47.7979, 0.310436, 0.0789859
47.9019, -0.417351, -0.0202815
48.0049, -0.0726089, -0.030747
48.1089, 0.118912, -0.000815228
48.2119, -0.0726089, -0.015174
