0 0 0 0 0 0 2.90 0 0.00000000 0.00000000 0.00 0.00 0.00 359.88 8.13 -1.69 -0.00 0.00 0.01 829 0 0 90 90 0.00 
0 0 0 0 0 0 3.00 0 0.00000000 0.00000000 0.00 0.00 0.00 359.94 8.13 -1.69 0.01 -0.01 -0.03 863 0 0 90 90 0.00 
0 0 0 0 0 0 3.10 0 0.00000000 0.00000000 0.00 0.00 0.00 0.00 8.13 -1.69 -0.00 0.00 0.02 873 0 0 90 90 0.00 
0 0 0 0 0 0 3.20 0 0.00000000 0.00000000 0.00 0.00 0.00 359.94 8.13 -1.69 0.01 0.00 -0.00 886 0 0 90 90 0.00 
17 3 31 18 10 27 3.30 1 30.49194335 -88.21225738 0.11 102.82 0.00 0.00 8.13 -1.69 -0.00 0.00 -0.01 895 0 0 90 90 0.00 
17 3 31 18 10 27 3.40 1 30.49194335 -88.21225738 0.11 102.82 0.00 359.94 8.06 -1.69 -0.00 0.00 0.01 903 0 0 90 90 0.00 
17 3 31 18 10 27 3.50 1 30.49194335 -88.21225738 0.11 102.82 0.00 359.94 8.06 -1.69 0.01 -0.00 -0.02 907 0 0 90 90 0.00 
17 3 31 18 10 27 3.60 1 30.49194335 -88.21225738 0.11 102.82 0.00 0.00 8.06 -1.69 0.00 0.01 0.01 914 0 0 90 90 0.00 
17 3 31 18 10 27 3.70 1 30.49194335 -88.21225738 0.11 102.82 0.00 359.94 8.06 -1.69 -0.00 -0.00 -0.00 918 0 0 90 90 0.00 
17 3 31 18 10 27 3.80 1 30.49194335 -88.21225738 0.11 102.82 0.00 359.94 8.06 -1.69 0.00 0.00 -0.00 921 0 0 90 90 0.00 
17 3 31 18 10 27 3.90 1 30.49194335 -88.21225738 0.11 102.82 0.00 359.94 8.06 -1.69 0.00 0.01 0.00 924 0 0 90 90 0.00 
17 3 31 18 10 27 4.01 1 30.49194335 -88.21225738 0.11 102.82 0.00 359.94 8.06 -1.69 0.00 0.01 -0.01 925 0 0 90 90 0.00 
17 3 31 18 10 27 4.11 1 30.49194335 -88.21225738 0.11 102.82 0.00 359.94 8.06 -1.69 0.00 0.01 0.01 925 0 0 90 90 0.00 
17 3 31 18 10 28 4.21 1 30.49194335 -88.21225738 0.11 102.82 40.70 359.94 8.06 -1.69 -0.01 -0.00 0.00 927 0 0 90 90 0.00 
17 3 31 18 10 28 4.31 1 30.49194335 -88.21225738 0.04 158.79 40.70 359.94 8.06 -1.69 -0.00 -0.00 0.00 929 0 0 90 90 0.00 
17 3 31 18 10 28 4.41 1 30.49194335 -88.21225738 0.04 158.79 40.70 359.94 8.06 -1.69 -0.01 0.00 0.01 931 0 0 90 90 0.00 
17 3 31 18 10 28 4.51 1 30.49194335 -88.21225738 0.04 158.79 40.70 359.94 8.06 -1.69 0.01 0.00 -0.01 933 0 0 90 90 0.00 
17 3 31 18 10 28 4.61 1 30.49194335 -88.21225738 0.04 158.79 40.70 0.00 8.06 -1.69 -0.01 -0.00 0.00 932 0 0 90 90 0.00 
17 3 31 18 10 28 4.71 1 30.49194335 -88.21225738 0.04 158.79 40.70 0.00 8.06 -1.69 0.00 -0.00 -0.00 933 0 0 90 90 0.00 
17 3 31 18 10 28 4.81 1 30.49194335 -88.21225738 0.04 158.79 40.70 0.06 8.06 -1.69 -0.00 0.00 -0.01 934 0 0 90 90 0.00 
17 3 31 18 10 28 4.91 1 30.49194335 -88.21225738 0.04 158.79 40.70 0.06 8.06 -1.69 -0.00 0.00 0.00 935 0 0 90 90 0.00 
17 3 31 18 10 28 5.01 1 30.49194335 -88.21225738 0.04 158.79 40.70 0.06 8.06 -1.69 0.00 -0.00 -0.01 939 0 0 90 90 0.00 
17 3 31 18 10 28 5.11 1 30.49194335 -88.21225738 0.04 158.79 40.70 0.06 8.06 -1.69 -0.00 0.00 0.01 937 0 0 90 90 0.00 
17 3 31 18 10 28 5.23 1 30.49194335 -88.21225738 0.04 158.79 40.70 0.06 8.06 -1.69 0.00 -0.01 -0.00 938 0 0 90 90 0.00 
17 3 31 18 10 28 5.34 1 30.49194335 -88.21225738 0.04 158.79 40.70 0.06 8.06 -1.69 -0.00 0.00 0.00 941 0 0 90 90 0.00 
17 3 31 18 10 28 5.46 1 30.49194335 -88.21225738 0.04 158.79 40.70 0.06 8.06 -1.69 -0.00 0.00 -0.00 941 0 0 90 90 0.00 
17 3 31 18 10 28 5.63 1 30.49194335 -88.21225738 0.04 158.79 40.70 0.06 8.06 -1.69 0.00 -0.00 0.01 940 0 0 90 90 0.00 
17 3 31 18 10 28 5.73 1 30.49194335 -88.21225738 0.04 158.79 40.70 0.06 8.06 -1.69 0.01 0.00 -0.00 936 0 0 90 90 0.00 
17 3 31 18 10 28 5.83 1 30.49194335 -88.21225738 0.04 158.79 40.70 0.06 8.06 -1.69 0.00 0.00 0.01 937 0 0 90 90 0.00 
17 3 31 18 10 28 5.93 1 30.49194335 -88.21225738 0.04 158.79 40.70 0.06 8.06 -1.69 -0.00 -0.00 -0.01 937 0 0 90 90 0.00 
17 3 31 18 10 28 6.03 1 30.49194335 -88.21225738 0.04 158.79 40.70 0.06 8.06 -1.69 -0.00 -0.00 -0.00 937 0 0 90 90 0.00 
17 3 31 18 10 28 6.13 1 30.49194335 -88.21225738 0.04 158.79 40.70 0.06 8.06 -1.69 -0.01 0.00 0.00 939 0 0 90 90 0.00 
17 3 31 18 10 28 6.23 1 30.49194335 -88.21225738 0.04 158.79 40.70 0.06 8.06 -1.69 -0.00 -0.00 -0.00 940 0 0 90 90 0.00 
17 3 31 18 10 30 6.34 1 30.49194335 -88.21225738 0.23 256.27 40.70 0.06 8.06 -1.69 -0.01 0.00 0.00 939 0 0 90 90 0.00 
17 3 31 18 10 30 6.44 1 30.49194335 -88.21225738 0.23 256.27 40.70 0.06 8.06 -1.69 -0.00 0.01 -0.00 939 0 0 90 90 0.00 
17 3 31 18 10 30 6.54 1 30.49194335 -88.21225738 0.23 256.27 40.70 0.06 8.06 -1.69 -0.00 0.00 0.00 939 0 0 90 90 0.00 
17 3 31 18 10 30 6.64 1 30.49194335 -88.21225738 0.23 256.27 40.70 0.06 8.06 -1.69 -0.00 -0.00 0.01 939 0 0 90 90 0.00 
17 3 31 18 10 30 6.74 1 30.49194335 -88.21225738 0.23 256.27 40.70 0.06 8.06 -1.69 -0.00 0.00 0.00 938 0 0 90 90 0.00 
17 3 31 18 10 30 6.84 1 30.49194335 -88.21225738 0.23 256.27 40.70 0.06 8.06 -1.69 0.00 0.00 -0.00 938 0 0 90 90 0.00 
17 3 31 18 10 30 6.94 1 30.49194335 -88.21225738 0.23 256.27 40.70 0.06 8.06 -1.69 0.01 0.00 -0.00 937 0 0 90 90 0.00 
17 3 31 18 10 30 7.04 1 30.49194335 -88.21225738 0.23 256.27 40.70 0.06 8.06 -1.69 0.01 0.01 0.01 937 0 0 90 90 0.00 
17 3 31 18 10 30 7.14 1 30.49194335 -88.21225738 0.23 256.27 40.70 0.06 8.06 -1.69 0.00 0.00 -0.01 938 0 0 90 90 0.00 
17 3 31 18 10 31 7.24 1 30.49194335 -88.21225738 0.23 256.27 40.80 0.06 8.06 -1.69 -0.01 0.00 0.01 938 0 0 90 90 0.00 
17 3 31 18 10 31 7.34 1 30.49194335 -88.21225738 0.09 282.01 40.80 0.06 8.06 -1.69 0.00 0.00 -0.01 939 0 0 90 90 0.00 
17 3 31 18 10 31 7.45 1 30.49194335 -88.21225738 0.09 282.01 40.80 0.06 8.06 -1.69 -0.00 -0.00 0.00 940 0 0 90 90 0.00 
17 3 31 18 10 31 7.55 1 30.49194335 -88.21225738 0.09 282.01 40.80 0.06 8.06 -1.69 0.00 0.00 0.00 940 0 0 90 90 0.00 
17 3 31 18 10 31 7.65 1 30.49194335 -88.21225738 0.09 282.01 40.80 0.06 8.06 -1.69 0.00 0.00 -0.01 940 0 0 90 90 0.00 
17 3 31 18 10 31 7.75 1 30.49194335 -88.21225738 0.09 282.01 40.80 0.06 8.06 -1.69 -0.00 0.00 0.00 941 0 0 90 90 0.00 
17 3 31 18 10 31 7.85 1 30.49194335 -88.21225738 0.09 282.01 40.80 0.06 8.06 -1.69 0.00 0.00 0.00 939 0 0 90 90 0.00 
17 3 31 18 10 31 7.95 1 30.49194335 -88.21225738 0.09 282.01 40.80 0.06 8.06 -1.69 0.00 -0.00 -0.01 939 0 0 90 90 0.00 
17 3 31 18 10 31 8.05 1 30.49194335 -88.21225738 0.09 282.01 40.80 0.06 8.06 -1.69 -0.00 0.01 0.01 937 0 0 90 90 0.00 
17 3 31 18 10 31 8.15 1 30.49194335 -88.21225738 0.09 282.01 40.80 0.06 8.06 -1.69 0.00 -0.01 -0.01 938 0 0 90 90 0.00 
17 3 31 18 10 32 8.25 1 30.49194335 -88.21225738 0.09 282.01 40.90 0.06 8.06 -1.69 -0.01 -0.00 0.01 937 0 0 90 90 0.00 
17 3 31 18 10 32 8.35 1 30.49194335 -88.21225738 0.02 90.38 40.90 0.00 8.06 -1.69 0.00 0.01 -0.00 938 0 0 90 90 0.00 
17 3 31 18 10 32 8.45 1 30.49194335 -88.21225738 0.02 90.38 40.90 0.00 8.06 -1.69 -0.00 -0.00 0.00 938 0 0 90 90 0.00 
17 3 31 18 10 32 8.56 1 30.49194335 -88.21225738 0.02 90.38 40.90 0.00 8.06 -1.69 0.01 0.00 -0.00 939 0 0 90 90 0.00 
17 3 31 18 10 32 8.66 1 30.49194335 -88.21225738 0.02 90.38 40.90 0.00 8.06 -1.69 0.00 -0.00 0.01 939 0 0 90 90 0.00 
17 3 31 18 10 32 8.76 1 30.49194335 -88.21225738 0.02 90.38 40.90 0.00 8.06 -1.69 0.00 -0.00 0.01 939 0 0 90 90 0.00 
17 3 31 18 10 32 8.86 1 30.49194335 -88.21225738 0.02 90.38 40.90 0.00 8.06 -1.69 0.00 0.00 0.00 940 0 0 90 90 0.00 
17 3 31 18 10 32 8.96 1 30.49194335 -88.21225738 0.02 90.38 40.90 0.00 8.13 -1.69 0.00 -0.00 0.01 938 0 0 90 90 0.00 
17 3 31 18 10 32 9.06 1 30.49194335 -88.21225738 0.02 90.38 40.90 0.00 8.13 -1.69 0.01 0.00 -0.00 937 0 0 90 90 0.00 
17 3 31 18 10 32 9.16 1 30.49194335 -88.21225738 0.02 90.38 40.90 0.00 8.13 -1.69 0.00 -0.00 0.01 937 0 0 90 90 0.00 
17 3 31 18 10 32 9.26 1 30.49194335 -88.21225738 0.02 90.38 40.90 0.00 8.13 -1.69 0.00 -0.01 -0.00 938 0 0 90 90 0.00 
17 3 31 18 10 32 9.36 1 30.49194335 -88.21225738 0.11 253.04 40.90 0.00 8.13 -1.69 0.01 -0.01 0.01 938 0 0 90 90 0.00 
17 3 31 18 10 32 9.47 1 30.49194335 -88.21225738 0.11 253.04 40.90 359.94 8.13 -1.69 0.00 0.00 0.00 939 0 0 90 90 0.00 
17 3 31 18 10 32 9.57 1 30.49194335 -88.21225738 0.11 253.04 40.90 359.94 8.06 -1.69 -0.01 0.00 0.01 938 0 0 90 90 0.00 
17 3 31 18 10 32 9.67 1 30.49194335 -88.21225738 0.11 253.04 40.90 359.81 8.13 -1.63 -0.01 0.00 0.01 943 0 0 90 90 0.00 
17 3 31 18 10 32 9.77 1 30.49194335 -88.21225738 0.11 253.04 40.90 0.00 8.13 -1.69 0.01 0.01 -0.03 943 0 0 90 90 0.00 
17 3 31 18 10 32 9.87 1 30.49194335 -88.21225738 0.11 253.04 40.90 359.88 8.13 -1.63 -0.01 -0.00 0.04 939 0 0 90 90 0.00 
17 3 31 18 10 32 9.97 1 30.49194335 -88.21225738 0.11 253.04 40.90 359.88 8.13 -1.63 0.01 -0.02 -0.04 939 0 0 90 90 0.00 
17 3 31 18 10 32 10.07 1 30.49194335 -88.21225738 0.11 253.04 40.90 359.94 8.13 -1.63 -0.02 0.00 0.03 939 0 0 90 90 0.00 
17 3 31 18 10 32 10.17 1 30.49194335 -88.21225738 0.11 253.04 40.90 359.88 8.13 -1.56 0.01 0.00 -0.01 940 0 0 90 90 0.00 
17 3 31 18 10 34 10.27 1 30.49194335 -88.21225738 0.09 221.09 41.00 0.00 8.13 -1.63 0.01 0.01 -0.00 940 0 0 90 90 0.00 
17 3 31 18 10 34 10.37 1 30.49194335 -88.21225738 0.09 221.09 41.00 359.88 8.19 -1.56 0.00 -0.01 0.03 941 0 0 90 90 0.00 
17 3 31 18 10 34 10.48 1 30.49194335 -88.21225738 0.09 221.09 41.00 359.94 8.19 -1.63 0.01 -0.00 -0.03 940 0 0 90 90 0.00 
17 3 31 18 10 34 10.58 1 30.49194335 -88.21225738 0.09 221.09 41.00 359.94 8.19 -1.63 0.01 0.00 0.02 940 0 0 90 90 0.00 
17 3 31 18 10 34 10.68 1 30.49194335 -88.21225738 0.09 221.09 41.00 359.88 8.19 -1.56 0.00 -0.01 -0.02 939 0 0 90 90 0.00 
17 3 31 18 10 34 10.78 1 30.49194335 -88.21225738 0.09 221.09 41.00 359.81 8.19 -1.56 -0.04 0.00 0.03 938 0 0 90 90 0.00 
17 3 31 18 10 34 10.88 1 30.49194335 -88.21225738 0.09 221.09 41.00 359.81 8.19 -1.56 0.02 0.00 -0.04 938 0 0 90 90 0.00 
17 3 31 18 10 34 10.98 1 30.49194335 -88.21225738 0.09 221.09 41.00 359.88 8.19 -1.56 -0.01 0.00 0.02 938 0 0 90 90 0.00 
17 3 31 18 10 34 11.08 1 30.49194335 -88.21225738 0.09 221.09 41.00 359.81 8.19 -1.50 -0.00 -0.00 -0.01 936 0 0 90 90 0.00 
17 3 31 18 10 34 11.18 1 30.49194335 -88.21225738 0.09 221.09 41.00 359.88 8.19 -1.56 -0.01 -0.01 -0.01 936 0 0 90 90 0.00 
17 3 31 18 10 35 11.28 1 30.49194335 -88.21225738 0.11 290.61 41.00 359.81 8.19 -1.56 -0.01 0.00 0.03 938 0 0 90 90 0.00 
17 3 31 18 10 35 11.39 1 30.49194335 -88.21225738 0.11 290.61 41.00 359.81 8.19 -1.56 0.00 -0.00 -0.02 939 0 0 90 90 0.00 
17 3 31 18 10 35 11.49 1 30.49194335 -88.21225738 0.11 290.61 41.00 359.88 8.19 -1.56 -0.01 0.01 0.02 937 0 0 90 90 0.00 
17 3 31 18 10 35 11.59 1 30.49194335 -88.21225738 0.11 290.61 41.00 359.81 8.19 -1.50 0.01 -0.01 -0.01 937 0 0 90 90 0.00 
17 3 31 18 10 35 11.69 1 30.49194335 -88.21225738 0.11 290.61 41.00 359.88 8.19 -1.56 -0.00 0.00 0.01 939 0 0 90 90 0.00 
17 3 31 18 10 35 11.79 1 30.49194335 -88.21225738 0.11 290.61 41.00 359.75 8.19 -1.50 -0.01 0.01 0.01 939 0 0 90 90 0.00 
17 3 31 18 10 35 11.89 1 30.49194335 -88.21225738 0.11 290.61 41.00 359.81 8.19 -1.50 -0.00 -0.01 -0.02 939 0 0 90 90 0.00 
17 3 31 18 10 35 11.99 1 30.49194335 -88.21225738 0.11 290.61 41.00 359.81 8.19 -1.50 -0.01 0.00 0.02 939 0 0 90 90 0.00 
17 3 31 18 10 35 12.09 1 30.49194335 -88.21225738 0.11 290.61 41.00 359.75 8.19 -1.50 0.00 -0.01 0.00 937 0 0 90 90 0.00 
17 3 31 18 10 36 12.19 1 30.49194335 -88.21225738 0.11 290.61 41.00 359.81 8.19 -1.56 0.00 -0.00 -0.01 937 0 0 90 90 0.00 
17 3 31 18 10 36 12.29 1 30.49194335 -88.21225738 0.22 283.18 41.00 359.69 8.19 -1.50 -0.01 0.00 0.03 937 0 0 90 90 0.00 
17 3 31 18 10 36 12.40 1 30.49194335 -88.21225738 0.22 283.18 41.00 359.69 8.19 -1.50 0.00 0.00 -0.01 937 0 0 90 90 0.00 
17 3 31 18 10 36 12.50 1 30.49194335 -88.21225738 0.22 283.18 41.00 359.75 8.19 -1.50 -0.01 0.00 0.01 937 0 0 90 90 0.00 
17 3 31 18 10 36 12.60 1 30.49194335 -88.21225738 0.22 283.18 41.00 359.69 8.19 -1.50 0.00 0.01 -0.00 937 0 0 90 90 0.00 
17 3 31 18 10 36 12.70 1 30.49194335 -88.21225738 0.22 283.18 41.00 359.69 8.19 -1.50 0.00 -0.00 -0.01 937 0 0 90 90 0.00 
17 3 31 18 10 36 12.80 1 30.49194335 -88.21225738 0.22 283.18 41.00 359.69 8.19 -1.50 -0.00 -0.00 0.00 938 0 0 90 90 0.00 
17 3 31 18 10 36 12.90 1 30.49194335 -88.21225738 0.22 283.18 41.00 359.69 8.19 -1.50 0.00 0.00 0.00 940 0 0 90 90 0.00 
17 3 31 18 10 36 13.00 1 30.49194335 -88.21225738 0.22 283.18 41.00 359.69 8.19 -1.50 -0.01 0.01 0.01 939 0 0 90 90 0.00 
17 3 31 18 10 36 13.10 1 30.49194335 -88.21225738 0.22 283.18 41.00 359.69 8.19 -1.50 -0.00 -0.00 -0.02 939 0 0 90 90 0.00 
17 3 31 18 10 36 13.20 1 30.49194335 -88.21225738 0.22 283.18 40.90 359.75 8.19 -1.50 -0.01 0.00 0.02 938 0 0 90 90 0.00 
17 3 31 18 10 36 13.31 1 30.49194335 -88.21225738 0.18 274.63 40.90 359.69 8.19 -1.50 -0.00 -0.01 -0.01 936 0 0 90 90 0.00 
17 3 31 18 10 36 13.41 1 30.49194335 -88.21225738 0.18 274.63 40.90 359.75 8.19 -1.50 0.00 -0.00 0.00 936 0 0 90 90 0.00 
17 3 31 18 10 36 13.51 1 30.49194335 -88.21225738 0.18 274.63 40.90 359.63 8.19 -1.44 0.00 0.00 0.01 936 0 0 90 90 0.00 
17 3 31 18 10 36 13.61 1 30.49194335 -88.21225738 0.18 274.63 40.90 359.69 8.19 -1.50 0.01 0.01 -0.02 936 0 0 90 90 0.00 
17 3 31 18 10 36 13.71 1 30.49194335 -88.21225738 0.18 274.63 40.90 359.69 8.19 -1.44 -0.02 -0.01 0.03 936 0 0 90 90 0.00 
17 3 31 18 10 36 13.81 1 30.49194335 -88.21225738 0.18 274.63 40.90 359.63 8.19 -1.44 0.00 0.00 -0.01 937 0 0 90 90 0.00 
17 3 31 18 10 36 13.91 1 30.49194335 -88.21225738 0.18 274.63 40.90 359.63 8.19 -1.44 -0.01 -0.02 0.00 937 0 0 90 90 0.00 
17 3 31 18 10 36 14.01 1 30.49194335 -88.21225738 0.18 274.63 40.90 359.63 8.19 -1.44 -0.00 0.01 0.00 938 0 0 90 90 0.00 
17 3 31 18 10 36 14.11 1 30.49194335 -88.21225738 0.18 274.63 40.90 359.63 8.19 -1.44 -0.01 -0.00 0.00 938 0 0 90 90 0.00 
17 3 31 18 10 38 14.21 1 30.49194335 -88.21225738 0.18 274.63 40.90 359.63 8.25 -1.44 0.00 0.01 -0.01 938 0 0 90 90 0.00 
17 3 31 18 10 38 14.31 1 30.49194335 -88.21225738 0.10 255.81 40.90 359.63 8.19 -1.50 0.00 -0.01 0.01 938 0 0 90 90 0.00 
17 3 31 18 10 38 14.42 1 30.49194335 -88.21225738 0.10 255.81 40.90 359.56 8.25 -1.50 0.00 0.01 0.00 937 0 0 90 90 0.00 
17 3 31 18 10 38 14.52 1 30.49194335 -88.21225738 0.10 255.81 40.90 359.56 8.19 -1.50 0.00 -0.01 -0.00 937 0 0 90 90 0.00 
17 3 31 18 10 38 14.62 1 30.49194335 -88.21225738 0.10 255.81 40.90 359.56 8.25 -1.50 0.00 0.00 0.01 936 0 0 90 90 0.00 
17 3 31 18 10 38 14.72 1 30.49194335 -88.21225738 0.10 255.81 40.90 359.56 8.25 -1.50 0.00 -0.00 -0.00 936 0 0 90 90 0.00 
17 3 31 18 10 38 14.82 1 30.49194335 -88.21225738 0.10 255.81 40.90 359.56 8.19 -1.50 -0.01 -0.00 0.02 938 0 0 90 90 0.00 
17 3 31 18 10 38 14.92 1 30.49194335 -88.21225738 0.10 255.81 40.90 359.50 8.25 -1.50 -0.00 0.00 -0.00 942 0 0 90 90 0.00 
17 3 31 18 10 38 15.02 1 30.49194335 -88.21225738 0.10 255.81 40.90 359.56 8.25 -1.50 0.02 -0.01 -0.01 941 0 0 90 90 0.00 
17 3 31 18 10 38 15.12 1 30.49194335 -88.21225738 0.10 255.81 40.90 359.56 8.25 -1.50 -0.01 -0.00 0.02 939 0 0 90 90 0.00 
17 3 31 18 10 39 15.23 1 30.49194335 -88.21225738 0.10 255.81 40.90 359.56 8.19 -1.56 0.01 -0.02 -0.02 938 0 0 90 90 0.00 
17 3 31 18 10 39 15.33 1 30.49194335 -88.21225738 0.22 271.43 40.90 359.63 8.25 -1.56 0.01 -0.00 0.01 938 0 0 90 90 0.00 
17 3 31 18 10 39 15.43 1 30.49194335 -88.21225738 0.22 271.43 40.90 359.56 8.19 -1.56 0.01 -0.01 0.00 939 0 0 90 90 0.00 
17 3 31 18 10 39 15.53 1 30.49194335 -88.21225738 0.22 271.43 40.90 359.56 8.19 -1.56 0.01 0.00 -0.01 938 0 0 90 90 0.00 
17 3 31 18 10 39 15.63 1 30.49194335 -88.21225738 0.22 271.43 40.90 359.50 8.19 -1.56 -0.00 0.01 0.02 939 0 0 90 90 0.00 
17 3 31 18 10 39 15.73 1 30.49194335 -88.21225738 0.22 271.43 40.90 359.56 8.19 -1.56 0.02 -0.00 -0.02 938 0 0 90 90 0.00 
17 3 31 18 10 39 15.83 1 30.49194335 -88.21225738 0.22 271.43 40.90 359.56 8.19 -1.63 0.01 0.00 0.01 939 0 0 90 90 0.00 
17 3 31 18 10 39 15.93 1 30.49194335 -88.21225738 0.22 271.43 40.90 359.50 8.19 -1.63 0.00 -0.00 0.01 938 0 0 90 90 0.00 
17 3 31 18 10 39 16.03 1 30.49194335 -88.21225738 0.22 271.43 40.90 359.50 8.19 -1.63 0.01 -0.01 0.01 936 0 0 90 90 0.00 
17 3 31 18 10 39 16.13 1 30.49194335 -88.21225738 0.22 271.43 40.90 359.44 8.19 -1.56 -0.01 0.00 0.01 938 0 0 90 90 0.00 
17 3 31 18 10 40 16.23 1 30.49194335 -88.21225738 0.22 271.43 40.90 359.44 8.19 -1.56 0.00 -0.00 -0.00 937 0 0 90 90 0.00 
17 3 31 18 10 40 16.34 1 30.49194335 -88.21225738 0.13 253.75 40.90 359.44 8.19 -1.56 -0.01 0.00 -0.00 937 0 0 90 90 0.00 
17 3 31 18 10 40 16.44 1 30.49194335 -88.21225738 0.13 253.75 40.90 359.44 8.25 -1.56 -0.01 0.00 0.00 935 0 0 90 90 0.00 
17 3 31 18 10 40 16.54 1 30.49194335 -88.21225738 0.13 253.75 40.90 359.44 8.25 -1.56 -0.01 -0.00 0.00 934 0 0 90 90 0.00 
17 3 31 18 10 40 16.64 1 30.49194335 -88.21225738 0.13 253.75 40.90 359.44 8.25 -1.56 -0.01 -0.00 -0.00 933 0 0 90 90 0.00 
17 3 31 18 10 40 16.74 1 30.49194335 -88.21225738 0.13 253.75 40.90 359.44 8.25 -1.56 0.00 -0.01 0.00 932 0 0 90 90 0.00 
17 3 31 18 10 40 16.84 1 30.49194335 -88.21225738 0.13 253.75 40.90 359.44 8.25 -1.56 -0.00 -0.00 0.01 932 0 0 90 90 0.00 
17 3 31 18 10 40 16.94 1 30.49194335 -88.21225738 0.13 253.75 40.90 359.50 8.25 -1.56 0.01 -0.00 -0.02 933 0 0 90 90 0.00 
17 3 31 18 10 40 17.04 1 30.49194335 -88.21225738 0.13 253.75 40.90 359.44 8.25 -1.56 -0.01 -0.00 0.02 935 0 0 90 90 0.00 
17 3 31 18 10 40 17.14 1 30.49194335 -88.21225738 0.13 253.75 40.90 359.44 8.25 -1.56 0.01 0.00 -0.02 937 0 0 90 90 0.00 
17 3 31 18 10 40 17.25 1 30.49194335 -88.21225738 0.13 253.75 40.90 359.50 8.25 -1.63 -0.01 -0.01 0.01 937 0 0 90 90 0.00 
17 3 31 18 10 40 17.35 1 30.49194335 -88.21225738 0.12 225.91 40.90 359.38 8.25 -1.56 0.00 -0.00 0.01 938 0 0 90 90 0.00 
17 3 31 18 10 40 17.45 1 30.49194335 -88.21225738 0.12 225.91 40.90 359.44 8.25 -1.56 0.01 0.00 -0.03 937 0 0 90 90 0.00 
17 3 31 18 10 40 17.55 1 30.49194335 -88.21225738 0.12 225.91 40.90 359.44 8.25 -1.56 -0.00 -0.01 0.03 937 0 0 90 90 0.00 
17 3 31 18 10 40 17.65 1 30.49194335 -88.21225738 0.12 225.91 40.90 359.38 8.25 -1.56 0.02 0.01 -0.02 937 0 0 90 90 0.00 
17 3 31 18 10 40 17.75 1 30.49194335 -88.21225738 0.12 225.91 40.90 359.44 8.25 -1.56 -0.00 -0.01 0.01 938 0 0 90 90 0.00 
17 3 31 18 10 40 17.85 1 30.49194335 -88.21225738 0.12 225.91 40.90 359.38 8.25 -1.56 0.00 0.00 -0.00 938 0 0 90 90 0.00 
17 3 31 18 10 40 17.95 1 30.49194335 -88.21225738 0.12 225.91 40.90 359.44 8.31 -1.56 -0.00 -0.01 -0.01 938 0 0 90 90 0.00 
17 3 31 18 10 40 18.05 1 30.49194335 -88.21225738 0.12 225.91 40.90 359.38 8.25 -1.56 -0.00 0.00 0.02 937 0 0 90 90 0.00 
17 3 31 18 10 40 18.15 1 30.49194335 -88.21225738 0.12 225.91 40.90 359.38 8.25 -1.63 0.03 0.00 -0.02 940 0 0 90 90 0.00 
17 3 31 18 10 42 18.26 1 30.49194335 -88.21225738 0.12 256.88 41.00 359.44 8.25 -1.63 -0.00 0.00 0.02 941 0 0 90 90 0.00 
17 3 31 18 10 42 18.36 1 30.49194335 -88.21225738 0.12 256.88 41.00 359.31 8.25 -1.56 0.01 0.01 0.01 941 0 0 90 90 0.00 
17 3 31 18 10 42 18.46 1 30.49194335 -88.21225738 0.12 256.88 41.00 359.38 8.31 -1.56 0.02 -0.00 -0.02 939 0 0 90 90 0.00 
17 3 31 18 10 42 18.56 1 30.49194335 -88.21225738 0.12 256.88 41.00 359.38 8.31 -1.56 -0.00 0.00 0.03 937 0 0 90 90 0.00 
17 3 31 18 10 42 18.66 1 30.49194335 -88.21225738 0.12 256.88 41.00 359.25 8.31 -1.56 0.01 -0.01 -0.01 936 0 0 90 90 0.00 
17 3 31 18 10 42 18.76 1 30.49194335 -88.21225738 0.12 256.88 41.00 359.38 8.31 -1.56 0.01 -0.00 0.01 936 0 0 90 90 0.00 
17 3 31 18 10 42 18.86 1 30.49194335 -88.21225738 0.12 256.88 41.00 359.31 8.31 -1.56 0.01 0.01 0.00 936 0 0 90 90 0.00 
17 3 31 18 10 42 18.98 1 30.49194335 -88.21225738 0.12 256.88 41.00 359.31 8.31 -1.56 0.00 0.00 -0.01 944 0 0 90 90 0.00 
17 3 31 18 10 42 19.09 1 30.49194335 -88.21225738 0.12 256.88 41.00 359.25 8.31 -1.56 -0.00 0.00 0.02 941 0 0 90 90 0.00 
17 3 31 18 10 42 19.21 1 30.49194335 -88.21225738 0.12 256.88 41.00 359.25 8.31 -1.56 -0.00 -0.00 -0.01 940 0 0 90 90 0.00 
17 3 31 18 10 42 19.38 1 30.49194335 -88.21225738 0.12 256.88 41.00 359.25 8.31 -1.56 0.00 0.00 -0.00 944 0 0 90 90 0.00 
17 3 31 18 10 42 19.48 1 30.49194335 -88.21225738 0.12 256.88 41.00 359.25 8.31 -1.56 -0.00 -0.00 0.00 938 0 0 90 90 0.00 
17 3 31 18 10 42 19.58 1 30.49194335 -88.21225738 0.12 256.88 41.00 359.25 8.31 -1.56 -0.00 -0.00 -0.01 938 0 0 90 90 0.00 
17 3 31 18 10 42 19.68 1 30.49194335 -88.21225738 0.12 256.88 41.00 359.25 8.31 -1.56 0.00 0.00 0.00 938 0 0 90 90 0.00 
17 3 31 18 10 42 19.78 1 30.49194335 -88.21225738 0.12 256.88 41.00 359.19 8.31 -1.56 0.01 0.00 0.01 938 0 0 90 90 0.00 
17 3 31 18 10 42 19.88 1 30.49194335 -88.21225738 0.12 256.88 41.00 359.19 8.31 -1.56 -0.00 -0.01 -0.01 938 0 0 90 90 0.00 
17 3 31 18 10 42 19.98 1 30.49194335 -88.21225738 0.12 256.88 41.00 359.19 8.31 -1.56 -0.01 0.00 0.01 938 0 0 90 90 0.00 
17 3 31 18 10 42 20.08 1 30.49194335 -88.21225738 0.12 256.88 41.00 359.13 8.31 -1.56 -0.00 -0.01 -0.01 939 0 0 90 90 0.00 
17 3 31 18 10 43 20.19 1 30.49194335 -88.21225738 0.12 256.88 41.00 359.13 8.31 -1.50 -0.01 0.00 0.01 939 0 0 90 90 0.00 
17 3 31 18 10 44 20.29 1 30.49194335 -88.21225738 0.18 242.80 41.00 359.13 8.31 -1.50 0.00 0.01 -0.00 939 0 0 90 90 0.00 
17 3 31 18 10 44 20.39 1 30.49194335 -88.21225738 0.18 242.80 41.00 359.13 8.31 -1.50 -0.00 -0.00 -0.00 938 0 0 90 90 0.00 
17 3 31 18 10 44 20.49 1 30.49194335 -88.21225738 0.18 242.80 41.00 359.13 8.31 -1.50 0.00 0.00 0.01 936 0 0 90 90 0.00 
17 3 31 18 10 44 20.59 1 30.49194335 -88.21225738 0.18 242.80 41.00 359.06 8.31 -1.50 0.00 0.00 -0.01 936 0 0 90 90 0.00 
17 3 31 18 10 44 20.69 1 30.49194335 -88.21225738 0.18 242.80 41.00 359.06 8.31 -1.50 0.00 0.00 0.00 936 0 0 90 90 0.00 
17 3 31 18 10 44 20.79 1 30.49194335 -88.21225738 0.18 242.80 41.00 359.06 8.31 -1.50 -0.01 -0.01 0.01 935 0 0 90 90 0.00 
17 3 31 18 10 44 20.89 1 30.49194335 -88.21225738 0.18 242.80 41.00 359.06 8.31 -1.50 -0.01 -0.01 -0.01 935 0 0 90 90 0.00 
17 3 31 18 10 44 20.99 1 30.49194335 -88.21225738 0.18 242.80 41.00 359.06 8.31 -1.50 -0.00 -0.00 0.01 935 0 0 90 90 0.00 
17 3 31 18 10 44 21.09 1 30.49194335 -88.21225738 0.18 242.80 41.00 359.06 8.31 -1.50 -0.00 -0.00 0.01 935 0 0 90 90 0.00 
17 3 31 18 10 44 21.20 1 30.49194335 -88.21225738 0.18 242.80 41.00 359.06 8.31 -1.50 0.00 -0.00 -0.01 935 0 0 90 90 0.00 
17 3 31 18 10 44 21.30 1 30.49194335 -88.21225738 0.19 220.34 41.00 359.06 8.31 -1.50 -0.00 0.00 0.01 936 0 0 90 90 0.00 
17 3 31 18 10 44 21.40 1 30.49194335 -88.21225738 0.19 220.34 41.00 359.06 8.31 -1.50 0.00 -0.01 -0.01 937 0 0 90 90 0.00 
17 3 31 18 10 44 21.50 1 30.49194335 -88.21225738 0.19 220.34 41.00 359.06 8.31 -1.50 -0.00 0.01 -0.00 937 0 0 90 90 0.00 
17 3 31 18 10 44 21.60 1 30.49194335 -88.21225738 0.19 220.34 41.00 359.06 8.31 -1.56 0.00 -0.00 0.01 938 0 0 90 90 0.00 
17 3 31 18 10 44 21.70 1 30.49194335 -88.21225738 0.19 220.34 41.00 359.06 8.31 -1.56 -0.00 0.00 -0.00 937 0 0 90 90 0.00 
17 3 31 18 10 44 21.80 1 30.49194335 -88.21225738 0.19 220.34 41.00 359.06 8.31 -1.56 -0.00 0.00 0.01 936 0 0 90 90 0.00 
17 3 31 18 10 44 21.90 1 30.49194335 -88.21225738 0.19 220.34 41.00 359.06 8.31 -1.56 -0.01 -0.01 0.01 937 0 0 90 90 0.00 
17 3 31 18 10 44 22.00 1 30.49194335 -88.21225738 0.19 220.34 41.00 359.00 8.31 -1.56 0.00 -0.00 -0.01 935 0 0 90 90 0.00 
17 3 31 18 10 44 22.11 1 30.49194335 -88.21225738 0.19 220.34 41.00 359.00 8.25 -1.56 0.00 0.00 0.00 935 0 0 90 90 0.00 
17 3 31 18 10 46 22.21 1 30.49194335 -88.21225738 0.19 220.34 40.90 359.00 8.31 -1.56 0.01 0.01 -0.00 935 0 0 90 90 0.00 
17 3 31 18 10 46 22.31 1 30.49194335 -88.21225738 0.12 221.15 40.90 359.00 8.25 -1.56 0.01 0.01 0.00 936 0 0 90 90 0.00 
17 3 31 18 10 46 22.41 1 30.49194335 -88.21225738 0.12 221.15 40.90 359.00 8.25 -1.63 -0.00 -0.00 0.00 936 0 0 90 90 0.00 
17 3 31 18 10 46 22.51 1 30.49194335 -88.21225738 0.12 221.15 40.90 359.00 8.25 -1.63 0.00 0.00 0.00 937 0 0 90 90 0.00 
17 3 31 18 10 46 22.61 1 30.49194335 -88.21225738 0.12 221.15 40.90 359.00 8.25 -1.63 0.01 -0.00 0.00 937 0 0 90 90 0.00 
17 3 31 18 10 46 22.71 1 30.49194335 -88.21225738 0.12 221.15 40.90 359.00 8.25 -1.63 0.01 0.00 0.00 937 0 0 90 90 0.00 
17 3 31 18 10 46 22.81 1 30.49194335 -88.21225738 0.12 221.15 40.90 359.00 8.25 -1.63 0.01 -0.00 0.01 936 0 0 90 90 0.00 
17 3 31 18 10 46 22.91 1 30.49194335 -88.21225738 0.12 221.15 40.90 359.00 8.25 -1.63 0.00 -0.00 0.00 936 0 0 90 90 0.00 
17 3 31 18 10 46 23.01 1 30.49194335 -88.21225738 0.12 221.15 40.90 359.00 8.31 -1.63 0.00 -0.00 0.00 935 0 0 90 90 0.00 
17 3 31 18 10 46 23.12 1 30.49194335 -88.21225738 0.12 221.15 40.90 359.00 8.31 -1.63 0.00 -0.00 -0.00 936 0 0 90 90 0.00 
17 3 31 18 10 47 23.22 1 30.49194335 -88.21225738 0.12 221.15 40.90 359.00 8.31 -1.63 -0.00 0.00 0.00 935 0 0 90 90 0.00 
17 3 31 18 10 47 23.32 1 30.49194335 -88.21225738 0.07 310.47 40.90 359.00 8.31 -1.63 0.00 0.00 -0.00 935 0 0 90 90 0.00 
17 3 31 18 10 47 23.42 1 30.49194335 -88.21225738 0.07 310.47 40.90 359.00 8.31 -1.63 0.00 -0.00 -0.00 936 0 0 90 90 0.00 
17 3 31 18 10 47 23.52 1 30.49194335 -88.21225738 0.07 310.47 40.90 359.00 8.31 -1.63 0.00 0.00 0.00 937 0 0 90 90 0.00 
17 3 31 18 10 47 23.62 1 30.49194335 -88.21225738 0.07 310.47 40.90 359.00 8.31 -1.63 0.00 -0.00 0.00 938 0 0 90 90 0.00 
17 3 31 18 10 47 23.72 1 30.49194335 -88.21225738 0.07 310.47 40.90 359.00 8.31 -1.63 0.00 -0.00 0.00 937 0 0 90 90 0.00 
17 3 31 18 10 47 23.82 1 30.49194335 -88.21225738 0.07 310.47 40.90 359.00 8.31 -1.63 -0.00 0.00 0.00 937 0 0 90 90 0.00 
17 3 31 18 10 47 23.92 1 30.49194335 -88.21225738 0.07 310.47 40.90 359.00 8.31 -1.63 -0.00 0.00 -0.00 935 0 0 90 90 0.00 
17 3 31 18 10 47 24.03 1 30.49194335 -88.21225738 0.07 310.47 40.90 359.00 8.31 -1.63 -0.00 0.00 -0.00 935 0 0 90 90 0.00 
17 3 31 18 10 47 24.13 1 30.49194335 -88.21225738 0.07 310.47 40.90 359.00 8.31 -1.63 -0.01 0.00 0.00 935 0 0 90 90 0.00 
17 3 31 18 10 48 24.23 1 30.49194335 -88.21225738 0.07 310.47 40.90 359.00 8.31 -1.63 -0.00 -0.00 0.00 936 0 0 90 90 0.00 
17 3 31 18 10 48 24.33 1 30.49194335 -88.21225738 0.06 306.73 40.90 359.00 8.31 -1.63 0.00 -0.01 -0.00 936 0 0 90 90 0.00 
17 3 31 18 10 48 24.43 1 30.49194335 -88.21225738 0.06 306.73 40.90 359.00 8.31 -1.63 -0.00 -0.00 -0.00 936 0 0 90 90 0.00 
17 3 31 18 10 48 24.53 1 30.49194335 -88.21225738 0.06 306.73 40.90 359.00 8.31 -1.63 -0.01 -0.01 0.00 941 0 0 90 90 0.00 
17 3 31 18 10 48 24.63 1 30.49194335 -88.21225738 0.06 306.73 40.90 359.00 8.31 -1.63 0.00 0.00 -0.00 940 0 0 90 90 0.00 
17 3 31 18 10 48 24.73 1 30.49194335 -88.21225738 0.06 306.73 40.90 359.00 8.31 -1.63 0.00 -0.00 0.00 940 0 0 90 90 0.00 
17 3 31 18 10 48 24.83 1 30.49194335 -88.21225738 0.06 306.73 40.90 359.00 8.31 -1.63 0.00 0.01 0.00 939 0 0 90 90 0.00 
17 3 31 18 10 48 24.93 1 30.49194335 -88.21225738 0.06 306.73 40.90 359.00 8.31 -1.63 0.00 0.00 -0.01 938 0 0 90 90 0.00 
17 3 31 18 10 48 25.04 1 30.49194335 -88.21225738 0.06 306.73 40.90 359.00 8.31 -1.63 0.00 -0.00 0.00 937 0 0 90 90 0.00 
17 3 31 18 10 48 25.14 1 30.49194335 -88.21225738 0.06 306.73 40.90 359.00 8.31 -1.63 0.00 -0.00 -0.01 938 0 0 90 90 0.00 
17 3 31 18 10 48 25.24 1 30.49194335 -88.21225738 0.15 241.80 40.90 359.00 8.31 -1.63 -0.00 -0.01 0.00 939 0 0 90 90 0.00 
17 3 31 18 10 48 25.34 1 30.49194335 -88.21225738 0.15 241.80 40.90 359.00 8.31 -1.63 0.00 -0.00 -0.00 939 0 0 90 90 0.00 
17 3 31 18 10 48 25.44 1 30.49194335 -88.21225738 0.15 241.80 40.90 359.00 8.31 -1.63 0.01 0.00 -0.00 940 0 0 90 90 0.00 
17 3 31 18 10 48 25.54 1 30.49194335 -88.21225738 0.15 241.80 40.90 359.00 8.31 -1.63 0.00 -0.00 0.01 939 0 0 90 90 0.00 
17 3 31 18 10 48 25.64 1 30.49194335 -88.21225738 0.15 241.80 40.90 359.00 8.31 -1.63 0.00 -0.00 -0.00 939 0 0 90 90 0.00 
17 3 31 18 10 48 25.74 1 30.49194335 -88.21225738 0.15 241.80 40.90 359.00 8.31 -1.63 0.00 0.00 0.00 936 0 0 90 90 0.00 
17 3 31 18 10 48 25.84 1 30.49194335 -88.21225738 0.15 241.80 40.90 359.00 8.31 -1.63 -0.00 -0.00 0.00 936 0 0 90 90 0.00 
17 3 31 18 10 48 25.95 1 30.49194335 -88.21225738 0.15 241.80 40.90 359.00 8.31 -1.63 0.00 0.00 -0.00 936 0 0 90 90 0.00 
17 3 31 18 10 48 26.05 1 30.49194335 -88.21225738 0.15 241.80 40.90 359.00 8.31 -1.63 0.00 -0.01 0.00 933 0 0 90 90 0.00 
17 3 31 18 10 48 26.15 1 30.49194335 -88.21225738 0.15 241.80 40.90 359.00 8.31 -1.63 0.01 0.00 -0.00 934 0 0 90 90 0.00 
17 3 31 18 10 50 26.25 1 30.49194335 -88.21225738 0.07 218.61 40.90 359.00 8.31 -1.63 0.01 0.00 0.01 935 0 0 90 90 0.00 
17 3 31 18 10 50 26.35 1 30.49194335 -88.21225738 0.07 218.61 40.90 359.00 8.31 -1.63 0.01 0.00 -0.00 935 0 0 90 90 0.00 
17 3 31 18 10 50 26.45 1 30.49194335 -88.21225738 0.07 218.61 40.90 359.00 8.31 -1.63 0.00 0.00 0.00 935 0 0 90 90 0.00 
17 3 31 18 10 50 26.55 1 30.49194335 -88.21225738 0.07 218.61 40.90 359.00 8.31 -1.63 0.00 -0.00 -0.00 936 0 0 90 90 0.00 
17 3 31 18 10 50 26.65 1 30.49194335 -88.21225738 0.07 218.61 40.90 359.00 8.31 -1.63 0.00 0.00 -0.00 937 0 0 90 90 0.00 
17 3 31 18 10 50 26.75 1 30.49194335 -88.21225738 0.07 218.61 40.90 359.00 8.31 -1.63 0.00 -0.00 0.00 937 0 0 90 90 0.00 
17 3 31 18 10 50 26.85 1 30.49194335 -88.21225738 0.07 218.61 40.90 359.00 8.31 -1.63 -0.01 -0.00 -0.00 937 0 0 90 90 0.00 
17 3 31 18 10 50 26.96 1 30.49194335 -88.21225738 0.07 218.61 40.90 359.00 8.31 -1.63 -0.00 0.00 -0.01 938 0 0 90 90 0.00 
17 3 31 18 10 50 27.06 1 30.49194335 -88.21225738 0.07 218.61 40.90 359.00 8.31 -1.63 -0.00 -0.00 -0.00 937 0 0 90 90 0.00 
17 3 31 18 10 51 27.16 1 30.49194335 -88.21225738 0.07 218.61 40.90 359.00 8.31 -1.63 0.00 0.01 -0.01 936 0 0 90 90 0.00 
17 3 31 18 10 51 27.26 1 30.49194335 -88.21225738 0.14 213.66 40.90 359.00 8.31 -1.63 0.00 0.01 0.00 936 0 0 90 90 0.00 
17 3 31 18 10 51 27.36 1 30.49194335 -88.21225738 0.14 213.66 40.90 359.00 8.31 -1.63 -0.00 0.00 -0.00 936 0 0 90 90 0.00 
17 3 31 18 10 51 27.46 1 30.49194335 -88.21225738 0.14 213.66 40.90 359.00 8.31 -1.63 -0.00 0.00 0.01 935 0 0 90 90 0.00 
17 3 31 18 10 51 27.56 1 30.49194335 -88.21225738 0.14 213.66 40.90 359.00 8.31 -1.63 0.00 -0.00 -0.00 935 0 0 90 90 0.00 
17 3 31 18 10 51 27.66 1 30.49194335 -88.21225738 0.14 213.66 40.90 359.06 8.31 -1.63 0.01 0.00 0.00 935 0 0 90 90 0.00 
17 3 31 18 10 51 27.76 1 30.49194335 -88.21225738 0.14 213.66 40.90 359.06 8.31 -1.56 -0.00 -0.00 0.01 937 0 0 90 90 0.00 
17 3 31 18 10 51 27.87 1 30.49194335 -88.21225738 0.14 213.66 40.90 359.06 8.31 -1.56 0.00 -0.00 -0.00 937 0 0 90 90 0.00 
17 3 31 18 10 51 27.97 1 30.49194335 -88.21225738 0.14 213.66 40.90 359.06 8.31 -1.56 -0.01 0.00 0.00 937 0 0 90 90 0.00 
17 3 31 18 10 51 28.07 1 30.49194335 -88.21225738 0.14 213.66 40.90 359.06 8.31 -1.56 0.00 -0.00 0.00 936 0 0 90 90 0.00 
17 3 31 18 10 52 28.17 1 30.49194335 -88.21225738 0.14 213.66 40.90 359.06 8.31 -1.56 0.00 -0.00 -0.01 937 0 0 90 90 0.00 
17 3 31 18 10 52 28.27 1 30.49194335 -88.21225738 0.06 232.42 40.90 359.00 8.31 -1.56 0.00 0.00 0.01 937 0 0 90 90 0.00 
17 3 31 18 10 52 28.37 1 30.49194335 -88.21225738 0.06 232.42 40.90 359.00 8.31 -1.56 0.00 0.00 -0.00 936 0 0 90 90 0.00 
17 3 31 18 10 52 28.47 1 30.49194335 -88.21225738 0.06 232.42 40.90 359.00 8.31 -1.56 0.00 0.00 0.00 936 0 0 90 90 0.00 
17 3 31 18 10 52 28.57 1 30.49194335 -88.21225738 0.06 232.42 40.90 359.00 8.31 -1.56 -0.00 0.00 0.00 936 0 0 90 90 0.00 
17 3 31 18 10 52 28.67 1 30.49194335 -88.21225738 0.06 232.42 40.90 359.00 8.31 -1.56 0.01 -0.00 -0.00 935 0 0 90 90 0.00 
17 3 31 18 10 52 28.77 1 30.49194335 -88.21225738 0.06 232.42 40.90 359.06 8.31 -1.56 -0.00 0.00 0.00 937 0 0 90 90 0.00 
17 3 31 18 10 52 28.88 1 30.49194335 -88.21225738 0.06 232.42 40.90 359.06 8.31 -1.56 0.01 -0.00 -0.01 938 0 0 90 90 0.00 
17 3 31 18 10 52 28.98 1 30.49194335 -88.21225738 0.06 232.42 40.90 359.06 8.31 -1.56 -0.00 -0.00 0.01 937 0 0 90 90 0.00 
17 3 31 18 10 52 29.08 1 30.49194335 -88.21225738 0.06 232.42 40.90 359.06 8.31 -1.56 -0.00 -0.01 -0.00 937 0 0 90 90 0.00 
17 3 31 18 10 52 29.18 1 30.49194335 -88.21225738 0.06 232.42 40.90 359.06 8.31 -1.56 0.01 -0.01 -0.00 936 0 0 90 90 0.00 
17 3 31 18 10 52 29.28 1 30.49194335 -88.21225738 0.05 251.26 40.90 359.06 8.31 -1.56 -0.00 0.00 0.01 937 0 0 90 90 0.00 
17 3 31 18 10 52 29.38 1 30.49194335 -88.21225738 0.05 251.26 40.90 359.06 8.31 -1.56 0.01 -0.00 -0.00 935 0 0 90 90 0.00 
17 3 31 18 10 52 29.48 1 30.49194335 -88.21225738 0.05 251.26 40.90 359.06 8.31 -1.56 0.00 0.00 0.01 936 0 0 90 90 0.00 
17 3 31 18 10 52 29.58 1 30.49194335 -88.21225738 0.05 251.26 40.90 359.06 8.31 -1.56 0.00 0.00 -0.00 936 0 0 90 90 0.00 
17 3 31 18 10 52 29.68 1 30.49194335 -88.21225738 0.05 251.26 40.90 359.06 8.31 -1.56 -0.00 0.00 -0.00 936 0 0 90 90 0.00 
17 3 31 18 10 52 29.79 1 30.49194335 -88.21225738 0.05 251.26 40.90 359.00 8.31 -1.56 -0.01 0.00 0.01 936 0 0 90 90 0.00 
17 3 31 18 10 52 29.89 1 30.49194335 -88.21225738 0.05 251.26 40.90 359.00 8.31 -1.56 0.00 -0.00 -0.01 937 0 0 90 90 0.00 
17 3 31 18 10 52 29.99 1 30.49194335 -88.21225738 0.05 251.26 40.90 359.00 8.31 -1.63 -0.00 -0.00 -0.00 940 0 0 90 90 0.00 
17 3 31 18 10 52 30.09 1 30.49194335 -88.21225738 0.05 251.26 40.90 359.00 8.31 -1.63 0.00 -0.01 0.00 939 0 0 90 90 0.00 
17 3 31 18 10 54 30.19 1 30.49194335 -88.21225738 0.05 251.26 40.90 359.00 8.31 -1.63 0.01 0.00 -0.01 938 0 0 90 90 0.00 
17 3 31 18 10 54 30.29 1 30.49194335 -88.21225738 0.04 283.43 40.90 359.00 8.31 -1.63 0.00 -0.01 0.00 938 0 0 90 90 0.00 
17 3 31 18 10 54 30.39 1 30.49194335 -88.21225738 0.04 283.43 40.90 359.00 8.31 -1.63 0.00 0.01 0.00 938 0 0 90 90 0.00 
17 3 31 18 10 54 30.49 1 30.49194335 -88.21225738 0.04 283.43 40.90 359.00 8.31 -1.63 0.00 0.00 -0.00 938 0 0 90 90 0.00 
17 3 31 18 10 54 30.59 1 30.49194335 -88.21225738 0.04 283.43 40.90 359.00 8.31 -1.63 0.00 0.01 0.01 940 0 0 90 90 0.00 
17 3 31 18 10 54 30.69 1 30.49194335 -88.21225738 0.04 283.43 40.90 359.00 8.31 -1.63 0.01 0.00 -0.01 939 0 0 90 90 0.00 
17 3 31 18 10 54 30.80 1 30.49194335 -88.21225738 0.04 283.43 40.90 359.00 8.31 -1.63 0.00 0.00 0.01 939 0 0 90 90 0.00 
17 3 31 18 10 54 30.90 1 30.49194335 -88.21225738 0.04 283.43 40.90 359.00 8.31 -1.63 0.00 -0.00 0.00 939 0 0 90 90 0.00 
17 3 31 18 10 54 31.00 1 30.49194335 -88.21225738 0.04 283.43 40.90 359.00 8.31 -1.63 0.00 -0.00 0.00 937 0 0 90 90 0.00 
17 3 31 18 10 54 31.10 1 30.49194335 -88.21225738 0.04 283.43 40.90 359.00 8.31 -1.63 0.00 0.00 -0.00 926 0 0 90 90 0.00 
17 3 31 18 10 55 31.20 1 30.49194335 -88.21225738 0.04 283.43 40.90 359.00 8.31 -1.63 0.00 -0.00 -0.01 926 0 0 90 90 0.00 
17 3 31 18 10 55 31.30 1 30.49194335 -88.21225738 0.06 287.68 40.90 359.00 8.31 -1.56 -0.00 0.01 0.02 934 0 0 90 90 0.00 
17 3 31 18 10 55 31.40 1 30.49194335 -88.21225738 0.06 287.68 40.90 359.00 8.25 -1.56 0.02 0.01 -0.02 935 0 0 90 90 0.00 
17 3 31 18 10 55 31.50 1 30.49194335 -88.21225738 0.06 287.68 40.90 359.06 8.25 -1.63 0.01 0.00 0.00 935 0 0 90 90 0.00 
17 3 31 18 10 55 31.60 1 30.49194335 -88.21225738 0.06 287.68 40.90 359.00 8.25 -1.56 -0.02 0.00 0.01 934 0 0 90 90 0.00 
17 3 31 18 10 55 31.71 1 30.49194335 -88.21225738 0.06 287.68 40.90 359.00 8.25 -1.63 -0.01 0.01 0.01 935 0 0 90 90 0.00 
17 3 31 18 10 55 31.81 1 30.49194335 -88.21225738 0.06 287.68 40.90 358.94 8.25 -1.56 0.02 0.01 0.01 936 0 0 90 90 0.00 
17 3 31 18 10 55 31.91 1 30.49194335 -88.21225738 0.06 287.68 40.90 358.94 8.25 -1.56 0.01 0.01 -0.00 936 0 0 90 90 0.00 
17 3 31 18 10 55 32.01 1 30.49194335 -88.21225738 0.06 287.68 40.90 358.88 8.25 -1.56 0.01 0.02 0.01 936 0 0 90 90 0.00 
17 3 31 18 10 55 32.11 1 30.49194335 -88.21225738 0.06 287.68 40.90 358.94 8.25 -1.56 -0.00 0.00 -0.02 937 0 0 90 90 0.00 
17 3 31 18 10 56 32.21 1 30.49194335 -88.21225738 0.06 287.68 40.90 358.88 8.25 -1.56 -0.02 -0.01 0.02 939 0 0 90 90 0.00 
17 3 31 18 10 56 32.31 1 30.49194335 -88.21225738 0.10 254.80 40.90 358.88 8.25 -1.56 -0.01 0.02 -0.01 938 0 0 90 90 0.00 
17 3 31 18 10 56 32.41 1 30.49194335 -88.21225738 0.10 254.80 40.90 358.88 8.31 -1.50 -0.01 -0.00 0.01 938 0 0 90 90 0.00 
17 3 31 18 10 56 32.51 1 30.49194335 -88.21225738 0.10 254.80 40.90 358.81 8.25 -1.50 -0.01 -0.02 -0.01 940 0 0 90 90 0.00 
17 3 31 18 10 56 32.63 1 30.49194335 -88.21225738 0.10 254.80 40.90 358.88 8.25 -1.56 0.01 -0.04 0.01 941 0 0 90 90 0.00 
17 3 31 18 10 56 32.74 1 30.49194335 -88.21225738 0.10 254.80 40.90 358.88 8.25 -1.50 0.03 0.01 -0.02 946 0 0 90 90 0.00 
17 3 31 18 10 56 32.86 1 30.49194335 -88.21225738 0.10 254.80 40.90 358.94 8.25 -1.56 0.00 -0.01 0.00 940 0 0 90 90 0.00 
17 3 31 18 10 56 33.03 1 30.49194335 -88.21225738 0.10 254.80 40.90 358.94 8.19 -1.56 0.01 0.00 -0.03 941 0 0 90 90 0.00 
17 3 31 18 10 56 33.13 1 30.49194335 -88.21225738 0.10 254.80 40.90 358.94 8.19 -1.63 -0.01 0.00 0.03 936 0 0 90 90 0.00 
17 3 31 18 10 56 33.23 1 30.49194335 -88.21227264 0.15 261.55 40.90 358.94 8.19 -1.63 0.01 -0.00 -0.04 936 0 0 90 90 0.00 
17 3 31 18 10 56 33.33 1 30.49194335 -88.21227264 0.15 261.55 40.90 359.06 8.19 -1.69 0.00 -0.01 0.01 936 0 0 90 90 0.00 
17 3 31 18 10 56 33.43 1 30.49194335 -88.21227264 0.15 261.55 40.90 358.94 8.19 -1.63 0.00 0.00 0.01 936 0 0 90 90 0.00 
17 3 31 18 10 56 33.53 1 30.49194335 -88.21227264 0.15 261.55 40.90 359.00 8.19 -1.69 0.01 0.01 -0.01 936 0 0 90 90 0.00 
17 3 31 18 10 56 33.63 1 30.49194335 -88.21227264 0.15 261.55 40.90 359.00 8.19 -1.69 -0.02 0.01 0.01 936 0 0 90 90 0.00 
17 3 31 18 10 56 33.73 1 30.49194335 -88.21227264 0.15 261.55 40.90 359.00 8.13 -1.69 -0.03 0.00 -0.01 935 0 0 90 90 0.00 
17 3 31 18 10 56 33.83 1 30.49194335 -88.21227264 0.15 261.55 40.90 359.00 8.19 -1.69 -0.02 0.01 0.00 936 0 0 90 90 0.00 
17 3 31 18 10 56 33.93 1 30.49194335 -88.21227264 0.15 261.55 40.90 359.06 8.13 -1.69 -0.01 -0.00 -0.01 935 0 0 90 90 0.00 
17 3 31 18 10 56 34.03 1 30.49194335 -88.21227264 0.15 261.55 40.90 359.00 8.19 -1.69 0.00 0.00 0.01 937 0 0 90 90 0.00 
17 3 31 18 10 56 34.13 1 30.49194335 -88.21227264 0.15 261.55 40.90 359.00 8.13 -1.69 -0.00 -0.00 -0.01 938 0 0 90 90 0.00 
17 3 31 18 10 58 34.23 1 30.49194335 -88.21227264 0.14 284.37 40.80 359.06 8.19 -1.75 -0.01 0.00 -0.01 938 0 0 90 90 0.00 
17 3 31 18 10 58 34.34 1 30.49194335 -88.21227264 0.14 284.37 40.80 359.06 8.13 -1.75 -0.02 -0.01 0.01 939 0 0 90 90 0.00 
17 3 31 18 10 58 34.44 1 30.49194335 -88.21227264 0.14 284.37 40.80 359.00 8.13 -1.75 -0.00 0.00 -0.00 936 0 0 90 90 0.00 
17 3 31 18 10 58 34.54 1 30.49194335 -88.21227264 0.14 284.37 40.80 359.06 8.13 -1.75 -0.01 0.00 0.01 937 0 0 90 90 0.00 
17 3 31 18 10 58 34.64 1 30.49194335 -88.21227264 0.14 284.37 40.80 358.94 8.13 -1.69 -0.00 0.01 0.01 937 0 0 90 90 0.00 
17 3 31 18 10 58 34.74 1 30.49194335 -88.21227264 0.14 284.37 40.80 359.13 8.19 -1.75 -0.00 0.00 -0.03 938 0 0 90 90 0.00 
17 3 31 18 10 58 34.84 1 30.49194335 -88.21227264 0.14 284.37 40.80 359.00 8.13 -1.69 -0.02 -0.00 0.05 937 0 0 90 90 0.00 
17 3 31 18 10 58 34.94 1 30.49194335 -88.21227264 0.14 284.37 40.80 358.94 8.13 -1.69 0.01 0.01 -0.03 936 0 0 90 90 0.00 
17 3 31 18 10 58 35.04 1 30.49194335 -88.21227264 0.14 284.37 40.80 359.06 8.13 -1.75 -0.01 -0.00 0.00 935 0 0 90 90 0.00 
17 3 31 18 10 59 35.14 1 30.49194335 -88.21227264 0.14 284.37 40.90 359.00 8.19 -1.69 -0.00 -0.01 -0.01 937 0 0 90 90 0.00 
17 3 31 18 10 59 35.24 1 30.49194335 -88.21227264 0.07 272.45 40.90 359.13 8.13 -1.81 0.01 -0.01 -0.02 934 0 0 90 90 0.00 
17 3 31 18 10 59 35.34 1 30.49194335 -88.21227264 0.07 272.45 40.90 359.06 8.13 -1.75 -0.01 0.02 0.02 936 0 0 90 90 0.00 
17 3 31 18 10 59 35.44 1 30.49194335 -88.21227264 0.07 272.45 40.90 359.13 8.13 -1.75 0.01 -0.01 -0.02 936 0 0 90 90 0.00 
17 3 31 18 10 59 35.54 1 30.49194335 -88.21227264 0.07 272.45 40.90 359.06 8.13 -1.75 -0.02 -0.00 0.03 936 0 0 90 90 0.00 
17 3 31 18 10 59 35.64 1 30.49194335 -88.21227264 0.07 272.45 40.90 359.06 8.13 -1.75 0.03 0.00 -0.03 935 0 0 90 90 0.00 
17 3 31 18 10 59 35.74 1 30.49194335 -88.21227264 0.07 272.45 40.90 359.19 8.13 -1.81 0.01 0.01 0.01 936 0 0 90 90 0.00 
17 3 31 18 10 59 35.84 1 30.49194335 -88.21227264 0.07 272.45 40.90 359.06 8.13 -1.75 0.00 0.01 0.02 935 0 0 90 90 0.00 
17 3 31 18 10 59 35.95 1 30.49194335 -88.21227264 0.07 272.45 40.90 359.06 8.13 -1.81 0.01 0.00 -0.01 937 0 0 90 90 0.00 
17 3 31 18 10 59 36.05 1 30.49194335 -88.21227264 0.07 272.45 40.90 359.00 8.13 -1.75 -0.01 0.00 0.03 939 0 0 90 90 0.00 
17 3 31 18 11 0 36.15 1 30.49194335 -88.21227264 0.07 272.45 40.90 359.00 8.13 -1.75 0.01 -0.00 -0.04 938 0 0 90 90 0.00 
17 3 31 18 11 0 36.25 1 30.49194335 -88.21227264 0.03 314.32 40.90 359.13 8.13 -1.81 -0.02 0.00 0.03 940 0 0 90 90 0.00 
17 3 31 18 11 0 36.35 1 30.49194335 -88.21227264 0.03 314.32 40.90 358.94 8.13 -1.75 -0.00 -0.03 -0.00 936 0 0 90 90 0.00 
17 3 31 18 11 0 36.45 1 30.49194335 -88.21227264 0.03 314.32 40.90 359.13 8.13 -1.81 -0.01 -0.01 -0.02 936 0 0 90 90 0.00 
17 3 31 18 11 0 36.55 1 30.49194335 -88.21227264 0.03 314.32 40.90 359.06 8.13 -1.81 -0.01 0.00 0.03 935 0 0 90 90 0.00 
17 3 31 18 11 0 36.65 1 30.49194335 -88.21227264 0.03 314.32 40.90 359.06 8.13 -1.81 0.02 0.03 -0.03 937 0 0 90 90 0.00 
17 3 31 18 11 0 36.75 1 30.49194335 -88.21227264 0.03 314.32 40.90 359.13 8.19 -1.88 -0.01 0.01 0.00 939 0 0 90 90 0.00 
17 3 31 18 11 0 36.85 1 30.49194335 -88.21227264 0.03 314.32 40.90 359.06 8.13 -1.81 -0.00 -0.01 0.02 940 0 0 90 90 0.00 
17 3 31 18 11 0 36.95 1 30.49194335 -88.21227264 0.03 314.32 40.90 359.06 8.13 -1.81 -0.01 0.00 -0.00 940 0 0 90 90 0.00 
17 3 31 18 11 0 37.05 1 30.49194335 -88.21227264 0.03 314.32 40.90 359.06 8.13 -1.75 -0.01 0.02 0.01 939 0 0 90 90 0.00 
17 3 31 18 11 0 37.15 1 30.49194335 -88.21227264 0.03 314.32 40.90 359.06 8.06 -1.75 -0.02 -0.00 -0.00 938 0 0 90 90 0.00 
17 3 31 18 11 0 37.25 1 30.49194335 -88.21227264 0.05 67.76 40.90 359.06 8.06 -1.75 0.00 -0.01 0.01 938 0 0 90 90 0.00 
17 3 31 18 11 0 37.36 1 30.49194335 -88.21227264 0.05 67.76 40.90 359.00 8.06 -1.81 -0.02 -0.01 -0.01 938 0 0 90 90 0.00 
17 3 31 18 11 0 37.46 1 30.49194335 -88.21227264 0.05 67.76 40.90 359.13 8.06 -1.88 -0.01 0.00 -0.01 938 0 0 90 90 0.00 
17 3 31 18 11 0 37.56 1 30.49194335 -88.21227264 0.05 67.76 40.90 359.06 8.06 -1.81 -0.01 0.02 0.01 939 0 0 90 90 0.00 
17 3 31 18 11 0 37.66 1 30.49194335 -88.21227264 0.05 67.76 40.90 359.19 8.06 -1.88 0.02 0.00 -0.04 939 0 0 90 90 0.00 
17 3 31 18 11 0 37.76 1 30.49194335 -88.21227264 0.05 67.76 40.90 359.25 8.06 -1.88 -0.00 0.00 0.03 937 0 0 90 90 0.00 
17 3 31 18 11 0 37.86 1 30.49194335 -88.21227264 0.05 67.76 40.90 359.13 8.06 -1.81 -0.01 -0.00 -0.00 937 0 0 90 90 0.00 
17 3 31 18 11 0 37.96 1 30.49194335 -88.21227264 0.05 67.76 40.90 359.19 8.06 -1.88 0.00 0.01 0.00 937 0 0 90 90 0.00 
17 3 31 18 11 0 38.06 1 30.49194335 -88.21227264 0.05 67.76 40.90 359.13 8.00 -1.88 -0.00 0.00 -0.01 937 0 0 90 90 0.00 
17 3 31 18 11 2 38.16 1 30.49194335 -88.21227264 0.05 67.76 40.90 359.25 8.00 -1.94 0.00 -0.00 -0.01 938 0 0 90 90 0.00 
17 3 31 18 11 2 38.26 1 30.49194335 -88.21227264 0.05 66.78 40.90 359.25 8.00 -1.94 -0.01 0.01 -0.00 939 0 0 90 90 0.00 
17 3 31 18 11 2 38.36 1 30.49194335 -88.21227264 0.05 66.78 40.90 359.25 8.00 -1.94 -0.01 -0.00 -0.01 939 0 0 90 90 0.00 
17 3 31 18 11 2 38.46 1 30.49194335 -88.21227264 0.05 66.78 40.90 359.25 8.00 -1.94 -0.01 0.01 0.00 939 0 0 90 90 0.00 
17 3 31 18 11 2 38.56 1 30.49194335 -88.21227264 0.05 66.78 40.90 359.25 8.00 -1.94 0.00 -0.00 -0.00 938 0 0 90 90 0.00 
17 3 31 18 11 2 38.66 1 30.49194335 -88.21227264 0.05 66.78 40.90 359.25 8.00 -1.94 -0.01 0.01 -0.00 938 0 0 90 90 0.00 
17 3 31 18 11 2 38.77 1 30.49194335 -88.21227264 0.05 66.78 40.90 359.25 8.00 -1.94 -0.00 0.00 0.01 938 0 0 90 90 0.00 
17 3 31 18 11 2 38.87 1 30.49194335 -88.21227264 0.05 66.78 40.90 359.19 8.00 -1.94 0.00 0.00 0.00 938 0 0 90 90 0.00 
17 3 31 18 11 2 38.97 1 30.49194335 -88.21227264 0.05 66.78 40.90 359.19 8.00 -1.94 0.01 0.01 0.01 938 0 0 90 90 0.00 
17 3 31 18 11 2 39.07 1 30.49194335 -88.21227264 0.05 66.78 40.90 359.13 8.00 -1.88 -0.00 0.00 0.03 938 0 0 90 90 0.00 
17 3 31 18 11 3 39.17 1 30.49194335 -88.21227264 0.05 66.78 40.90 359.13 8.00 -1.88 0.03 -0.01 -0.06 938 0 0 90 90 0.00 
17 3 31 18 11 3 39.27 1 30.49194335 -88.21227264 0.04 61.62 40.90 359.38 8.00 -1.94 0.00 0.01 0.02 937 0 0 90 90 0.00 
17 3 31 18 11 3 39.37 1 30.49194335 -88.21227264 0.04 61.62 40.90 359.13 8.00 -1.81 -0.01 -0.00 0.00 938 0 0 90 90 0.00 
17 3 31 18 11 3 39.47 1 30.49194335 -88.21227264 0.04 61.62 40.90 359.38 8.00 -1.88 0.01 -0.00 -0.04 937 0 0 90 90 0.00 
17 3 31 18 11 3 39.57 1 30.49194335 -88.21227264 0.04 61.62 40.90 359.25 8.00 -1.94 -0.01 0.02 0.05 937 0 0 90 90 0.00 
17 3 31 18 11 3 39.67 1 30.49194335 -88.21227264 0.04 61.62 40.90 359.19 8.00 -1.88 0.01 0.00 -0.04 936 0 0 90 90 0.00 
17 3 31 18 11 3 39.77 1 30.49194335 -88.21227264 0.04 61.62 40.90 359.38 8.00 -1.94 -0.01 -0.01 0.03 936 0 0 90 90 0.00 
17 3 31 18 11 3 39.87 1 30.49194335 -88.21227264 0.04 61.62 40.90 359.13 8.00 -1.88 -0.01 -0.01 0.01 936 0 0 90 90 0.00 
17 3 31 18 11 3 39.97 1 30.49194335 -88.21227264 0.04 61.62 40.90 359.25 8.00 -1.94 0.00 -0.02 -0.03 936 0 0 90 90 0.00 
17 3 31 18 11 3 40.07 1 30.49194335 -88.21227264 0.04 61.62 40.90 359.25 7.94 -1.94 -0.01 0.01 0.03 937 0 0 90 90 0.00 
17 3 31 18 11 4 40.17 1 30.49194335 -88.21227264 0.04 61.62 40.80 359.25 8.00 -1.88 0.00 0.00 -0.02 937 0 0 90 90 0.00 
17 3 31 18 11 4 40.28 1 30.49194335 -88.21227264 0.04 94.70 40.80 359.31 8.00 -1.94 -0.03 -0.01 0.01 937 0 0 90 90 0.00 
17 3 31 18 11 4 40.38 1 30.49194335 -88.21227264 0.04 94.70 40.80 359.19 8.00 -1.88 -0.01 -0.01 0.01 936 0 0 90 90 0.00 
17 3 31 18 11 4 40.48 1 30.49194335 -88.21227264 0.04 94.70 40.80 359.31 7.94 -1.94 -0.01 -0.01 -0.02 936 0 0 90 90 0.00 
17 3 31 18 11 4 40.58 1 30.49194335 -88.21227264 0.04 94.70 40.80 359.19 7.94 -1.88 -0.01 0.02 0.03 936 0 0 90 90 0.00 
17 3 31 18 11 4 40.68 1 30.49194335 -88.21227264 0.04 94.70 40.80 359.19 7.94 -1.88 0.01 0.00 -0.03 936 0 0 90 90 0.00 
17 3 31 18 11 4 40.78 1 30.49194335 -88.21227264 0.04 94.70 40.80 359.31 7.94 -1.94 -0.01 0.01 0.00 935 0 0 90 90 0.00 
17 3 31 18 11 4 40.88 1 30.49194335 -88.21227264 0.04 94.70 40.80 359.25 7.94 -1.88 -0.01 0.01 0.00 936 0 0 90 90 0.00 
17 3 31 18 11 4 40.98 1 30.49194335 -88.21227264 0.04 94.70 40.80 359.31 7.94 -1.88 0.00 -0.00 -0.01 935 0 0 90 90 0.00 
17 3 31 18 11 4 41.08 1 30.49194335 -88.21227264 0.04 94.70 40.80 359.25 7.94 -1.88 -0.01 0.01 0.01 936 0 0 90 90 0.00 
17 3 31 18 11 4 41.18 1 30.49194335 -88.21225738 0.04 94.70 40.80 359.25 7.94 -1.94 0.00 -0.01 -0.02 936 0 0 90 90 0.00 
17 3 31 18 11 4 41.28 1 30.49194335 -88.21225738 0.03 70.13 40.80 359.38 7.94 -2.00 0.00 -0.00 -0.01 937 0 0 90 90 0.00 
17 3 31 18 11 4 41.38 1 30.49194335 -88.21225738 0.03 70.13 40.80 359.25 7.94 -1.94 -0.01 0.01 0.02 936 0 0 90 90 0.00 
17 3 31 18 11 4 41.48 1 30.49194335 -88.21225738 0.03 70.13 40.80 359.31 7.94 -1.94 -0.00 -0.00 -0.02 936 0 0 90 90 0.00 
17 3 31 18 11 4 41.58 1 30.49194335 -88.21225738 0.03 70.13 40.80 359.38 7.94 -2.00 -0.00 0.00 0.01 937 0 0 90 90 0.00 
17 3 31 18 11 4 41.69 1 30.49194335 -88.21225738 0.03 70.13 40.80 359.25 7.94 -1.94 -0.00 0.00 0.01 936 0 0 90 90 0.00 
17 3 31 18 11 4 41.79 1 30.49194335 -88.21225738 0.03 70.13 40.80 359.31 7.94 -2.00 -0.00 -0.00 -0.01 935 0 0 90 90 0.00 
17 3 31 18 11 4 41.89 1 30.49194335 -88.21225738 0.03 70.13 40.80 359.31 7.94 -2.00 -0.01 -0.01 -0.00 935 0 0 90 90 0.00 
17 3 31 18 11 4 41.99 1 30.49194335 -88.21225738 0.03 70.13 40.80 359.31 7.94 -2.00 -0.01 0.00 -0.00 934 0 0 90 90 0.00 
17 3 31 18 11 4 42.09 1 30.49194335 -88.21225738 0.03 70.13 40.80 359.31 7.94 -2.00 -0.00 0.00 -0.00 935 0 0 90 90 0.00 
17 3 31 18 11 6 42.19 1 30.49194335 -88.21225738 0.03 70.13 40.80 359.31 7.94 -2.00 -0.00 0.00 -0.00 936 0 0 90 90 0.00 
17 3 31 18 11 6 42.29 1 30.49194335 -88.21225738 0.07 84.36 40.80 359.31 7.94 -2.00 0.00 0.00 -0.01 937 0 0 90 90 0.00 
17 3 31 18 11 6 42.39 1 30.49194335 -88.21225738 0.07 84.36 40.80 359.31 7.94 -2.00 -0.01 0.00 -0.00 937 0 0 90 90 0.00 
17 3 31 18 11 6 42.49 1 30.49194335 -88.21225738 0.07 84.36 40.80 359.31 7.94 -2.00 -0.00 -0.00 0.00 937 0 0 90 90 0.00 
17 3 31 18 11 6 42.59 1 30.49194335 -88.21225738 0.07 84.36 40.80 359.31 7.94 -2.00 -0.01 -0.01 0.00 936 0 0 90 90 0.00 
17 3 31 18 11 6 42.69 1 30.49194335 -88.21225738 0.07 84.36 40.80 359.31 7.94 -2.00 0.00 0.00 -0.01 936 0 0 90 90 0.00 
17 3 31 18 11 6 42.79 1 30.49194335 -88.21225738 0.07 84.36 40.80 359.31 7.94 -2.00 -0.00 0.00 0.00 935 0 0 90 90 0.00 
17 3 31 18 11 6 42.89 1 30.49194335 -88.21225738 0.07 84.36 40.80 359.31 7.94 -2.00 0.00 0.00 -0.01 936 0 0 90 90 0.00 
17 3 31 18 11 6 42.99 1 30.49194335 -88.21225738 0.07 84.36 40.80 359.31 7.94 -2.00 -0.01 -0.00 0.00 936 0 0 90 90 0.00 
17 3 31 18 11 6 43.09 1 30.49194335 -88.21225738 0.07 84.36 40.80 359.31 7.94 -2.00 0.00 0.00 0.00 936 0 0 90 90 0.00 
17 3 31 18 11 7 43.20 1 30.49194335 -88.21225738 0.07 84.36 40.80 359.31 7.94 -2.00 -0.00 0.00 -0.00 934 0 0 90 90 0.00 
17 3 31 18 11 7 43.30 1 30.49194335 -88.21225738 0.02 302.75 40.80 359.31 7.94 -2.00 -0.00 0.00 0.00 934 0 0 90 90 0.00 
17 3 31 18 11 7 43.40 1 30.49194335 -88.21225738 0.02 302.75 40.80 359.31 7.94 -2.00 -0.01 0.00 0.00 936 0 0 90 90 0.00 
17 3 31 18 11 7 43.50 1 30.49194335 -88.21225738 0.02 302.75 40.80 359.31 7.94 -2.00 -0.00 -0.00 -0.01 936 0 0 90 90 0.00 
17 3 31 18 11 7 43.60 1 30.49194335 -88.21225738 0.02 302.75 40.80 359.31 7.94 -1.94 -0.01 0.01 0.01 936 0 0 90 90 0.00 
17 3 31 18 11 7 43.70 1 30.49194335 -88.21225738 0.02 302.75 40.80 359.31 7.94 -1.94 0.00 0.00 0.00 937 0 0 90 90 0.00 
17 3 31 18 11 7 43.80 1 30.49194335 -88.21225738 0.02 302.75 40.80 359.31 7.88 -1.94 -0.02 -0.00 -0.01 937 0 0 90 90 0.00 
17 3 31 18 11 7 43.90 1 30.49194335 -88.21225738 0.02 302.75 40.80 359.38 7.88 -1.94 -0.00 -0.01 -0.00 936 0 0 90 90 0.00 
17 3 31 18 11 7 44.00 1 30.49194335 -88.21225738 0.02 302.75 40.80 359.31 7.88 -1.94 -0.01 -0.00 0.01 935 0 0 90 90 0.00 
17 3 31 18 11 7 44.10 1 30.49194335 -88.21225738 0.02 302.75 40.80 359.31 7.88 -1.94 0.00 0.01 -0.01 934 0 0 90 90 0.00 
17 3 31 18 11 8 44.20 1 30.49194335 -88.21225738 0.02 94.96 40.70 359.31 7.88 -1.94 -0.00 0.00 0.01 931 0 0 90 90 0.00 
17 3 31 18 11 8 44.30 1 30.49194335 -88.21225738 0.02 94.96 40.70 359.31 7.88 -1.94 0.00 -0.00 -0.01 931 0 0 90 90 0.00 
17 3 31 18 11 8 44.40 1 30.49194335 -88.21225738 0.02 94.96 40.70 359.38 7.88 -2.00 0.01 0.01 0.00 935 0 0 90 90 0.00 
17 3 31 18 11 8 44.50 1 30.49194335 -88.21225738 0.02 94.96 40.70 359.38 7.88 -2.00 -0.00 0.00 0.00 937 0 0 90 90 0.00 
17 3 31 18 11 8 44.61 1 30.49194335 -88.21225738 0.02 94.96 40.70 359.44 7.88 -2.00 0.00 -0.00 -0.01 934 0 0 90 90 0.00 
17 3 31 18 11 8 44.71 1 30.49194335 -88.21225738 0.02 94.96 40.70 359.31 7.88 -2.00 -0.01 0.01 0.02 931 0 0 90 90 0.00 
17 3 31 18 11 8 44.81 1 30.49194335 -88.21225738 0.02 94.96 40.70 359.38 7.88 -2.00 0.01 0.00 -0.02 931 0 0 90 90 0.00 
17 3 31 18 11 8 44.91 1 30.49194335 -88.21225738 0.02 94.96 40.70 359.38 7.88 -2.00 -0.01 0.01 0.01 931 0 0 90 90 0.00 
17 3 31 18 11 8 45.01 1 30.49194335 -88.21225738 0.02 94.96 40.70 359.31 7.88 -2.00 -0.00 0.00 0.00 935 0 0 90 90 0.00 
17 3 31 18 11 8 45.11 1 30.49194335 -88.21225738 0.02 94.96 40.70 359.44 7.88 -2.00 0.01 0.00 -0.02 941 0 0 90 90 0.00 
17 3 31 18 11 8 45.21 1 30.49194335 -88.21225738 0.07 329.85 40.70 359.38 7.88 -2.00 0.00 0.01 0.03 940 0 0 90 90 0.00 
17 3 31 18 11 8 45.31 1 30.49194335 -88.21225738 0.07 329.85 40.70 359.31 7.88 -2.00 0.00 0.01 -0.00 940 0 0 90 90 0.00 
17 3 31 18 11 8 45.41 1 30.49194335 -88.21225738 0.07 329.85 40.70 359.44 7.88 -2.06 0.01 0.01 -0.02 940 0 0 90 90 0.00 
17 3 31 18 11 8 45.51 1 30.49194335 -88.21225738 0.07 329.85 40.70 359.31 7.88 -2.00 -0.00 0.01 0.04 940 0 0 90 90 0.00 
17 3 31 18 11 8 45.61 1 30.49194335 -88.21225738 0.07 329.85 40.70 359.31 7.88 -2.00 0.02 -0.01 -0.03 941 0 0 90 90 0.00 
17 3 31 18 11 8 45.71 1 30.49194335 -88.21225738 0.07 329.85 40.70 359.38 7.88 -2.06 0.00 0.00 0.01 942 0 0 90 90 0.00 
17 3 31 18 11 8 45.81 1 30.49194335 -88.21225738 0.07 329.85 40.70 359.25 7.94 -2.00 0.00 0.01 0.01 942 0 0 90 90 0.00 
17 3 31 18 11 8 45.91 1 30.49194335 -88.21225738 0.07 329.85 40.70 359.31 7.88 -2.00 0.03 0.01 -0.02 942 0 0 90 90 0.00 
17 3 31 18 11 8 46.02 1 30.49194335 -88.21225738 0.07 329.85 40.70 359.19 7.88 -1.88 -0.01 0.01 0.01 943 0 0 90 90 0.00 
17 3 31 18 11 10 46.12 1 30.49194335 -88.21225738 0.07 329.85 40.70 359.31 7.94 -1.94 0.00 0.01 -0.03 943 0 0 90 90 0.00 
17 3 31 18 11 10 46.22 1 30.49194335 -88.21225738 0.08 293.81 40.70 359.31 8.00 -2.00 0.00 0.02 0.02 942 0 0 90 90 0.00 
17 3 31 18 11 10 46.33 1 30.49194335 -88.21225738 0.08 293.81 40.70 359.25 7.94 -1.94 -0.00 -0.00 -0.01 945 0 0 90 90 0.00 
17 3 31 18 11 10 46.45 1 30.49194335 -88.21225738 0.08 293.81 40.70 359.38 7.94 -1.94 0.00 0.00 -0.00 942 0 0 90 90 0.00 
17 3 31 18 11 10 46.56 1 30.49194335 -88.21225738 0.08 293.81 40.70 359.25 7.94 -1.94 -0.02 0.00 0.00 945 0 0 90 90 0.00 
17 3 31 18 11 10 46.68 1 30.49194335 -88.21225738 0.08 293.81 40.70 359.44 7.94 -1.94 0.00 -0.00 -0.03 944 0 0 90 90 0.00 
17 3 31 18 11 10 46.78 1 30.49194335 -88.21225738 0.08 293.81 40.70 359.38 7.94 -1.94 -0.01 0.00 0.03 938 0 0 90 90 0.00 
17 3 31 18 11 10 46.88 1 30.49194335 -88.21225738 0.08 293.81 40.70 359.44 7.94 -1.94 0.01 0.00 -0.03 938 0 0 90 90 0.00 
17 3 31 18 11 10 46.98 1 30.49194335 -88.21225738 0.08 293.81 40.70 359.44 8.00 -1.94 -0.00 0.00 0.03 937 0 0 90 90 0.00 
17 3 31 18 11 10 47.08 1 30.49194335 -88.21225738 0.08 293.81 40.70 359.38 8.00 -1.88 0.02 -0.00 -0.02 937 0 0 90 90 0.00 
17 3 31 18 11 11 47.18 1 30.49194335 -88.21225738 0.08 293.81 40.70 359.50 8.00 -1.94 0.00 0.01 0.00 938 0 0 90 90 0.00 
17 3 31 18 11 11 47.28 1 30.49194335 -88.21225738 0.16 305.08 40.70 359.38 8.00 -1.88 -0.00 0.01 0.01 939 0 0 90 90 0.00 
17 3 31 18 11 11 47.38 1 30.49194335 -88.21225738 0.16 305.08 40.70 359.44 8.00 -1.94 0.02 -0.01 -0.02 940 0 0 90 90 0.00 
17 3 31 18 11 11 47.48 1 30.49194335 -88.21225738 0.16 305.08 40.70 359.44 8.00 -1.88 -0.00 0.01 0.02 940 0 0 90 90 0.00 
17 3 31 18 11 11 47.58 1 30.49194335 -88.21225738 0.16 305.08 40.70 359.38 8.00 -1.88 0.01 0.00 -0.02 940 0 0 90 90 0.00 
17 3 31 18 11 11 47.68 1 30.49194335 -88.21225738 0.16 305.08 40.70 359.44 8.00 -1.88 -0.00 0.00 0.01 941 0 0 90 90 0.00 
17 3 31 18 11 11 47.78 1 30.49194335 -88.21225738 0.16 305.08 40.70 359.38 8.00 -1.88 0.01 0.02 0.00 940 0 0 90 90 0.00 
17 3 31 18 11 11 47.88 1 30.49194335 -88.21225738 0.16 305.08 40.70 359.50 8.00 -1.94 0.01 0.00 -0.01 940 0 0 90 90 0.00 
17 3 31 18 11 11 47.98 1 30.49194335 -88.21225738 0.16 305.08 40.70 359.44 8.00 -1.88 -0.01 0.00 0.02 936 0 0 90 90 0.00 
