0 0 0 0 0 0 2.86 0 0.00000000 0.00000000 0.00 0.00 0.00 359.94 8.56 -0.31 0.00 0.00 0.00 833 0 0 90 90 0.00 
0 0 0 0 0 0 2.97 0 0.00000000 0.00000000 0.00 0.00 0.00 359.94 8.56 -0.31 -0.00 0.00 0.00 880 0 0 90 90 180.00 
0 0 0 0 0 0 3.07 0 0.00000000 0.00000000 0.00 0.00 0.00 359.94 8.56 -0.31 0.00 0.01 0.00 904 0 0 90 90 180.00 
17 3 31 17 22 52 3.17 1 30.49194717 -88.21230316 0.37 65.08 0.00 359.94 8.56 -0.31 0.00 0.00 0.00 919 0 0 90 90 180.00 
17 3 31 17 22 52 3.27 1 30.49194717 -88.21230316 0.37 65.08 0.00 359.94 8.56 -0.31 0.00 -0.01 0.00 929 0 0 90 90 0.00 
17 3 31 17 22 52 3.37 1 30.49194717 -88.21230316 0.37 65.08 0.00 359.94 8.56 -0.31 -0.00 -0.01 0.00 934 0 0 90 90 0.00 
17 3 31 17 22 52 3.47 1 30.49194717 -88.21230316 0.37 65.08 0.00 359.94 8.56 -0.31 0.00 -0.00 -0.00 939 0 0 90 90 0.00 
17 3 31 17 22 52 3.57 1 30.49194717 -88.21230316 0.37 65.08 0.00 359.94 8.56 -0.31 -0.01 -0.00 0.00 943 0 0 90 90 0.00 
17 3 31 17 22 52 3.67 1 30.49194717 -88.21230316 0.37 65.08 0.00 359.94 8.56 -0.31 0.00 -0.00 0.00 946 0 0 90 90 180.00 
17 3 31 17 22 52 3.77 1 30.49194717 -88.21230316 0.37 65.08 0.00 359.94 8.56 -0.31 -0.00 0.00 0.00 947 0 0 90 90 0.00 
17 3 31 17 22 52 3.87 1 30.49194717 -88.21230316 0.37 65.08 0.00 359.94 8.56 -0.31 -0.00 0.00 -0.00 949 0 0 90 90 180.00 
17 3 31 17 22 52 3.97 1 30.49194717 -88.21230316 0.37 65.08 0.00 359.94 8.56 -0.31 -0.01 -0.00 0.00 949 0 0 90 90 0.00 
17 3 31 17 22 52 4.07 1 30.49194717 -88.21230316 0.37 65.08 0.00 359.94 8.56 -0.31 -0.00 0.01 0.00 950 0 0 90 90 0.00 
17 3 31 17 22 52 4.17 1 30.49194717 -88.21230316 0.14 299.14 39.70 359.94 8.56 -0.31 0.00 0.00 0.00 951 0 0 90 90 0.00 
17 3 31 17 22 52 4.27 1 30.49194717 -88.21230316 0.14 299.14 39.70 359.94 8.56 -0.31 -0.00 -0.00 0.00 952 0 0 90 90 180.00 
17 3 31 17 22 52 4.38 1 30.49194717 -88.21230316 0.14 299.14 39.70 359.94 8.56 -0.31 0.00 0.00 0.00 953 0 0 90 90 0.00 
17 3 31 17 22 52 4.48 1 30.49194717 -88.21230316 0.14 299.14 39.70 359.94 8.56 -0.31 -0.00 0.00 -0.00 953 0 0 90 90 180.00 
17 3 31 17 22 52 4.58 1 30.49194717 -88.21230316 0.14 299.14 39.70 359.94 8.56 -0.31 -0.00 0.00 0.00 954 0 0 90 90 0.00 
17 3 31 17 22 52 4.68 1 30.49194717 -88.21230316 0.14 299.14 39.70 359.94 8.56 -0.31 0.00 -0.00 0.00 953 0 0 90 90 0.00 
17 3 31 17 22 52 4.78 1 30.49194717 -88.21230316 0.14 299.14 39.70 359.94 8.56 -0.31 0.00 -0.00 0.00 953 0 0 90 90 0.00 
17 3 31 17 22 52 4.88 1 30.49194717 -88.21230316 0.14 299.14 39.70 359.94 8.56 -0.31 0.00 0.00 -0.01 953 0 0 90 90 0.00 
17 3 31 17 22 52 4.98 1 30.49194717 -88.21230316 0.14 299.14 39.70 359.94 8.56 -0.31 -0.00 0.00 0.01 952 0 0 90 90 180.00 
17 3 31 17 22 54 5.08 1 30.49195098 -88.21230316 0.14 299.14 38.80 359.94 8.56 -0.31 0.00 -0.00 0.01 952 0 0 90 90 0.00 
17 3 31 17 22 54 5.18 1 30.49195098 -88.21230316 0.14 290.84 38.80 359.94 8.56 -0.31 0.00 -0.00 0.00 953 0 0 90 90 180.00 
17 3 31 17 22 54 5.28 1 30.49195098 -88.21230316 0.14 290.84 38.80 359.94 8.56 -0.31 0.00 0.00 0.01 953 0 0 90 90 180.00 
17 3 31 17 22 54 5.38 1 30.49195098 -88.21230316 0.14 290.84 38.80 359.94 8.56 -0.31 0.00 -0.01 0.00 954 0 0 90 90 0.00 
17 3 31 17 22 54 5.48 1 30.49195098 -88.21230316 0.14 290.84 38.80 359.94 8.56 -0.31 0.00 0.00 -0.01 955 0 0 90 90 180.00 
17 3 31 17 22 54 5.59 1 30.49195098 -88.21230316 0.14 290.84 38.80 359.94 8.56 -0.31 0.00 0.00 -0.00 954 0 0 90 90 0.00 
17 3 31 17 22 54 5.69 1 30.49195098 -88.21230316 0.14 290.84 38.80 359.94 8.56 -0.31 -0.00 -0.00 -0.00 952 0 0 90 90 0.00 
17 3 31 17 22 54 5.79 1 30.49195098 -88.21230316 0.14 290.84 38.80 359.94 8.56 -0.31 -0.00 -0.00 -0.00 951 0 0 90 90 180.00 
17 3 31 17 22 54 5.89 1 30.49195098 -88.21230316 0.14 290.84 38.80 359.94 8.56 -0.31 0.00 0.01 -0.00 953 0 0 90 90 0.00 
17 3 31 17 22 54 5.99 1 30.49195098 -88.21230316 0.14 290.84 38.80 359.94 8.56 -0.31 -0.01 -0.00 0.00 952 0 0 90 90 180.00 
17 3 31 17 22 55 6.09 1 30.49195480 -88.21231842 0.14 290.84 37.90 359.94 8.56 -0.31 -0.00 -0.00 0.00 953 0 0 90 90 180.00 
17 3 31 17 22 55 6.19 1 30.49195480 -88.21231842 0.05 301.84 37.90 359.94 8.56 -0.31 0.00 -0.00 0.00 954 0 0 90 90 180.00 
17 3 31 17 22 55 6.29 1 30.49195480 -88.21231842 0.05 301.84 37.90 359.94 8.56 -0.31 0.00 0.00 0.00 953 0 0 90 90 180.00 
17 3 31 17 22 55 6.39 1 30.49195480 -88.21231842 0.05 301.84 37.90 359.94 8.56 -0.31 -0.00 -0.00 0.00 955 0 0 90 90 0.00 
17 3 31 17 22 55 6.49 1 30.49195480 -88.21231842 0.05 301.84 37.90 359.94 8.56 -0.31 0.00 -0.00 0.00 954 0 0 90 90 180.00 
17 3 31 17 22 55 6.59 1 30.49195480 -88.21231842 0.05 301.84 37.90 359.94 8.56 -0.31 -0.00 0.00 -0.00 954 0 0 90 90 0.00 
17 3 31 17 22 55 6.70 1 30.49195480 -88.21231842 0.05 301.84 37.90 359.94 8.56 -0.31 -0.00 0.00 -0.01 954 0 0 90 90 0.00 
17 3 31 17 22 55 6.80 1 30.49195480 -88.21231842 0.05 301.84 37.90 359.94 8.56 -0.31 0.00 -0.00 0.00 953 0 0 90 90 180.00 
17 3 31 17 22 55 6.90 1 30.49195480 -88.21231842 0.05 301.84 37.90 359.94 8.56 -0.31 -0.00 -0.00 -0.00 952 0 0 90 90 180.00 
17 3 31 17 22 55 7.00 1 30.49195480 -88.21231842 0.05 301.84 37.90 359.94 8.56 -0.31 0.00 -0.00 0.00 951 0 0 90 90 0.00 
17 3 31 17 22 56 7.10 1 30.49196052 -88.21231842 0.05 301.84 37.00 359.94 8.56 -0.31 -0.00 -0.00 0.00 951 0 0 90 90 180.00 
17 3 31 17 22 56 7.20 1 30.49196052 -88.21231842 0.04 301.07 37.00 359.94 8.56 -0.31 -0.00 -0.00 -0.00 952 0 0 90 90 180.00 
17 3 31 17 22 56 7.30 1 30.49196052 -88.21231842 0.04 301.07 37.00 359.94 8.56 -0.31 -0.00 0.00 0.00 952 0 0 90 90 0.00 
17 3 31 17 22 56 7.40 1 30.49196052 -88.21231842 0.04 301.07 37.00 359.94 8.56 -0.31 -0.00 -0.00 0.00 953 0 0 90 90 0.00 
17 3 31 17 22 56 7.50 1 30.49196052 -88.21231842 0.04 301.07 37.00 359.94 8.56 -0.31 0.00 0.00 0.00 954 0 0 90 90 180.00 
17 3 31 17 22 56 7.60 1 30.49196052 -88.21231842 0.04 301.07 37.00 359.94 8.56 -0.31 -0.00 -0.01 0.00 953 0 0 90 90 0.00 
17 3 31 17 22 56 7.70 1 30.49196052 -88.21231842 0.04 301.07 37.00 359.94 8.56 -0.31 -0.00 0.00 -0.00 953 0 0 90 90 0.00 
17 3 31 17 22 56 7.80 1 30.49196052 -88.21231842 0.04 301.07 37.00 359.94 8.56 -0.31 0.00 0.01 0.00 954 0 0 90 90 0.00 
17 3 31 17 22 56 7.91 1 30.49196052 -88.21231842 0.04 301.07 37.00 359.94 8.56 -0.31 -0.00 0.00 0.00 955 0 0 90 90 0.00 
17 3 31 17 22 56 8.01 1 30.49196052 -88.21231842 0.04 301.07 37.00 359.94 8.56 -0.31 -0.00 -0.01 0.00 952 0 0 90 90 0.00 
17 3 31 17 22 56 8.11 1 30.49196434 -88.21233367 0.04 301.07 35.80 359.94 8.56 -0.31 -0.00 0.00 0.00 952 0 0 90 90 0.00 
17 3 31 17 22 56 8.21 1 30.49196434 -88.21233367 0.01 275.49 35.80 359.94 8.56 -0.31 -0.00 0.01 0.00 953 0 0 90 90 180.00 
17 3 31 17 22 56 8.31 1 30.49196434 -88.21233367 0.01 275.49 35.80 359.94 8.56 -0.31 0.00 0.00 0.00 952 0 0 90 90 0.00 
17 3 31 17 22 56 8.41 1 30.49196434 -88.21233367 0.01 275.49 35.80 359.94 8.56 -0.31 -0.00 0.00 0.00 954 0 0 90 90 180.00 
17 3 31 17 22 56 8.51 1 30.49196434 -88.21233367 0.01 275.49 35.80 359.94 8.56 -0.31 0.00 0.00 -0.00 956 0 0 90 90 180.00 
17 3 31 17 22 56 8.61 1 30.49196434 -88.21233367 0.01 275.49 35.80 359.94 8.56 -0.31 -0.00 -0.00 0.00 956 0 0 90 90 0.00 
17 3 31 17 22 56 8.71 1 30.49196434 -88.21233367 0.01 275.49 35.80 359.94 8.56 -0.31 -0.00 0.00 0.00 954 0 0 90 90 0.00 
17 3 31 17 22 56 8.81 1 30.49196434 -88.21233367 0.01 275.49 35.80 359.94 8.56 -0.31 -0.00 -0.00 -0.00 954 0 0 90 90 180.00 
17 3 31 17 22 56 8.92 1 30.49196434 -88.21233367 0.01 275.49 35.80 359.94 8.56 -0.31 -0.00 0.00 0.00 955 0 0 90 90 180.00 
17 3 31 17 22 56 9.02 1 30.49196434 -88.21233367 0.01 275.49 35.80 359.94 8.56 -0.31 0.00 0.00 -0.00 954 0 0 90 90 0.00 
17 3 31 17 22 58 9.12 1 30.49196815 -88.21233367 0.01 275.49 35.10 359.94 8.56 -0.31 0.00 -0.00 0.00 954 0 0 90 90 0.00 
17 3 31 17 22 58 9.22 1 30.49196815 -88.21233367 0.05 286.77 35.10 359.94 8.56 -0.31 0.01 0.00 -0.00 954 0 0 90 90 0.00 
17 3 31 17 22 58 9.32 1 30.49196815 -88.21233367 0.05 286.77 35.10 359.94 8.56 -0.31 0.00 0.01 -0.00 955 0 0 90 90 180.00 
17 3 31 17 22 58 9.42 1 30.49196815 -88.21233367 0.05 286.77 35.10 359.94 8.56 -0.31 -0.00 -0.00 0.01 955 0 0 90 90 0.00 
17 3 31 17 22 58 9.52 1 30.49196815 -88.21233367 0.05 286.77 35.10 359.94 8.56 -0.31 -0.00 -0.00 -0.00 955 0 0 90 90 180.00 
17 3 31 17 22 58 9.62 1 30.49196815 -88.21233367 0.05 286.77 35.10 359.94 8.56 -0.31 -0.00 -0.01 0.00 954 0 0 90 90 180.00 
17 3 31 17 22 58 9.72 1 30.49196815 -88.21233367 0.05 286.77 35.10 359.94 8.56 -0.31 -0.00 0.00 0.00 954 0 0 90 90 0.00 
17 3 31 17 22 58 9.82 1 30.49196815 -88.21233367 0.05 286.77 35.10 359.94 8.56 -0.31 0.00 0.00 0.00 954 0 0 90 90 0.00 
17 3 31 17 22 58 9.93 1 30.49196815 -88.21233367 0.05 286.77 35.10 359.94 8.56 -0.31 0.00 0.01 -0.00 954 0 0 90 90 180.00 
17 3 31 17 22 58 10.03 1 30.49196815 -88.21233367 0.05 286.77 35.10 359.94 8.56 -0.31 0.00 0.00 -0.00 955 0 0 90 90 0.00 
17 3 31 17 22 59 10.13 1 30.49197196 -88.21235656 0.05 286.77 34.20 359.94 8.56 -0.25 0.01 0.00 0.00 954 0 0 90 90 180.00 
17 3 31 17 22 59 10.23 1 30.49197196 -88.21235656 0.02 55.41 34.20 359.94 8.56 -0.25 -0.00 -0.00 -0.00 956 0 0 90 90 180.00 
17 3 31 17 22 59 10.33 1 30.49197196 -88.21235656 0.02 55.41 34.20 359.94 8.56 -0.25 -0.01 -0.00 -0.00 955 0 0 90 90 0.00 
17 3 31 17 22 59 10.43 1 30.49197196 -88.21235656 0.02 55.41 34.20 359.94 8.56 -0.25 -0.00 0.00 -0.00 955 0 0 90 90 180.00 
17 3 31 17 22 59 10.53 1 30.49197196 -88.21235656 0.02 55.41 34.20 359.94 8.56 -0.25 0.00 0.01 -0.01 954 0 0 90 90 0.00 
17 3 31 17 22 59 10.63 1 30.49197196 -88.21235656 0.02 55.41 34.20 359.94 8.56 -0.25 0.00 0.00 0.00 955 0 0 90 90 180.00 
17 3 31 17 22 59 10.73 1 30.49197196 -88.21235656 0.02 55.41 34.20 359.94 8.56 -0.25 -0.00 0.00 0.00 955 0 0 90 90 180.00 
17 3 31 17 22 59 10.84 1 30.49197196 -88.21235656 0.02 55.41 34.20 359.94 8.56 -0.25 0.00 0.00 -0.01 955 0 0 90 90 180.00 
17 3 31 17 22 59 10.94 1 30.49197196 -88.21235656 0.02 55.41 34.20 359.94 8.56 -0.25 0.00 0.01 0.00 954 0 0 90 90 0.00 
17 3 31 17 22 59 11.04 1 30.49197196 -88.21235656 0.02 55.41 34.20 359.94 8.56 -0.25 0.00 -0.01 -0.00 955 0 0 90 90 180.00 
17 3 31 17 23 0 11.14 1 30.49197196 -88.21235656 0.00 275.93 33.90 359.94 8.56 -0.25 0.00 0.00 -0.01 956 0 0 90 90 180.00 
17 3 31 17 23 0 11.24 1 30.49197196 -88.21235656 0.00 275.93 33.90 359.94 8.56 -0.25 -0.01 -0.00 0.00 955 0 0 90 90 180.00 
17 3 31 17 23 0 11.34 1 30.49197196 -88.21235656 0.00 275.93 33.90 359.94 8.56 -0.25 -0.01 -0.00 0.00 955 0 0 90 90 180.00 
17 3 31 17 23 0 11.44 1 30.49197196 -88.21235656 0.00 275.93 33.90 359.94 8.56 -0.31 -0.00 0.01 0.00 955 0 0 90 90 0.00 
17 3 31 17 23 0 11.54 1 30.49197196 -88.21235656 0.00 275.93 33.90 359.94 8.56 -0.25 0.01 0.00 0.00 954 0 0 90 90 0.00 
17 3 31 17 23 0 11.64 1 30.49197196 -88.21235656 0.00 275.93 33.90 359.94 8.56 -0.25 0.01 0.00 0.01 954 0 0 90 90 180.00 
17 3 31 17 23 0 11.74 1 30.49197196 -88.21235656 0.00 275.93 33.90 359.94 8.56 -0.25 0.00 -0.00 0.00 954 0 0 90 90 180.00 
17 3 31 17 23 0 11.85 1 30.49197196 -88.21235656 0.00 275.93 33.90 359.94 8.56 -0.25 -0.00 0.00 -0.01 954 0 0 90 90 0.00 
17 3 31 17 23 0 11.95 1 30.49197196 -88.21235656 0.00 275.93 33.90 0.00 8.56 -0.25 -0.00 -0.01 0.01 956 0 0 90 90 0.00 
17 3 31 17 23 0 12.05 1 30.49197196 -88.21235656 0.00 275.93 33.90 359.94 8.56 -0.25 0.00 0.00 0.01 955 0 0 90 90 0.00 
17 3 31 17 23 0 12.15 1 30.49197196 -88.21235656 0.02 4.06 33.60 0.00 8.56 -0.25 -0.02 0.00 -0.01 955 0 0 90 90 0.00 
17 3 31 17 23 0 12.25 1 30.49197196 -88.21235656 0.02 4.06 33.60 0.06 8.56 -0.25 -0.01 0.00 0.01 954 0 0 90 90 180.00 
17 3 31 17 23 0 12.35 1 30.49197196 -88.21235656 0.02 4.06 33.60 0.00 8.56 -0.25 -0.00 0.00 0.01 955 0 0 90 90 180.00 
17 3 31 17 23 0 12.45 1 30.49197196 -88.21235656 0.02 4.06 33.60 0.00 8.56 -0.25 -0.01 0.01 -0.00 953 0 0 90 90 0.00 
17 3 31 17 23 0 12.55 1 30.49197196 -88.21235656 0.02 4.06 33.60 359.94 8.56 -0.25 -0.00 0.00 0.03 954 0 0 90 90 0.00 
17 3 31 17 23 0 12.65 1 30.49197196 -88.21235656 0.02 4.06 33.60 359.88 8.56 -0.25 0.00 -0.00 -0.01 954 0 0 90 90 180.00 
17 3 31 17 23 0 12.76 1 30.49197196 -88.21235656 0.02 4.06 33.60 359.94 8.56 -0.25 0.01 -0.00 -0.00 957 0 0 90 90 180.00 
17 3 31 17 23 0 12.86 1 30.49197196 -88.21235656 0.02 4.06 33.60 359.88 8.56 -0.25 0.01 0.00 0.01 959 0 0 90 90 0.00 
17 3 31 17 23 0 12.96 1 30.49197196 -88.21235656 0.02 4.06 33.60 359.88 8.56 -0.25 -0.00 0.00 -0.01 959 0 0 90 90 0.00 
