0 0 0 0 0 0 2.88 0 0.00000000 0.00000000 0.00 0.00 0.00 0.00 8.38 -1.69 0.01 0.01 0.00 832 0 0 90 90 0.00 
0 0 0 0 0 0 2.98 0 0.00000000 0.00000000 0.00 0.00 0.00 0.00 8.38 -1.69 0.00 -0.01 -0.00 864 0 0 90 90 0.00 
0 0 0 18 10 19 3.08 0 30.00491905 0.00000000 0.00 0.00 0.00 0.00 8.38 -1.69 0.00 0.01 0.01 875 0 0 90 90 0.00 
0 0 0 18 10 19 3.18 0 30.00491905 0.00000000 0.00 0.00 0.00 0.00 8.38 -1.69 0.01 -0.00 -0.02 885 0 0 90 90 0.00 
0 0 0 18 10 19 3.28 0 30.00491905 0.00000000 0.00 0.00 0.00 0.00 8.38 -1.69 -0.01 -0.00 0.01 893 0 0 90 90 0.00 
0 0 0 18 10 19 3.38 0 30.00491905 0.00000000 0.00 0.00 0.00 0.06 8.38 -1.69 0.01 -0.00 -0.01 897 0 0 90 90 0.00 
0 0 0 18 10 19 3.48 0 30.00491905 0.00000000 0.00 0.00 0.00 0.06 8.38 -1.69 -0.00 0.00 0.01 903 0 0 90 90 0.00 
0 0 0 18 10 19 3.58 0 30.00491905 0.00000000 0.00 0.00 0.00 0.00 8.38 -1.69 -0.00 0.00 0.01 908 0 0 90 90 0.00 
0 0 0 18 10 19 3.68 0 30.00491905 0.00000000 0.00 0.00 0.00 0.06 8.38 -1.69 0.00 -0.01 -0.02 912 0 0 90 90 0.00 
0 0 0 18 10 19 3.78 0 30.00491905 0.00000000 0.00 0.00 0.00 0.06 8.38 -1.69 -0.01 0.01 0.01 917 0 0 90 90 0.00 
0 0 0 18 10 19 3.88 0 30.00491905 0.00000000 0.00 0.00 0.00 0.06 8.38 -1.69 0.01 -0.00 -0.01 920 0 0 90 90 0.00 
0 0 0 18 10 19 3.98 0 30.00491905 0.00000000 0.00 0.00 0.00 0.12 8.38 -1.69 0.00 0.00 0.00 924 0 0 90 90 0.00 
17 3 31 18 10 20 4.08 1 30.49193954 -88.21225738 0.05 114.99 40.70 0.06 8.38 -1.69 0.00 0.00 0.01 925 0 0 90 90 0.00 
17 3 31 18 10 20 4.19 1 30.49193954 -88.21225738 0.05 114.99 40.70 0.12 8.38 -1.69 0.01 -0.00 -0.01 927 0 0 90 90 0.00 
17 3 31 18 10 20 4.29 1 30.49193954 -88.21225738 0.05 114.99 40.70 0.12 8.38 -1.69 -0.00 -0.00 0.01 925 0 0 90 90 0.00 
17 3 31 18 10 20 4.39 1 30.49193954 -88.21225738 0.05 114.99 40.70 0.06 8.38 -1.69 0.01 0.00 -0.01 926 0 0 90 90 0.00 
17 3 31 18 10 20 4.49 1 30.49193954 -88.21225738 0.05 114.99 40.70 0.12 8.31 -1.69 0.00 0.00 0.00 925 0 0 90 90 0.00 
17 3 31 18 10 20 4.59 1 30.49193954 -88.21225738 0.05 114.99 40.70 0.06 8.31 -1.69 0.00 -0.00 0.01 931 0 0 90 90 0.00 
17 3 31 18 10 20 4.69 1 30.49193954 -88.21225738 0.05 114.99 40.70 0.12 8.31 -1.69 0.00 0.00 -0.02 941 0 0 90 90 0.00 
17 3 31 18 10 20 4.79 1 30.49193954 -88.21225738 0.05 114.99 40.70 0.12 8.31 -1.69 -0.01 -0.00 0.01 948 0 0 90 90 0.00 
17 3 31 18 10 20 4.89 1 30.49193954 -88.21225738 0.05 114.99 40.70 0.12 8.31 -1.69 -0.01 0.00 -0.01 952 0 0 90 90 0.00 
17 3 31 18 10 22 4.99 1 30.49193954 -88.21225738 0.05 114.99 40.70 0.12 8.31 -1.69 -0.00 0.00 -0.00 951 0 0 90 90 0.00 
17 3 31 18 10 22 5.09 1 30.49193954 -88.21225738 0.06 51.77 40.70 0.12 8.31 -1.69 0.00 0.00 0.01 954 0 0 90 90 0.00 
17 3 31 18 10 22 5.19 1 30.49193954 -88.21225738 0.06 51.77 40.70 0.12 8.31 -1.69 0.01 -0.00 -0.01 950 0 0 90 90 0.00 
17 3 31 18 10 22 5.29 1 30.49193954 -88.21225738 0.06 51.77 40.70 0.12 8.31 -1.69 0.00 0.01 0.01 948 0 0 90 90 0.00 
17 3 31 18 10 22 5.40 1 30.49193954 -88.21225738 0.06 51.77 40.70 0.12 8.31 -1.69 0.00 0.01 -0.00 945 0 0 90 90 0.00 
17 3 31 18 10 22 5.50 1 30.49193954 -88.21225738 0.06 51.77 40.70 0.12 8.31 -1.69 -0.01 -0.01 0.00 943 0 0 90 90 0.00 
17 3 31 18 10 22 5.60 1 30.49193954 -88.21225738 0.06 51.77 40.70 0.12 8.31 -1.69 0.00 0.01 -0.00 943 0 0 90 90 0.00 
17 3 31 18 10 22 5.70 1 30.49193954 -88.21225738 0.06 51.77 40.70 0.12 8.31 -1.69 -0.01 0.00 -0.00 945 0 0 90 90 0.00 
17 3 31 18 10 22 5.80 1 30.49193954 -88.21225738 0.06 51.77 40.70 0.12 8.31 -1.69 -0.00 -0.00 -0.00 948 0 0 90 90 0.00 
